81.0 25.0 64.0 94.0 28.0 
81.0 25.0 64.0 94.0 28.0 
81.0 25.0 64.0 94.0 28.0 
81.0 25.0 64.0 94.0 28.0 
81.0 25.0 64.0 94.0 28.0 
81.0 25.0 64.0 94.0 28.0 
81.0 25.0 64.0 94.0 28.0 
81.0 25.0 64.0 94.0 28.0 
81.0 25.0 64.0 94.0 28.0 
81.0 25.0 64.0 94.0 28.0 
81.0 25.0 64.0 94.0 28.0 
81.0 25.0 64.0 94.0 28.0 
81.0 25.0 64.0 94.0 28.0 
81.0 25.0 64.0 94.0 28.0 
81.0 25.0 64.0 94.0 28.0 
81.0 25.0 64.0 94.0 28.0 
81.0 25.0 64.0 94.0 28.0 
81.0 25.0 64.0 94.0 28.0 
81.0 25.0 64.0 94.0 28.0 
81.0 25.0 64.0 94.0 28.0 
81.0 25.0 64.0 94.0 28.0 
81.0 25.0 64.0 94.0 28.0 
81.0 25.0 64.0 94.0 28.0 
81.0 25.0 64.0 94.0 28.0 
81.0 25.0 64.0 94.0 28.0 
81.0 25.0 64.0 94.0 28.0 
81.0 25.0 64.0 94.0 28.0 
81.0 25.0 64.0 94.0 28.0 
81.0 25.0 64.0 94.0 28.0 
81.0 25.0 64.0 94.0 28.0 
81.0 25.0 64.0 94.0 28.0 
81.0 25.0 64.0 94.0 28.0 
81.0 25.0 64.0 94.0 28.0 
81.0 25.0 64.0 94.0 28.0 
81.0 25.0 64.0 94.0 28.0 
81.0 25.0 64.0 94.0 28.0 
81.0 25.0 64.0 94.0 28.0 
81.0 25.0 64.0 94.0 28.0 
81.0 25.0 64.0 94.0 28.0 
81.0 25.0 64.0 94.0 28.0 
81.0 25.0 64.0 94.0 28.0 
81.0 25.0 64.0 94.0 28.0 
81.0 25.0 64.0 94.0 28.0 
81.0 25.0 64.0 94.0 28.0 
81.0 25.0 64.0 94.0 28.0 
81.0 25.0 64.0 94.0 28.0 
81.0 25.0 64.0 94.0 28.0 
81.0 25.0 64.0 94.0 28.0 
81.0 25.0 64.0 94.0 28.0 
81.0 25.0 64.0 94.0 28.0 
81.0 25.0 64.0 94.0 28.0 
81.0 25.0 64.0 94.0 28.0 
81.0 25.0 64.0 94.0 28.0 
81.0 25.0 64.0 94.0 28.0 
81.0 25.0 64.0 94.0 28.0 
81.0 25.0 64.0 94.0 28.0 
81.0 25.0 64.0 94.0 28.0 
77.0 35.0 54.0 67.0 59.0 
77.0 35.0 54.0 67.0 59.0 
77.0 35.0 54.0 67.0 59.0 
31.0 14.0 14.0 83.0 21.0 
31.0 14.0 14.0 83.0 21.0 
31.0 14.0 14.0 83.0 21.0 
31.0 14.0 14.0 83.0 21.0 
31.0 14.0 14.0 83.0 21.0 
31.0 14.0 14.0 83.0 21.0 
31.0 14.0 14.0 83.0 21.0 
31.0 14.0 14.0 83.0 21.0 
31.0 14.0 14.0 83.0 21.0 
31.0 14.0 14.0 83.0 21.0 
31.0 14.0 14.0 83.0 21.0 
31.0 14.0 14.0 83.0 21.0 
31.0 14.0 14.0 83.0 21.0 
59.0 85.0 87.0 28.0 32.0 
59.0 85.0 87.0 28.0 32.0 
59.0 85.0 87.0 28.0 32.0 
59.0 85.0 87.0 28.0 32.0 
59.0 85.0 87.0 28.0 32.0 
59.0 85.0 87.0 28.0 32.0 
59.0 85.0 87.0 28.0 32.0 
59.0 85.0 87.0 28.0 32.0 
73.0 59.0 73.0 84.0 36.0 
73.0 59.0 73.0 84.0 36.0 
73.0 59.0 73.0 84.0 36.0 
73.0 59.0 73.0 84.0 36.0 
73.0 59.0 73.0 84.0 36.0 
73.0 59.0 73.0 84.0 36.0 
73.0 59.0 73.0 84.0 36.0 
73.0 59.0 73.0 84.0 36.0 
19.0 85.0 70.0 61.0 64.0 
19.0 85.0 70.0 61.0 64.0 
19.0 85.0 70.0 61.0 64.0 
19.0 85.0 70.0 61.0 64.0 
19.0 85.0 70.0 61.0 64.0 
19.0 85.0 70.0 61.0 64.0 
19.0 85.0 70.0 61.0 64.0 
19.0 85.0 70.0 61.0 64.0 
19.0 85.0 70.0 61.0 64.0 
19.0 85.0 70.0 61.0 64.0 
19.0 85.0 70.0 61.0 64.0 
