44.0 70.0 12.0 
44.0 70.0 12.0 
44.0 70.0 12.0 
44.0 70.0 12.0 
44.0 70.0 12.0 
44.0 70.0 12.0 
44.0 70.0 12.0 
44.0 70.0 12.0 
44.0 70.0 12.0 
44.0 70.0 12.0 
44.0 70.0 12.0 
44.0 70.0 12.0 
44.0 70.0 12.0 
44.0 70.0 12.0 
44.0 70.0 12.0 
44.0 70.0 12.0 
44.0 70.0 12.0 
44.0 70.0 12.0 
44.0 70.0 12.0 
44.0 70.0 12.0 
44.0 70.0 12.0 
44.0 70.0 12.0 
44.0 70.0 12.0 
44.0 70.0 12.0 
44.0 70.0 12.0 
44.0 70.0 12.0 
44.0 70.0 12.0 
44.0 70.0 12.0 
44.0 70.0 12.0 
44.0 70.0 12.0 
44.0 70.0 12.0 
44.0 70.0 12.0 
44.0 70.0 12.0 
44.0 70.0 12.0 
44.0 70.0 12.0 
44.0 70.0 12.0 
44.0 70.0 12.0 
44.0 70.0 12.0 
44.0 70.0 12.0 
44.0 70.0 12.0 
44.0 70.0 12.0 
44.0 70.0 12.0 
44.0 70.0 12.0 
44.0 70.0 12.0 
44.0 70.0 12.0 
44.0 70.0 12.0 
44.0 70.0 12.0 
44.0 70.0 12.0 
44.0 70.0 12.0 
44.0 70.0 12.0 
44.0 70.0 12.0 
44.0 70.0 12.0 
44.0 70.0 12.0 
44.0 70.0 12.0 
44.0 70.0 12.0 
44.0 70.0 12.0 
44.0 70.0 12.0 
44.0 70.0 12.0 
44.0 70.0 12.0 
44.0 70.0 12.0 
44.0 70.0 12.0 
44.0 70.0 12.0 
44.0 70.0 12.0 
44.0 70.0 12.0 
44.0 70.0 12.0 
44.0 70.0 12.0 
46.0 66.0 17.0 
46.0 66.0 17.0 
46.0 66.0 17.0 
46.0 66.0 17.0 
46.0 66.0 17.0 
46.0 66.0 17.0 
46.0 66.0 17.0 
46.0 66.0 17.0 
46.0 66.0 17.0 
46.0 66.0 17.0 
46.0 66.0 17.0 
46.0 66.0 17.0 
46.0 66.0 17.0 
46.0 66.0 17.0 
46.0 66.0 17.0 
46.0 66.0 17.0 
46.0 66.0 17.0 
46.0 66.0 17.0 
46.0 66.0 17.0 
46.0 66.0 17.0 
46.0 66.0 17.0 
46.0 66.0 17.0 
46.0 66.0 17.0 
46.0 66.0 17.0 
46.0 66.0 17.0 
46.0 66.0 17.0 
46.0 66.0 17.0 
46.0 66.0 17.0 
28.0 21.0 81.0 
28.0 21.0 81.0 
74.0 52.0 44.0 
28.0 48.0 54.0 
18.0 47.0 30.0 
18.0 47.0 30.0 
