98.0 24.0 65.0 
98.0 24.0 65.0 
98.0 24.0 65.0 
98.0 24.0 65.0 
98.0 24.0 65.0 
98.0 24.0 65.0 
98.0 24.0 65.0 
98.0 24.0 65.0 
98.0 24.0 65.0 
98.0 24.0 65.0 
98.0 24.0 65.0 
98.0 24.0 65.0 
98.0 24.0 65.0 
98.0 24.0 65.0 
98.0 24.0 65.0 
98.0 24.0 65.0 
98.0 24.0 65.0 
98.0 24.0 65.0 
98.0 24.0 65.0 
98.0 24.0 65.0 
98.0 24.0 65.0 
98.0 24.0 65.0 
98.0 24.0 65.0 
98.0 24.0 65.0 
98.0 24.0 65.0 
98.0 24.0 65.0 
98.0 24.0 65.0 
98.0 24.0 65.0 
98.0 24.0 65.0 
98.0 24.0 65.0 
98.0 24.0 65.0 
98.0 24.0 65.0 
98.0 24.0 65.0 
98.0 24.0 65.0 
98.0 24.0 65.0 
98.0 24.0 65.0 
98.0 24.0 65.0 
98.0 24.0 65.0 
98.0 24.0 65.0 
98.0 24.0 65.0 
98.0 24.0 65.0 
98.0 24.0 65.0 
98.0 24.0 65.0 
98.0 24.0 65.0 
98.0 24.0 65.0 
98.0 24.0 65.0 
98.0 24.0 65.0 
98.0 24.0 65.0 
98.0 24.0 65.0 
98.0 24.0 65.0 
98.0 24.0 65.0 
98.0 24.0 65.0 
98.0 24.0 65.0 
98.0 24.0 65.0 
98.0 24.0 65.0 
98.0 24.0 65.0 
98.0 24.0 65.0 
98.0 24.0 65.0 
98.0 24.0 65.0 
98.0 24.0 65.0 
98.0 24.0 65.0 
98.0 24.0 65.0 
98.0 24.0 65.0 
98.0 24.0 65.0 
98.0 24.0 65.0 
98.0 24.0 65.0 
98.0 24.0 65.0 
98.0 24.0 65.0 
98.0 24.0 65.0 
98.0 24.0 65.0 
98.0 24.0 65.0 
98.0 24.0 65.0 
98.0 24.0 65.0 
98.0 24.0 65.0 
98.0 24.0 65.0 
98.0 24.0 65.0 
98.0 24.0 65.0 
98.0 24.0 65.0 
98.0 24.0 65.0 
98.0 24.0 65.0 
98.0 24.0 65.0 
98.0 24.0 65.0 
98.0 24.0 65.0 
98.0 24.0 65.0 
98.0 24.0 65.0 
98.0 24.0 65.0 
98.0 24.0 65.0 
98.0 24.0 65.0 
60.0 24.0 77.0 
60.0 24.0 77.0 
47.0 43.0 80.0 
47.0 43.0 80.0 
47.0 43.0 80.0 
47.0 43.0 80.0 
47.0 43.0 80.0 
35.0 36.0 33.0 
18.0 26.0 23.0 
62.0 69.0 20.0 
40.0 15.0 52.0 
40.0 15.0 52.0 
