78.0 12.0 36.0 69.0 95.0 
78.0 12.0 36.0 69.0 95.0 
78.0 12.0 36.0 69.0 95.0 
78.0 12.0 36.0 69.0 95.0 
78.0 12.0 36.0 69.0 95.0 
78.0 12.0 36.0 69.0 95.0 
78.0 12.0 36.0 69.0 95.0 
78.0 12.0 36.0 69.0 95.0 
78.0 12.0 36.0 69.0 95.0 
78.0 12.0 36.0 69.0 95.0 
78.0 12.0 36.0 69.0 95.0 
78.0 12.0 36.0 69.0 95.0 
78.0 12.0 36.0 69.0 95.0 
78.0 12.0 36.0 69.0 95.0 
78.0 12.0 36.0 69.0 95.0 
78.0 12.0 36.0 69.0 95.0 
78.0 12.0 36.0 69.0 95.0 
78.0 12.0 36.0 69.0 95.0 
78.0 12.0 36.0 69.0 95.0 
78.0 12.0 36.0 69.0 95.0 
78.0 12.0 36.0 69.0 95.0 
78.0 12.0 36.0 69.0 95.0 
78.0 12.0 36.0 69.0 95.0 
78.0 12.0 36.0 69.0 95.0 
78.0 12.0 36.0 69.0 95.0 
78.0 12.0 36.0 69.0 95.0 
78.0 12.0 36.0 69.0 95.0 
78.0 12.0 36.0 69.0 95.0 
78.0 12.0 36.0 69.0 95.0 
78.0 12.0 36.0 69.0 95.0 
78.0 12.0 36.0 69.0 95.0 
78.0 12.0 36.0 69.0 95.0 
78.0 12.0 36.0 69.0 95.0 
78.0 12.0 36.0 69.0 95.0 
78.0 12.0 36.0 69.0 95.0 
78.0 12.0 36.0 69.0 95.0 
78.0 12.0 36.0 69.0 95.0 
78.0 12.0 36.0 69.0 95.0 
78.0 12.0 36.0 69.0 95.0 
78.0 12.0 36.0 69.0 95.0 
78.0 12.0 36.0 69.0 95.0 
78.0 12.0 36.0 69.0 95.0 
78.0 12.0 36.0 69.0 95.0 
78.0 12.0 36.0 69.0 95.0 
78.0 12.0 36.0 69.0 95.0 
78.0 12.0 36.0 69.0 95.0 
78.0 12.0 36.0 69.0 95.0 
78.0 12.0 36.0 69.0 95.0 
78.0 12.0 36.0 69.0 95.0 
78.0 12.0 36.0 69.0 95.0 
78.0 12.0 36.0 69.0 95.0 
78.0 12.0 36.0 69.0 95.0 
78.0 12.0 36.0 69.0 95.0 
78.0 12.0 36.0 69.0 95.0 
78.0 12.0 36.0 69.0 95.0 
78.0 12.0 36.0 69.0 95.0 
78.0 12.0 36.0 69.0 95.0 
78.0 12.0 36.0 69.0 95.0 
78.0 12.0 36.0 69.0 95.0 
70.0 33.0 12.0 94.0 59.0 
70.0 33.0 12.0 94.0 59.0 
70.0 33.0 12.0 94.0 59.0 
70.0 33.0 12.0 94.0 59.0 
70.0 33.0 12.0 94.0 59.0 
70.0 33.0 12.0 94.0 59.0 
70.0 33.0 12.0 94.0 59.0 
70.0 33.0 12.0 94.0 59.0 
70.0 33.0 12.0 94.0 59.0 
70.0 33.0 12.0 94.0 59.0 
70.0 33.0 12.0 94.0 59.0 
70.0 33.0 12.0 94.0 59.0 
70.0 33.0 12.0 94.0 59.0 
70.0 33.0 12.0 94.0 59.0 
70.0 33.0 12.0 94.0 59.0 
70.0 33.0 12.0 94.0 59.0 
70.0 33.0 12.0 94.0 59.0 
70.0 33.0 12.0 94.0 59.0 
70.0 33.0 12.0 94.0 59.0 
70.0 33.0 12.0 94.0 59.0 
70.0 33.0 12.0 94.0 59.0 
70.0 33.0 12.0 94.0 59.0 
70.0 33.0 12.0 94.0 59.0 
70.0 33.0 12.0 94.0 59.0 
70.0 33.0 12.0 94.0 59.0 
21.0 17.0 66.0 64.0 67.0 
21.0 17.0 66.0 64.0 67.0 
21.0 17.0 66.0 64.0 67.0 
21.0 17.0 66.0 64.0 67.0 
21.0 17.0 66.0 64.0 67.0 
21.0 17.0 66.0 64.0 67.0 
94.0 77.0 77.0 56.0 50.0 
94.0 77.0 77.0 56.0 50.0 
41.0 97.0 71.0 52.0 81.0 
41.0 97.0 71.0 52.0 81.0 
73.0 100.0 28.0 23.0 71.0 
46.0 60.0 72.0 46.0 58.0 
18.0 86.0 62.0 39.0 97.0 
79.0 40.0 15.0 32.0 30.0 
37.0 46.0 75.0 15.0 95.0 
37.0 46.0 75.0 15.0 95.0 
