54.0 52.0 30.0 81.0 12.0 
54.0 52.0 30.0 81.0 12.0 
54.0 52.0 30.0 81.0 12.0 
54.0 52.0 30.0 81.0 12.0 
54.0 52.0 30.0 81.0 12.0 
54.0 52.0 30.0 81.0 12.0 
54.0 52.0 30.0 81.0 12.0 
54.0 52.0 30.0 81.0 12.0 
54.0 52.0 30.0 81.0 12.0 
54.0 52.0 30.0 81.0 12.0 
54.0 52.0 30.0 81.0 12.0 
54.0 52.0 30.0 81.0 12.0 
54.0 52.0 30.0 81.0 12.0 
54.0 52.0 30.0 81.0 12.0 
54.0 52.0 30.0 81.0 12.0 
54.0 52.0 30.0 81.0 12.0 
54.0 52.0 30.0 81.0 12.0 
54.0 52.0 30.0 81.0 12.0 
54.0 52.0 30.0 81.0 12.0 
54.0 52.0 30.0 81.0 12.0 
54.0 52.0 30.0 81.0 12.0 
54.0 52.0 30.0 81.0 12.0 
54.0 52.0 30.0 81.0 12.0 
54.0 52.0 30.0 81.0 12.0 
54.0 52.0 30.0 81.0 12.0 
54.0 52.0 30.0 81.0 12.0 
54.0 52.0 30.0 81.0 12.0 
54.0 52.0 30.0 81.0 12.0 
54.0 52.0 30.0 81.0 12.0 
54.0 52.0 30.0 81.0 12.0 
54.0 52.0 30.0 81.0 12.0 
19.0 80.0 51.0 50.0 97.0 
19.0 80.0 51.0 50.0 97.0 
19.0 80.0 51.0 50.0 97.0 
56.0 47.0 56.0 28.0 20.0 
56.0 47.0 56.0 28.0 20.0 
56.0 47.0 56.0 28.0 20.0 
56.0 47.0 56.0 28.0 20.0 
56.0 47.0 56.0 28.0 20.0 
56.0 47.0 56.0 28.0 20.0 
56.0 47.0 56.0 28.0 20.0 
56.0 47.0 56.0 28.0 20.0 
56.0 47.0 56.0 28.0 20.0 
56.0 47.0 56.0 28.0 20.0 
56.0 47.0 56.0 28.0 20.0 
56.0 47.0 56.0 28.0 20.0 
56.0 47.0 56.0 28.0 20.0 
56.0 47.0 56.0 28.0 20.0 
56.0 47.0 56.0 28.0 20.0 
56.0 47.0 56.0 28.0 20.0 
56.0 47.0 56.0 28.0 20.0 
56.0 47.0 56.0 28.0 20.0 
56.0 47.0 56.0 28.0 20.0 
56.0 47.0 56.0 28.0 20.0 
56.0 47.0 56.0 28.0 20.0 
56.0 47.0 56.0 28.0 20.0 
56.0 47.0 56.0 28.0 20.0 
56.0 47.0 56.0 28.0 20.0 
56.0 47.0 56.0 28.0 20.0 
56.0 47.0 56.0 28.0 20.0 
56.0 47.0 56.0 28.0 20.0 
56.0 47.0 56.0 28.0 20.0 
56.0 47.0 56.0 28.0 20.0 
56.0 47.0 56.0 28.0 20.0 
56.0 47.0 56.0 28.0 20.0 
56.0 47.0 56.0 28.0 20.0 
56.0 47.0 56.0 28.0 20.0 
56.0 47.0 56.0 28.0 20.0 
56.0 47.0 56.0 28.0 20.0 
56.0 47.0 56.0 28.0 20.0 
56.0 47.0 56.0 28.0 20.0 
56.0 47.0 56.0 28.0 20.0 
56.0 47.0 56.0 28.0 20.0 
14.0 96.0 56.0 54.0 81.0 
14.0 96.0 56.0 54.0 81.0 
14.0 96.0 56.0 54.0 81.0 
14.0 96.0 56.0 54.0 81.0 
14.0 96.0 56.0 54.0 81.0 
14.0 96.0 56.0 54.0 81.0 
14.0 96.0 56.0 54.0 81.0 
14.0 96.0 56.0 54.0 81.0 
14.0 96.0 56.0 54.0 81.0 
14.0 96.0 56.0 54.0 81.0 
14.0 96.0 56.0 54.0 81.0 
14.0 96.0 56.0 54.0 81.0 
14.0 96.0 56.0 54.0 81.0 
14.0 96.0 56.0 54.0 81.0 
14.0 96.0 56.0 54.0 81.0 
14.0 96.0 56.0 54.0 81.0 
14.0 96.0 56.0 54.0 81.0 
14.0 96.0 56.0 54.0 81.0 
100.0 44.0 49.0 65.0 52.0 
100.0 44.0 49.0 65.0 52.0 
100.0 44.0 49.0 65.0 52.0 
100.0 44.0 49.0 65.0 52.0 
40.0 63.0 55.0 90.0 62.0 
40.0 63.0 55.0 90.0 62.0 
32.0 41.0 88.0 58.0 19.0 
32.0 41.0 88.0 58.0 19.0 
32.0 41.0 88.0 58.0 19.0 
