29.0 93.0 99.0 72.0 32.0 
29.0 93.0 99.0 72.0 32.0 
29.0 93.0 99.0 72.0 32.0 
29.0 93.0 99.0 72.0 32.0 
29.0 93.0 99.0 72.0 32.0 
29.0 93.0 99.0 72.0 32.0 
29.0 93.0 99.0 72.0 32.0 
29.0 93.0 99.0 72.0 32.0 
29.0 93.0 99.0 72.0 32.0 
29.0 93.0 99.0 72.0 32.0 
29.0 93.0 99.0 72.0 32.0 
29.0 93.0 99.0 72.0 32.0 
29.0 93.0 99.0 72.0 32.0 
29.0 93.0 99.0 72.0 32.0 
29.0 93.0 99.0 72.0 32.0 
29.0 93.0 99.0 72.0 32.0 
29.0 93.0 99.0 72.0 32.0 
29.0 93.0 99.0 72.0 32.0 
29.0 93.0 99.0 72.0 32.0 
29.0 93.0 99.0 72.0 32.0 
29.0 93.0 99.0 72.0 32.0 
29.0 93.0 99.0 72.0 32.0 
29.0 93.0 99.0 72.0 32.0 
29.0 93.0 99.0 72.0 32.0 
29.0 93.0 99.0 72.0 32.0 
29.0 93.0 99.0 72.0 32.0 
29.0 93.0 99.0 72.0 32.0 
29.0 93.0 99.0 72.0 32.0 
29.0 93.0 99.0 72.0 32.0 
29.0 93.0 99.0 72.0 32.0 
29.0 93.0 99.0 72.0 32.0 
29.0 93.0 99.0 72.0 32.0 
29.0 93.0 99.0 72.0 32.0 
29.0 93.0 99.0 72.0 32.0 
29.0 93.0 99.0 72.0 32.0 
29.0 93.0 99.0 72.0 32.0 
29.0 93.0 99.0 72.0 32.0 
29.0 93.0 99.0 72.0 32.0 
29.0 93.0 99.0 72.0 32.0 
29.0 93.0 99.0 72.0 32.0 
29.0 93.0 99.0 72.0 32.0 
29.0 93.0 99.0 72.0 32.0 
29.0 93.0 99.0 72.0 32.0 
81.0 74.0 29.0 61.0 68.0 
81.0 74.0 29.0 61.0 68.0 
81.0 74.0 29.0 61.0 68.0 
81.0 74.0 29.0 61.0 68.0 
81.0 74.0 29.0 61.0 68.0 
81.0 74.0 29.0 61.0 68.0 
81.0 74.0 29.0 61.0 68.0 
81.0 74.0 29.0 61.0 68.0 
81.0 74.0 29.0 61.0 68.0 
81.0 74.0 29.0 61.0 68.0 
81.0 74.0 29.0 61.0 68.0 
81.0 74.0 29.0 61.0 68.0 
81.0 74.0 29.0 61.0 68.0 
81.0 74.0 29.0 61.0 68.0 
81.0 74.0 29.0 61.0 68.0 
81.0 74.0 29.0 61.0 68.0 
81.0 74.0 29.0 61.0 68.0 
81.0 74.0 29.0 61.0 68.0 
81.0 74.0 29.0 61.0 68.0 
81.0 74.0 29.0 61.0 68.0 
81.0 74.0 29.0 61.0 68.0 
81.0 74.0 29.0 61.0 68.0 
81.0 74.0 29.0 61.0 68.0 
81.0 74.0 29.0 61.0 68.0 
81.0 74.0 29.0 61.0 68.0 
81.0 74.0 29.0 61.0 68.0 
81.0 74.0 29.0 61.0 68.0 
81.0 74.0 29.0 61.0 68.0 
81.0 74.0 29.0 61.0 68.0 
81.0 74.0 29.0 61.0 68.0 
81.0 74.0 29.0 61.0 68.0 
81.0 74.0 29.0 61.0 68.0 
81.0 74.0 29.0 61.0 68.0 
81.0 74.0 29.0 61.0 68.0 
81.0 74.0 29.0 61.0 68.0 
81.0 74.0 29.0 61.0 68.0 
81.0 74.0 29.0 61.0 68.0 
81.0 74.0 29.0 61.0 68.0 
81.0 74.0 29.0 61.0 68.0 
81.0 74.0 29.0 61.0 68.0 
84.0 98.0 41.0 79.0 30.0 
84.0 98.0 41.0 79.0 30.0 
84.0 98.0 41.0 79.0 30.0 
84.0 98.0 41.0 79.0 30.0 
84.0 98.0 41.0 79.0 30.0 
84.0 98.0 41.0 79.0 30.0 
84.0 98.0 41.0 79.0 30.0 
84.0 98.0 41.0 79.0 30.0 
84.0 98.0 41.0 79.0 30.0 
69.0 28.0 90.0 83.0 30.0 
69.0 28.0 90.0 83.0 30.0 
69.0 28.0 90.0 83.0 30.0 
23.0 84.0 29.0 53.0 52.0 
23.0 84.0 29.0 53.0 52.0 
23.0 84.0 29.0 53.0 52.0 
32.0 77.0 28.0 94.0 79.0 
32.0 77.0 28.0 94.0 79.0 
