68.0 78.0 59.0 96.0 
68.0 78.0 59.0 96.0 
68.0 78.0 59.0 96.0 
68.0 78.0 59.0 96.0 
68.0 78.0 59.0 96.0 
68.0 78.0 59.0 96.0 
68.0 78.0 59.0 96.0 
68.0 78.0 59.0 96.0 
68.0 78.0 59.0 96.0 
68.0 78.0 59.0 96.0 
68.0 78.0 59.0 96.0 
68.0 78.0 59.0 96.0 
68.0 78.0 59.0 96.0 
68.0 78.0 59.0 96.0 
68.0 78.0 59.0 96.0 
68.0 78.0 59.0 96.0 
68.0 78.0 59.0 96.0 
68.0 78.0 59.0 96.0 
68.0 78.0 59.0 96.0 
68.0 78.0 59.0 96.0 
68.0 78.0 59.0 96.0 
68.0 78.0 59.0 96.0 
68.0 78.0 59.0 96.0 
68.0 78.0 59.0 96.0 
68.0 78.0 59.0 96.0 
68.0 78.0 59.0 96.0 
68.0 78.0 59.0 96.0 
68.0 78.0 59.0 96.0 
68.0 78.0 59.0 96.0 
68.0 78.0 59.0 96.0 
68.0 78.0 59.0 96.0 
68.0 78.0 59.0 96.0 
68.0 78.0 59.0 96.0 
68.0 78.0 59.0 96.0 
68.0 78.0 59.0 96.0 
68.0 78.0 59.0 96.0 
68.0 78.0 59.0 96.0 
68.0 78.0 59.0 96.0 
68.0 78.0 59.0 96.0 
68.0 78.0 59.0 96.0 
68.0 78.0 59.0 96.0 
68.0 78.0 59.0 96.0 
68.0 78.0 59.0 96.0 
68.0 78.0 59.0 96.0 
68.0 78.0 59.0 96.0 
68.0 78.0 59.0 96.0 
68.0 78.0 59.0 96.0 
68.0 78.0 59.0 96.0 
68.0 78.0 59.0 96.0 
68.0 78.0 59.0 96.0 
68.0 78.0 59.0 96.0 
68.0 78.0 59.0 96.0 
68.0 78.0 59.0 96.0 
68.0 78.0 59.0 96.0 
68.0 78.0 59.0 96.0 
68.0 78.0 59.0 96.0 
68.0 78.0 59.0 96.0 
91.0 49.0 95.0 89.0 
91.0 49.0 95.0 89.0 
91.0 49.0 95.0 89.0 
91.0 49.0 95.0 89.0 
91.0 49.0 95.0 89.0 
91.0 49.0 95.0 89.0 
91.0 49.0 95.0 89.0 
91.0 49.0 95.0 89.0 
91.0 49.0 95.0 89.0 
91.0 49.0 95.0 89.0 
91.0 49.0 95.0 89.0 
91.0 49.0 95.0 89.0 
91.0 49.0 95.0 89.0 
75.0 41.0 44.0 12.0 
75.0 41.0 44.0 12.0 
75.0 41.0 44.0 12.0 
75.0 41.0 44.0 12.0 
75.0 41.0 44.0 12.0 
75.0 41.0 44.0 12.0 
75.0 41.0 44.0 12.0 
75.0 41.0 44.0 12.0 
75.0 41.0 44.0 12.0 
75.0 41.0 44.0 12.0 
75.0 41.0 44.0 12.0 
75.0 41.0 44.0 12.0 
75.0 41.0 44.0 12.0 
75.0 41.0 44.0 12.0 
75.0 41.0 44.0 12.0 
75.0 41.0 44.0 12.0 
75.0 41.0 44.0 12.0 
75.0 41.0 44.0 12.0 
75.0 41.0 44.0 12.0 
75.0 41.0 44.0 12.0 
75.0 41.0 44.0 12.0 
75.0 41.0 44.0 12.0 
75.0 41.0 44.0 12.0 
75.0 41.0 44.0 12.0 
89.0 12.0 63.0 97.0 
89.0 12.0 63.0 97.0 
39.0 65.0 50.0 38.0 
15.0 95.0 38.0 32.0 
49.0 98.0 70.0 94.0 
49.0 98.0 70.0 94.0 
