16.0 36.0 19.0 79.0 
16.0 36.0 19.0 79.0 
16.0 36.0 19.0 79.0 
16.0 36.0 19.0 79.0 
16.0 36.0 19.0 79.0 
16.0 36.0 19.0 79.0 
16.0 36.0 19.0 79.0 
16.0 36.0 19.0 79.0 
16.0 36.0 19.0 79.0 
16.0 36.0 19.0 79.0 
16.0 36.0 19.0 79.0 
16.0 36.0 19.0 79.0 
16.0 36.0 19.0 79.0 
16.0 36.0 19.0 79.0 
16.0 36.0 19.0 79.0 
16.0 36.0 19.0 79.0 
16.0 36.0 19.0 79.0 
16.0 36.0 19.0 79.0 
16.0 36.0 19.0 79.0 
16.0 36.0 19.0 79.0 
16.0 36.0 19.0 79.0 
16.0 36.0 19.0 79.0 
16.0 36.0 19.0 79.0 
16.0 36.0 19.0 79.0 
16.0 36.0 19.0 79.0 
16.0 36.0 19.0 79.0 
70.0 48.0 39.0 90.0 
70.0 48.0 39.0 90.0 
70.0 48.0 39.0 90.0 
70.0 48.0 39.0 90.0 
70.0 48.0 39.0 90.0 
70.0 48.0 39.0 90.0 
70.0 48.0 39.0 90.0 
70.0 48.0 39.0 90.0 
70.0 48.0 39.0 90.0 
70.0 48.0 39.0 90.0 
70.0 48.0 39.0 90.0 
70.0 48.0 39.0 90.0 
70.0 48.0 39.0 90.0 
70.0 48.0 39.0 90.0 
70.0 48.0 39.0 90.0 
70.0 48.0 39.0 90.0 
70.0 48.0 39.0 90.0 
70.0 48.0 39.0 90.0 
70.0 48.0 39.0 90.0 
70.0 48.0 39.0 90.0 
70.0 48.0 39.0 90.0 
70.0 48.0 39.0 90.0 
70.0 48.0 39.0 90.0 
70.0 48.0 39.0 90.0 
70.0 48.0 39.0 90.0 
70.0 48.0 39.0 90.0 
70.0 48.0 39.0 90.0 
70.0 48.0 39.0 90.0 
70.0 48.0 39.0 90.0 
70.0 48.0 39.0 90.0 
70.0 48.0 39.0 90.0 
70.0 48.0 39.0 90.0 
70.0 48.0 39.0 90.0 
70.0 48.0 39.0 90.0 
70.0 48.0 39.0 90.0 
70.0 48.0 39.0 90.0 
70.0 48.0 39.0 90.0 
70.0 48.0 39.0 90.0 
70.0 48.0 39.0 90.0 
70.0 48.0 39.0 90.0 
70.0 48.0 39.0 90.0 
70.0 48.0 39.0 90.0 
70.0 48.0 39.0 90.0 
70.0 48.0 39.0 90.0 
70.0 48.0 39.0 90.0 
70.0 48.0 39.0 90.0 
70.0 48.0 39.0 90.0 
70.0 48.0 39.0 90.0 
70.0 48.0 39.0 90.0 
70.0 48.0 39.0 90.0 
70.0 48.0 39.0 90.0 
70.0 48.0 39.0 90.0 
70.0 48.0 39.0 90.0 
70.0 48.0 39.0 90.0 
70.0 48.0 39.0 90.0 
70.0 48.0 39.0 90.0 
70.0 48.0 39.0 90.0 
70.0 48.0 39.0 90.0 
70.0 48.0 39.0 90.0 
91.0 69.0 21.0 51.0 
91.0 69.0 21.0 51.0 
91.0 69.0 21.0 51.0 
91.0 69.0 21.0 51.0 
91.0 69.0 21.0 51.0 
91.0 69.0 21.0 51.0 
91.0 69.0 21.0 51.0 
91.0 69.0 21.0 51.0 
91.0 69.0 21.0 51.0 
72.0 62.0 77.0 76.0 
90.0 82.0 12.0 57.0 
97.0 57.0 73.0 16.0 
14.0 53.0 91.0 55.0 
26.0 57.0 79.0 25.0 
26.0 57.0 79.0 25.0 
