97.0 48.0 73.0 
97.0 48.0 73.0 
97.0 48.0 73.0 
97.0 48.0 73.0 
97.0 48.0 73.0 
97.0 48.0 73.0 
97.0 48.0 73.0 
97.0 48.0 73.0 
97.0 48.0 73.0 
97.0 48.0 73.0 
97.0 48.0 73.0 
97.0 48.0 73.0 
97.0 48.0 73.0 
97.0 48.0 73.0 
97.0 48.0 73.0 
97.0 48.0 73.0 
97.0 48.0 73.0 
97.0 48.0 73.0 
97.0 48.0 73.0 
97.0 48.0 73.0 
97.0 48.0 73.0 
97.0 48.0 73.0 
97.0 48.0 73.0 
97.0 48.0 73.0 
97.0 48.0 73.0 
97.0 48.0 73.0 
97.0 48.0 73.0 
97.0 48.0 73.0 
97.0 48.0 73.0 
97.0 48.0 73.0 
97.0 48.0 73.0 
97.0 48.0 73.0 
97.0 48.0 73.0 
97.0 48.0 73.0 
97.0 48.0 73.0 
97.0 48.0 73.0 
97.0 48.0 73.0 
97.0 48.0 73.0 
97.0 48.0 73.0 
97.0 48.0 73.0 
97.0 48.0 73.0 
97.0 48.0 73.0 
97.0 48.0 73.0 
97.0 48.0 73.0 
97.0 48.0 73.0 
97.0 48.0 73.0 
97.0 48.0 73.0 
97.0 48.0 73.0 
97.0 48.0 73.0 
97.0 48.0 73.0 
97.0 48.0 73.0 
97.0 48.0 73.0 
97.0 48.0 73.0 
97.0 48.0 73.0 
97.0 48.0 73.0 
97.0 48.0 73.0 
97.0 48.0 73.0 
97.0 48.0 73.0 
97.0 48.0 73.0 
97.0 48.0 73.0 
97.0 48.0 73.0 
97.0 48.0 73.0 
97.0 48.0 73.0 
97.0 48.0 73.0 
97.0 48.0 73.0 
97.0 48.0 73.0 
97.0 48.0 73.0 
97.0 48.0 73.0 
97.0 48.0 73.0 
97.0 48.0 73.0 
97.0 48.0 73.0 
97.0 48.0 73.0 
97.0 48.0 73.0 
97.0 48.0 73.0 
97.0 48.0 73.0 
97.0 48.0 73.0 
97.0 48.0 73.0 
97.0 48.0 73.0 
97.0 48.0 73.0 
97.0 48.0 73.0 
97.0 48.0 73.0 
97.0 48.0 73.0 
97.0 48.0 73.0 
97.0 48.0 73.0 
97.0 48.0 73.0 
97.0 48.0 73.0 
97.0 48.0 73.0 
97.0 48.0 73.0 
97.0 48.0 73.0 
97.0 48.0 73.0 
31.0 72.0 50.0 
31.0 72.0 50.0 
31.0 72.0 50.0 
31.0 72.0 50.0 
31.0 72.0 50.0 
51.0 39.0 65.0 
76.0 41.0 46.0 
18.0 100.0 97.0 
15.0 85.0 66.0 
15.0 85.0 66.0 
