24.0 40.0 46.0 98.0 81.0 
24.0 40.0 46.0 98.0 81.0 
24.0 40.0 46.0 98.0 81.0 
24.0 40.0 46.0 98.0 81.0 
24.0 40.0 46.0 98.0 81.0 
24.0 40.0 46.0 98.0 81.0 
24.0 40.0 46.0 98.0 81.0 
24.0 40.0 46.0 98.0 81.0 
24.0 40.0 46.0 98.0 81.0 
24.0 40.0 46.0 98.0 81.0 
24.0 40.0 46.0 98.0 81.0 
24.0 40.0 46.0 98.0 81.0 
24.0 40.0 46.0 98.0 81.0 
24.0 40.0 46.0 98.0 81.0 
24.0 40.0 46.0 98.0 81.0 
24.0 40.0 46.0 98.0 81.0 
24.0 40.0 46.0 98.0 81.0 
24.0 40.0 46.0 98.0 81.0 
24.0 40.0 46.0 98.0 81.0 
24.0 40.0 46.0 98.0 81.0 
24.0 40.0 46.0 98.0 81.0 
24.0 40.0 46.0 98.0 81.0 
24.0 40.0 46.0 98.0 81.0 
24.0 40.0 46.0 98.0 81.0 
24.0 40.0 46.0 98.0 81.0 
24.0 40.0 46.0 98.0 81.0 
24.0 40.0 46.0 98.0 81.0 
24.0 40.0 46.0 98.0 81.0 
24.0 40.0 46.0 98.0 81.0 
24.0 40.0 46.0 98.0 81.0 
24.0 40.0 46.0 98.0 81.0 
24.0 40.0 46.0 98.0 81.0 
24.0 40.0 46.0 98.0 81.0 
24.0 40.0 46.0 98.0 81.0 
24.0 40.0 46.0 98.0 81.0 
24.0 40.0 46.0 98.0 81.0 
24.0 40.0 46.0 98.0 81.0 
24.0 40.0 46.0 98.0 81.0 
24.0 40.0 46.0 98.0 81.0 
24.0 40.0 46.0 98.0 81.0 
24.0 40.0 46.0 98.0 81.0 
24.0 40.0 46.0 98.0 81.0 
24.0 40.0 46.0 98.0 81.0 
24.0 40.0 46.0 98.0 81.0 
24.0 40.0 46.0 98.0 81.0 
24.0 40.0 46.0 98.0 81.0 
24.0 40.0 46.0 98.0 81.0 
24.0 40.0 46.0 98.0 81.0 
24.0 40.0 46.0 98.0 81.0 
24.0 40.0 46.0 98.0 81.0 
24.0 40.0 46.0 98.0 81.0 
24.0 40.0 46.0 98.0 81.0 
24.0 40.0 46.0 98.0 81.0 
24.0 40.0 46.0 98.0 81.0 
24.0 40.0 46.0 98.0 81.0 
24.0 40.0 46.0 98.0 81.0 
32.0 36.0 43.0 27.0 81.0 
32.0 36.0 43.0 27.0 81.0 
32.0 36.0 43.0 27.0 81.0 
32.0 36.0 43.0 27.0 81.0 
32.0 36.0 43.0 27.0 81.0 
32.0 36.0 43.0 27.0 81.0 
32.0 36.0 43.0 27.0 81.0 
32.0 36.0 43.0 27.0 81.0 
32.0 36.0 43.0 27.0 81.0 
32.0 36.0 43.0 27.0 81.0 
32.0 36.0 43.0 27.0 81.0 
32.0 36.0 43.0 27.0 81.0 
32.0 36.0 43.0 27.0 81.0 
32.0 36.0 43.0 27.0 81.0 
32.0 36.0 43.0 27.0 81.0 
32.0 36.0 43.0 27.0 81.0 
32.0 36.0 43.0 27.0 81.0 
32.0 36.0 43.0 27.0 81.0 
32.0 36.0 43.0 27.0 81.0 
32.0 36.0 43.0 27.0 81.0 
32.0 36.0 43.0 27.0 81.0 
56.0 67.0 18.0 93.0 52.0 
56.0 67.0 18.0 93.0 52.0 
56.0 67.0 18.0 93.0 52.0 
56.0 67.0 18.0 93.0 52.0 
56.0 67.0 18.0 93.0 52.0 
56.0 67.0 18.0 93.0 52.0 
56.0 67.0 18.0 93.0 52.0 
56.0 67.0 18.0 93.0 52.0 
56.0 67.0 18.0 93.0 52.0 
56.0 67.0 18.0 93.0 52.0 
56.0 67.0 18.0 93.0 52.0 
56.0 67.0 18.0 93.0 52.0 
56.0 67.0 18.0 93.0 52.0 
56.0 67.0 18.0 93.0 52.0 
56.0 67.0 18.0 93.0 52.0 
56.0 67.0 18.0 93.0 52.0 
56.0 67.0 18.0 93.0 52.0 
56.0 67.0 18.0 93.0 52.0 
56.0 67.0 18.0 93.0 52.0 
56.0 67.0 18.0 93.0 52.0 
32.0 63.0 36.0 56.0 41.0 
21.0 94.0 96.0 88.0 65.0 
21.0 94.0 96.0 88.0 65.0 
