61.0 19.0 63.0 92.0 
61.0 19.0 63.0 92.0 
61.0 19.0 63.0 92.0 
61.0 19.0 63.0 92.0 
61.0 19.0 63.0 92.0 
61.0 19.0 63.0 92.0 
61.0 19.0 63.0 92.0 
61.0 19.0 63.0 92.0 
61.0 19.0 63.0 92.0 
61.0 19.0 63.0 92.0 
61.0 19.0 63.0 92.0 
61.0 19.0 63.0 92.0 
61.0 19.0 63.0 92.0 
61.0 19.0 63.0 92.0 
61.0 19.0 63.0 92.0 
61.0 19.0 63.0 92.0 
61.0 19.0 63.0 92.0 
61.0 19.0 63.0 92.0 
61.0 19.0 63.0 92.0 
49.0 21.0 13.0 100.0 
49.0 21.0 13.0 100.0 
49.0 21.0 13.0 100.0 
49.0 21.0 13.0 100.0 
49.0 21.0 13.0 100.0 
49.0 21.0 13.0 100.0 
49.0 21.0 13.0 100.0 
49.0 21.0 13.0 100.0 
49.0 21.0 13.0 100.0 
49.0 21.0 13.0 100.0 
49.0 21.0 13.0 100.0 
49.0 21.0 13.0 100.0 
49.0 21.0 13.0 100.0 
49.0 21.0 13.0 100.0 
49.0 21.0 13.0 100.0 
49.0 21.0 13.0 100.0 
49.0 21.0 13.0 100.0 
49.0 21.0 13.0 100.0 
49.0 21.0 13.0 100.0 
49.0 21.0 13.0 100.0 
49.0 21.0 13.0 100.0 
49.0 21.0 13.0 100.0 
49.0 21.0 13.0 100.0 
49.0 21.0 13.0 100.0 
49.0 21.0 13.0 100.0 
49.0 21.0 13.0 100.0 
49.0 21.0 13.0 100.0 
49.0 21.0 13.0 100.0 
49.0 21.0 13.0 100.0 
49.0 21.0 13.0 100.0 
49.0 21.0 13.0 100.0 
49.0 21.0 13.0 100.0 
49.0 21.0 13.0 100.0 
49.0 21.0 13.0 100.0 
49.0 21.0 13.0 100.0 
49.0 21.0 13.0 100.0 
49.0 21.0 13.0 100.0 
49.0 21.0 13.0 100.0 
40.0 34.0 21.0 33.0 
40.0 34.0 21.0 33.0 
40.0 34.0 21.0 33.0 
40.0 34.0 21.0 33.0 
40.0 34.0 21.0 33.0 
40.0 34.0 21.0 33.0 
40.0 34.0 21.0 33.0 
80.0 100.0 16.0 46.0 
80.0 100.0 16.0 46.0 
80.0 100.0 16.0 46.0 
80.0 100.0 16.0 46.0 
80.0 100.0 16.0 46.0 
80.0 100.0 16.0 46.0 
80.0 100.0 16.0 46.0 
80.0 100.0 16.0 46.0 
80.0 100.0 16.0 46.0 
80.0 100.0 16.0 46.0 
80.0 100.0 16.0 46.0 
80.0 100.0 16.0 46.0 
80.0 100.0 16.0 46.0 
80.0 100.0 16.0 46.0 
80.0 100.0 16.0 46.0 
80.0 100.0 16.0 46.0 
80.0 100.0 16.0 46.0 
80.0 100.0 16.0 46.0 
80.0 100.0 16.0 46.0 
80.0 100.0 16.0 46.0 
80.0 100.0 16.0 46.0 
80.0 100.0 16.0 46.0 
80.0 100.0 16.0 46.0 
80.0 100.0 16.0 46.0 
80.0 100.0 16.0 46.0 
80.0 100.0 16.0 46.0 
80.0 100.0 16.0 46.0 
80.0 100.0 16.0 46.0 
80.0 100.0 16.0 46.0 
80.0 100.0 16.0 46.0 
80.0 100.0 16.0 46.0 
80.0 100.0 16.0 46.0 
80.0 100.0 16.0 46.0 
80.0 100.0 16.0 46.0 
80.0 100.0 16.0 46.0 
80.0 100.0 16.0 46.0 
