11.0 15.0 74.0 51.0 
11.0 15.0 74.0 51.0 
11.0 15.0 74.0 51.0 
11.0 15.0 74.0 51.0 
11.0 15.0 74.0 51.0 
11.0 15.0 74.0 51.0 
11.0 15.0 74.0 51.0 
11.0 15.0 74.0 51.0 
11.0 15.0 74.0 51.0 
11.0 15.0 74.0 51.0 
11.0 15.0 74.0 51.0 
11.0 15.0 74.0 51.0 
11.0 15.0 74.0 51.0 
11.0 15.0 74.0 51.0 
11.0 15.0 74.0 51.0 
11.0 15.0 74.0 51.0 
11.0 15.0 74.0 51.0 
11.0 15.0 74.0 51.0 
11.0 15.0 74.0 51.0 
11.0 15.0 74.0 51.0 
11.0 15.0 74.0 51.0 
11.0 15.0 74.0 51.0 
11.0 15.0 74.0 51.0 
11.0 15.0 74.0 51.0 
11.0 15.0 74.0 51.0 
11.0 15.0 74.0 51.0 
11.0 15.0 74.0 51.0 
11.0 15.0 74.0 51.0 
11.0 15.0 74.0 51.0 
11.0 15.0 74.0 51.0 
11.0 15.0 74.0 51.0 
11.0 15.0 74.0 51.0 
11.0 15.0 74.0 51.0 
11.0 15.0 74.0 51.0 
11.0 15.0 74.0 51.0 
11.0 15.0 74.0 51.0 
11.0 15.0 74.0 51.0 
11.0 15.0 74.0 51.0 
11.0 15.0 74.0 51.0 
11.0 15.0 74.0 51.0 
11.0 15.0 74.0 51.0 
11.0 15.0 74.0 51.0 
11.0 15.0 74.0 51.0 
11.0 15.0 74.0 51.0 
11.0 15.0 74.0 51.0 
11.0 15.0 74.0 51.0 
11.0 15.0 74.0 51.0 
11.0 15.0 74.0 51.0 
11.0 15.0 74.0 51.0 
11.0 15.0 74.0 51.0 
11.0 15.0 74.0 51.0 
11.0 15.0 74.0 51.0 
11.0 15.0 74.0 51.0 
11.0 15.0 74.0 51.0 
11.0 15.0 74.0 51.0 
11.0 15.0 74.0 51.0 
11.0 15.0 74.0 51.0 
11.0 15.0 74.0 51.0 
11.0 15.0 74.0 51.0 
11.0 15.0 74.0 51.0 
11.0 15.0 74.0 51.0 
11.0 61.0 35.0 33.0 
11.0 61.0 35.0 33.0 
11.0 61.0 35.0 33.0 
11.0 61.0 35.0 33.0 
11.0 61.0 35.0 33.0 
11.0 61.0 35.0 33.0 
11.0 61.0 35.0 33.0 
11.0 61.0 35.0 33.0 
11.0 61.0 35.0 33.0 
11.0 61.0 35.0 33.0 
11.0 61.0 35.0 33.0 
11.0 61.0 35.0 33.0 
11.0 61.0 35.0 33.0 
11.0 61.0 35.0 33.0 
11.0 61.0 35.0 33.0 
11.0 61.0 35.0 33.0 
48.0 40.0 67.0 66.0 
48.0 40.0 67.0 66.0 
48.0 40.0 67.0 66.0 
48.0 40.0 67.0 66.0 
48.0 40.0 67.0 66.0 
48.0 40.0 67.0 66.0 
48.0 40.0 67.0 66.0 
48.0 40.0 67.0 66.0 
48.0 40.0 67.0 66.0 
48.0 40.0 67.0 66.0 
48.0 40.0 67.0 66.0 
48.0 40.0 67.0 66.0 
47.0 60.0 98.0 53.0 
47.0 60.0 98.0 53.0 
47.0 60.0 98.0 53.0 
47.0 60.0 98.0 53.0 
47.0 60.0 98.0 53.0 
47.0 60.0 98.0 53.0 
38.0 64.0 55.0 19.0 
38.0 64.0 55.0 19.0 
85.0 43.0 98.0 84.0 
85.0 43.0 98.0 84.0 
85.0 43.0 98.0 84.0 
