86.0 18.0 88.0 
86.0 18.0 88.0 
86.0 18.0 88.0 
86.0 18.0 88.0 
86.0 18.0 88.0 
86.0 18.0 88.0 
86.0 18.0 88.0 
86.0 18.0 88.0 
86.0 18.0 88.0 
86.0 18.0 88.0 
86.0 18.0 88.0 
86.0 18.0 88.0 
86.0 18.0 88.0 
86.0 18.0 88.0 
86.0 18.0 88.0 
86.0 18.0 88.0 
86.0 18.0 88.0 
86.0 18.0 88.0 
86.0 18.0 88.0 
86.0 18.0 88.0 
86.0 18.0 88.0 
86.0 18.0 88.0 
86.0 18.0 88.0 
86.0 18.0 88.0 
86.0 18.0 88.0 
86.0 18.0 88.0 
86.0 18.0 88.0 
86.0 18.0 88.0 
86.0 18.0 88.0 
86.0 18.0 88.0 
86.0 18.0 88.0 
86.0 18.0 88.0 
86.0 18.0 88.0 
86.0 18.0 88.0 
86.0 18.0 88.0 
86.0 18.0 88.0 
86.0 18.0 88.0 
86.0 18.0 88.0 
86.0 18.0 88.0 
86.0 18.0 88.0 
86.0 18.0 88.0 
86.0 18.0 88.0 
86.0 18.0 88.0 
86.0 18.0 88.0 
86.0 18.0 88.0 
86.0 18.0 88.0 
86.0 18.0 88.0 
86.0 18.0 88.0 
86.0 18.0 88.0 
86.0 18.0 88.0 
86.0 18.0 88.0 
86.0 18.0 88.0 
86.0 18.0 88.0 
86.0 18.0 88.0 
86.0 18.0 88.0 
86.0 18.0 88.0 
86.0 18.0 88.0 
86.0 18.0 88.0 
86.0 18.0 88.0 
86.0 18.0 88.0 
86.0 18.0 88.0 
86.0 18.0 88.0 
86.0 18.0 88.0 
86.0 18.0 88.0 
86.0 18.0 88.0 
86.0 18.0 88.0 
86.0 18.0 88.0 
86.0 18.0 88.0 
86.0 18.0 88.0 
86.0 18.0 88.0 
86.0 18.0 88.0 
86.0 18.0 88.0 
86.0 18.0 88.0 
86.0 18.0 88.0 
86.0 18.0 88.0 
86.0 18.0 88.0 
86.0 18.0 88.0 
86.0 18.0 88.0 
86.0 18.0 88.0 
86.0 18.0 88.0 
86.0 18.0 88.0 
86.0 18.0 88.0 
86.0 18.0 88.0 
86.0 18.0 88.0 
86.0 18.0 88.0 
86.0 18.0 88.0 
86.0 18.0 88.0 
23.0 66.0 17.0 
23.0 66.0 17.0 
42.0 83.0 78.0 
42.0 83.0 78.0 
42.0 83.0 78.0 
40.0 47.0 76.0 
17.0 38.0 41.0 
26.0 65.0 67.0 
26.0 65.0 67.0 
66.0 46.0 59.0 
73.0 11.0 90.0 
24.0 28.0 66.0 
24.0 28.0 66.0 
