67.0 25.0 26.0 71.0 20.0 
67.0 25.0 26.0 71.0 20.0 
67.0 25.0 26.0 71.0 20.0 
67.0 25.0 26.0 71.0 20.0 
67.0 25.0 26.0 71.0 20.0 
67.0 25.0 26.0 71.0 20.0 
67.0 25.0 26.0 71.0 20.0 
67.0 25.0 26.0 71.0 20.0 
67.0 25.0 26.0 71.0 20.0 
67.0 25.0 26.0 71.0 20.0 
67.0 25.0 26.0 71.0 20.0 
67.0 25.0 26.0 71.0 20.0 
67.0 25.0 26.0 71.0 20.0 
67.0 25.0 26.0 71.0 20.0 
67.0 25.0 26.0 71.0 20.0 
67.0 25.0 26.0 71.0 20.0 
67.0 25.0 26.0 71.0 20.0 
67.0 25.0 26.0 71.0 20.0 
67.0 25.0 26.0 71.0 20.0 
100.0 62.0 84.0 79.0 41.0 
100.0 62.0 84.0 79.0 41.0 
100.0 62.0 84.0 79.0 41.0 
100.0 62.0 84.0 79.0 41.0 
100.0 62.0 84.0 79.0 41.0 
100.0 62.0 84.0 79.0 41.0 
100.0 62.0 84.0 79.0 41.0 
100.0 62.0 84.0 79.0 41.0 
100.0 62.0 84.0 79.0 41.0 
100.0 62.0 84.0 79.0 41.0 
100.0 62.0 84.0 79.0 41.0 
100.0 62.0 84.0 79.0 41.0 
100.0 62.0 84.0 79.0 41.0 
100.0 62.0 84.0 79.0 41.0 
100.0 62.0 84.0 79.0 41.0 
100.0 62.0 84.0 79.0 41.0 
100.0 62.0 84.0 79.0 41.0 
73.0 93.0 95.0 49.0 96.0 
73.0 93.0 95.0 49.0 96.0 
73.0 93.0 95.0 49.0 96.0 
73.0 93.0 95.0 49.0 96.0 
73.0 93.0 95.0 49.0 96.0 
73.0 93.0 95.0 49.0 96.0 
73.0 93.0 95.0 49.0 96.0 
73.0 93.0 95.0 49.0 96.0 
73.0 93.0 95.0 49.0 96.0 
73.0 93.0 95.0 49.0 96.0 
73.0 93.0 95.0 49.0 96.0 
73.0 93.0 95.0 49.0 96.0 
73.0 93.0 95.0 49.0 96.0 
73.0 93.0 95.0 49.0 96.0 
73.0 93.0 95.0 49.0 96.0 
73.0 93.0 95.0 49.0 96.0 
73.0 93.0 95.0 49.0 96.0 
73.0 93.0 95.0 49.0 96.0 
73.0 93.0 95.0 49.0 96.0 
73.0 93.0 95.0 49.0 96.0 
73.0 93.0 95.0 49.0 96.0 
73.0 93.0 95.0 49.0 96.0 
73.0 93.0 95.0 49.0 96.0 
73.0 93.0 95.0 49.0 96.0 
73.0 93.0 95.0 49.0 96.0 
73.0 93.0 95.0 49.0 96.0 
17.0 39.0 52.0 40.0 18.0 
17.0 39.0 52.0 40.0 18.0 
17.0 39.0 52.0 40.0 18.0 
17.0 39.0 52.0 40.0 18.0 
17.0 39.0 52.0 40.0 18.0 
17.0 39.0 52.0 40.0 18.0 
17.0 39.0 52.0 40.0 18.0 
17.0 39.0 52.0 40.0 18.0 
17.0 39.0 52.0 40.0 18.0 
17.0 39.0 52.0 40.0 18.0 
17.0 39.0 52.0 40.0 18.0 
17.0 39.0 52.0 40.0 18.0 
81.0 92.0 82.0 81.0 99.0 
81.0 92.0 82.0 81.0 99.0 
81.0 92.0 82.0 81.0 99.0 
81.0 92.0 82.0 81.0 99.0 
81.0 92.0 82.0 81.0 99.0 
81.0 92.0 82.0 81.0 99.0 
81.0 92.0 82.0 81.0 99.0 
81.0 92.0 82.0 81.0 99.0 
81.0 92.0 82.0 81.0 99.0 
81.0 92.0 82.0 81.0 99.0 
81.0 92.0 82.0 81.0 99.0 
81.0 92.0 82.0 81.0 99.0 
81.0 92.0 82.0 81.0 99.0 
81.0 92.0 82.0 81.0 99.0 
81.0 92.0 82.0 81.0 99.0 
52.0 78.0 16.0 57.0 88.0 
52.0 78.0 16.0 57.0 88.0 
52.0 78.0 16.0 57.0 88.0 
52.0 78.0 16.0 57.0 88.0 
25.0 25.0 90.0 39.0 85.0 
25.0 25.0 90.0 39.0 85.0 
14.0 42.0 92.0 83.0 74.0 
14.0 42.0 92.0 83.0 74.0 
14.0 42.0 92.0 83.0 74.0 
28.0 24.0 72.0 92.0 80.0 
28.0 24.0 72.0 92.0 80.0 
