66.0 68.0 18.0 
66.0 68.0 18.0 
66.0 68.0 18.0 
66.0 68.0 18.0 
66.0 68.0 18.0 
66.0 68.0 18.0 
66.0 68.0 18.0 
66.0 68.0 18.0 
66.0 68.0 18.0 
66.0 68.0 18.0 
66.0 68.0 18.0 
66.0 68.0 18.0 
66.0 68.0 18.0 
66.0 68.0 18.0 
66.0 68.0 18.0 
66.0 68.0 18.0 
66.0 68.0 18.0 
66.0 68.0 18.0 
66.0 68.0 18.0 
66.0 68.0 18.0 
66.0 68.0 18.0 
66.0 68.0 18.0 
66.0 68.0 18.0 
66.0 68.0 18.0 
66.0 68.0 18.0 
66.0 68.0 18.0 
66.0 68.0 18.0 
66.0 68.0 18.0 
66.0 68.0 18.0 
66.0 68.0 18.0 
66.0 68.0 18.0 
66.0 68.0 18.0 
66.0 68.0 18.0 
66.0 68.0 18.0 
66.0 68.0 18.0 
66.0 68.0 18.0 
66.0 68.0 18.0 
66.0 68.0 18.0 
66.0 68.0 18.0 
66.0 68.0 18.0 
66.0 68.0 18.0 
66.0 68.0 18.0 
66.0 68.0 18.0 
66.0 68.0 18.0 
66.0 68.0 18.0 
66.0 68.0 18.0 
66.0 68.0 18.0 
66.0 68.0 18.0 
66.0 68.0 18.0 
66.0 68.0 18.0 
66.0 68.0 18.0 
66.0 68.0 18.0 
66.0 68.0 18.0 
66.0 68.0 18.0 
66.0 68.0 18.0 
66.0 68.0 18.0 
66.0 68.0 18.0 
66.0 68.0 18.0 
66.0 68.0 18.0 
66.0 68.0 18.0 
66.0 68.0 18.0 
66.0 68.0 18.0 
66.0 68.0 18.0 
66.0 68.0 18.0 
66.0 68.0 18.0 
66.0 68.0 18.0 
66.0 68.0 18.0 
66.0 68.0 18.0 
66.0 68.0 18.0 
66.0 68.0 18.0 
66.0 68.0 18.0 
66.0 68.0 18.0 
66.0 68.0 18.0 
66.0 68.0 18.0 
66.0 68.0 18.0 
66.0 68.0 18.0 
66.0 68.0 18.0 
66.0 68.0 18.0 
66.0 68.0 18.0 
66.0 68.0 18.0 
66.0 68.0 18.0 
66.0 68.0 18.0 
66.0 68.0 18.0 
66.0 68.0 18.0 
66.0 68.0 18.0 
66.0 68.0 18.0 
66.0 68.0 18.0 
66.0 68.0 18.0 
66.0 68.0 18.0 
66.0 68.0 18.0 
66.0 68.0 18.0 
65.0 62.0 15.0 
65.0 62.0 15.0 
43.0 88.0 64.0 
43.0 88.0 64.0 
58.0 47.0 24.0 
41.0 69.0 27.0 
40.0 58.0 39.0 
11.0 36.0 41.0 
11.0 36.0 41.0 
