40.0 39.0 85.0 100.0 
40.0 39.0 85.0 100.0 
40.0 39.0 85.0 100.0 
40.0 39.0 85.0 100.0 
40.0 39.0 85.0 100.0 
40.0 39.0 85.0 100.0 
40.0 39.0 85.0 100.0 
40.0 39.0 85.0 100.0 
40.0 39.0 85.0 100.0 
40.0 39.0 85.0 100.0 
40.0 39.0 85.0 100.0 
40.0 39.0 85.0 100.0 
40.0 39.0 85.0 100.0 
40.0 39.0 85.0 100.0 
40.0 39.0 85.0 100.0 
40.0 39.0 85.0 100.0 
40.0 39.0 85.0 100.0 
40.0 39.0 85.0 100.0 
40.0 39.0 85.0 100.0 
40.0 39.0 85.0 100.0 
40.0 39.0 85.0 100.0 
40.0 39.0 85.0 100.0 
40.0 39.0 85.0 100.0 
40.0 39.0 85.0 100.0 
40.0 39.0 85.0 100.0 
40.0 39.0 85.0 100.0 
40.0 39.0 85.0 100.0 
40.0 39.0 85.0 100.0 
40.0 39.0 85.0 100.0 
40.0 39.0 85.0 100.0 
40.0 39.0 85.0 100.0 
40.0 39.0 85.0 100.0 
40.0 39.0 85.0 100.0 
40.0 39.0 85.0 100.0 
40.0 39.0 85.0 100.0 
40.0 39.0 85.0 100.0 
40.0 39.0 85.0 100.0 
40.0 39.0 85.0 100.0 
40.0 39.0 85.0 100.0 
40.0 39.0 85.0 100.0 
40.0 39.0 85.0 100.0 
40.0 39.0 85.0 100.0 
40.0 39.0 85.0 100.0 
40.0 39.0 85.0 100.0 
40.0 39.0 85.0 100.0 
40.0 39.0 85.0 100.0 
40.0 39.0 85.0 100.0 
40.0 39.0 85.0 100.0 
40.0 39.0 85.0 100.0 
40.0 39.0 85.0 100.0 
40.0 39.0 85.0 100.0 
20.0 38.0 80.0 11.0 
20.0 38.0 80.0 11.0 
20.0 38.0 80.0 11.0 
20.0 38.0 80.0 11.0 
20.0 38.0 80.0 11.0 
20.0 38.0 80.0 11.0 
20.0 38.0 80.0 11.0 
20.0 38.0 80.0 11.0 
20.0 38.0 80.0 11.0 
20.0 38.0 80.0 11.0 
20.0 38.0 80.0 11.0 
20.0 38.0 80.0 11.0 
20.0 38.0 80.0 11.0 
20.0 38.0 80.0 11.0 
20.0 38.0 80.0 11.0 
20.0 38.0 80.0 11.0 
20.0 38.0 80.0 11.0 
20.0 38.0 80.0 11.0 
20.0 38.0 80.0 11.0 
20.0 38.0 80.0 11.0 
20.0 38.0 80.0 11.0 
30.0 17.0 98.0 36.0 
30.0 17.0 98.0 36.0 
30.0 17.0 98.0 36.0 
30.0 17.0 98.0 36.0 
30.0 17.0 98.0 36.0 
30.0 17.0 98.0 36.0 
30.0 17.0 98.0 36.0 
30.0 17.0 98.0 36.0 
30.0 17.0 98.0 36.0 
30.0 17.0 98.0 36.0 
99.0 60.0 84.0 30.0 
99.0 60.0 84.0 30.0 
99.0 60.0 84.0 30.0 
99.0 60.0 84.0 30.0 
12.0 99.0 61.0 24.0 
12.0 99.0 61.0 24.0 
12.0 99.0 61.0 24.0 
95.0 52.0 57.0 35.0 
95.0 52.0 57.0 35.0 
95.0 52.0 57.0 35.0 
95.0 52.0 57.0 35.0 
77.0 50.0 45.0 51.0 
77.0 50.0 45.0 51.0 
77.0 50.0 45.0 51.0 
48.0 99.0 15.0 19.0 
93.0 19.0 23.0 97.0 
93.0 19.0 23.0 97.0 
93.0 19.0 23.0 97.0 
