29.0 40.0 59.0 
29.0 40.0 59.0 
29.0 40.0 59.0 
29.0 40.0 59.0 
29.0 40.0 59.0 
29.0 40.0 59.0 
29.0 40.0 59.0 
29.0 40.0 59.0 
29.0 40.0 59.0 
29.0 40.0 59.0 
29.0 40.0 59.0 
29.0 40.0 59.0 
29.0 40.0 59.0 
29.0 40.0 59.0 
29.0 40.0 59.0 
29.0 40.0 59.0 
29.0 40.0 59.0 
29.0 40.0 59.0 
29.0 40.0 59.0 
29.0 40.0 59.0 
29.0 40.0 59.0 
29.0 40.0 59.0 
29.0 40.0 59.0 
29.0 40.0 59.0 
29.0 40.0 59.0 
29.0 40.0 59.0 
29.0 40.0 59.0 
29.0 40.0 59.0 
29.0 40.0 59.0 
29.0 40.0 59.0 
29.0 40.0 59.0 
29.0 40.0 59.0 
29.0 40.0 59.0 
29.0 40.0 59.0 
29.0 40.0 59.0 
29.0 40.0 59.0 
29.0 40.0 59.0 
29.0 40.0 59.0 
29.0 40.0 59.0 
29.0 40.0 59.0 
29.0 40.0 59.0 
29.0 40.0 59.0 
29.0 40.0 59.0 
29.0 40.0 59.0 
29.0 40.0 59.0 
29.0 40.0 59.0 
29.0 40.0 59.0 
29.0 40.0 59.0 
29.0 40.0 59.0 
29.0 40.0 59.0 
29.0 40.0 59.0 
29.0 40.0 59.0 
29.0 40.0 59.0 
29.0 40.0 59.0 
29.0 40.0 59.0 
29.0 40.0 59.0 
29.0 40.0 59.0 
29.0 40.0 59.0 
29.0 40.0 59.0 
29.0 40.0 59.0 
29.0 40.0 59.0 
29.0 40.0 59.0 
29.0 40.0 59.0 
29.0 40.0 59.0 
29.0 40.0 59.0 
29.0 40.0 59.0 
29.0 40.0 59.0 
29.0 40.0 59.0 
29.0 40.0 59.0 
29.0 40.0 59.0 
29.0 40.0 59.0 
29.0 40.0 59.0 
29.0 40.0 59.0 
29.0 40.0 59.0 
29.0 40.0 59.0 
29.0 40.0 59.0 
29.0 40.0 59.0 
29.0 40.0 59.0 
29.0 40.0 59.0 
29.0 40.0 59.0 
29.0 40.0 59.0 
29.0 40.0 59.0 
29.0 40.0 59.0 
29.0 40.0 59.0 
29.0 40.0 59.0 
29.0 40.0 59.0 
29.0 40.0 59.0 
29.0 40.0 59.0 
29.0 40.0 59.0 
29.0 40.0 59.0 
29.0 40.0 59.0 
29.0 40.0 59.0 
29.0 40.0 59.0 
95.0 59.0 44.0 
96.0 95.0 75.0 
37.0 29.0 19.0 
61.0 84.0 32.0 
18.0 65.0 34.0 
71.0 56.0 37.0 
71.0 56.0 37.0 
