90.0 26.0 20.0 44.0 11.0 
90.0 26.0 20.0 44.0 11.0 
90.0 26.0 20.0 44.0 11.0 
90.0 26.0 20.0 44.0 11.0 
90.0 26.0 20.0 44.0 11.0 
90.0 26.0 20.0 44.0 11.0 
90.0 26.0 20.0 44.0 11.0 
90.0 26.0 20.0 44.0 11.0 
90.0 26.0 20.0 44.0 11.0 
90.0 26.0 20.0 44.0 11.0 
90.0 26.0 20.0 44.0 11.0 
90.0 26.0 20.0 44.0 11.0 
90.0 26.0 20.0 44.0 11.0 
90.0 26.0 20.0 44.0 11.0 
90.0 26.0 20.0 44.0 11.0 
90.0 26.0 20.0 44.0 11.0 
90.0 26.0 20.0 44.0 11.0 
90.0 26.0 20.0 44.0 11.0 
90.0 26.0 20.0 44.0 11.0 
90.0 26.0 20.0 44.0 11.0 
90.0 26.0 20.0 44.0 11.0 
90.0 26.0 20.0 44.0 11.0 
90.0 26.0 20.0 44.0 11.0 
90.0 26.0 20.0 44.0 11.0 
90.0 26.0 20.0 44.0 11.0 
90.0 26.0 20.0 44.0 11.0 
90.0 26.0 20.0 44.0 11.0 
90.0 26.0 20.0 44.0 11.0 
90.0 26.0 20.0 44.0 11.0 
90.0 26.0 20.0 44.0 11.0 
90.0 26.0 20.0 44.0 11.0 
90.0 26.0 20.0 44.0 11.0 
90.0 26.0 20.0 44.0 11.0 
90.0 26.0 20.0 44.0 11.0 
90.0 26.0 20.0 44.0 11.0 
90.0 26.0 20.0 44.0 11.0 
90.0 26.0 20.0 44.0 11.0 
90.0 26.0 20.0 44.0 11.0 
90.0 26.0 20.0 44.0 11.0 
90.0 26.0 20.0 44.0 11.0 
90.0 26.0 20.0 44.0 11.0 
90.0 26.0 20.0 44.0 11.0 
90.0 26.0 20.0 44.0 11.0 
90.0 26.0 20.0 44.0 11.0 
90.0 26.0 20.0 44.0 11.0 
90.0 26.0 20.0 44.0 11.0 
90.0 26.0 20.0 44.0 11.0 
90.0 26.0 20.0 44.0 11.0 
90.0 26.0 20.0 44.0 11.0 
90.0 26.0 20.0 44.0 11.0 
90.0 26.0 20.0 44.0 11.0 
90.0 26.0 20.0 44.0 11.0 
90.0 26.0 20.0 44.0 11.0 
90.0 26.0 20.0 44.0 11.0 
90.0 26.0 20.0 44.0 11.0 
90.0 26.0 20.0 44.0 11.0 
90.0 26.0 20.0 44.0 11.0 
90.0 26.0 20.0 44.0 11.0 
90.0 26.0 20.0 44.0 11.0 
90.0 26.0 20.0 44.0 11.0 
90.0 26.0 20.0 44.0 11.0 
90.0 26.0 20.0 44.0 11.0 
90.0 26.0 20.0 44.0 11.0 
69.0 69.0 27.0 33.0 14.0 
69.0 69.0 27.0 33.0 14.0 
69.0 69.0 27.0 33.0 14.0 
69.0 69.0 27.0 33.0 14.0 
69.0 69.0 27.0 33.0 14.0 
69.0 69.0 27.0 33.0 14.0 
69.0 69.0 27.0 33.0 14.0 
69.0 69.0 27.0 33.0 14.0 
69.0 69.0 27.0 33.0 14.0 
69.0 69.0 27.0 33.0 14.0 
69.0 69.0 27.0 33.0 14.0 
69.0 69.0 27.0 33.0 14.0 
69.0 69.0 27.0 33.0 14.0 
69.0 69.0 27.0 33.0 14.0 
69.0 69.0 27.0 33.0 14.0 
69.0 69.0 27.0 33.0 14.0 
69.0 69.0 27.0 33.0 14.0 
69.0 69.0 27.0 33.0 14.0 
69.0 69.0 27.0 33.0 14.0 
69.0 69.0 27.0 33.0 14.0 
69.0 69.0 27.0 33.0 14.0 
69.0 69.0 27.0 33.0 14.0 
69.0 69.0 27.0 33.0 14.0 
69.0 69.0 27.0 33.0 14.0 
69.0 69.0 27.0 33.0 14.0 
69.0 69.0 27.0 33.0 14.0 
63.0 83.0 31.0 59.0 12.0 
63.0 83.0 31.0 59.0 12.0 
63.0 83.0 31.0 59.0 12.0 
63.0 83.0 31.0 59.0 12.0 
38.0 97.0 69.0 20.0 70.0 
38.0 97.0 69.0 20.0 70.0 
62.0 44.0 94.0 31.0 31.0 
62.0 44.0 94.0 31.0 31.0 
91.0 61.0 78.0 84.0 54.0 
41.0 80.0 92.0 60.0 99.0 
41.0 80.0 92.0 60.0 99.0 
