49.0 11.0 68.0 
49.0 11.0 68.0 
49.0 11.0 68.0 
49.0 11.0 68.0 
49.0 11.0 68.0 
49.0 11.0 68.0 
49.0 11.0 68.0 
49.0 11.0 68.0 
49.0 11.0 68.0 
49.0 11.0 68.0 
49.0 11.0 68.0 
49.0 11.0 68.0 
49.0 11.0 68.0 
49.0 11.0 68.0 
49.0 11.0 68.0 
49.0 11.0 68.0 
49.0 11.0 68.0 
49.0 11.0 68.0 
49.0 11.0 68.0 
49.0 11.0 68.0 
49.0 11.0 68.0 
45.0 44.0 70.0 
45.0 44.0 70.0 
45.0 44.0 70.0 
45.0 44.0 70.0 
45.0 44.0 70.0 
45.0 44.0 70.0 
45.0 44.0 70.0 
45.0 44.0 70.0 
45.0 44.0 70.0 
14.0 36.0 59.0 
14.0 36.0 59.0 
14.0 36.0 59.0 
14.0 36.0 59.0 
14.0 36.0 59.0 
14.0 36.0 59.0 
14.0 36.0 59.0 
14.0 36.0 59.0 
14.0 36.0 59.0 
14.0 36.0 59.0 
14.0 36.0 59.0 
14.0 36.0 59.0 
14.0 36.0 59.0 
14.0 36.0 59.0 
14.0 36.0 59.0 
14.0 36.0 59.0 
14.0 36.0 59.0 
14.0 36.0 59.0 
14.0 36.0 59.0 
14.0 36.0 59.0 
14.0 36.0 59.0 
14.0 36.0 59.0 
14.0 36.0 59.0 
14.0 36.0 59.0 
14.0 36.0 59.0 
14.0 36.0 59.0 
14.0 36.0 59.0 
14.0 36.0 59.0 
14.0 36.0 59.0 
14.0 36.0 59.0 
14.0 36.0 59.0 
14.0 36.0 59.0 
14.0 36.0 59.0 
14.0 36.0 59.0 
14.0 36.0 59.0 
14.0 36.0 59.0 
14.0 36.0 59.0 
14.0 36.0 59.0 
14.0 36.0 59.0 
14.0 36.0 59.0 
14.0 36.0 59.0 
14.0 36.0 59.0 
14.0 36.0 59.0 
14.0 36.0 59.0 
14.0 36.0 59.0 
14.0 36.0 59.0 
14.0 36.0 59.0 
14.0 36.0 59.0 
14.0 36.0 59.0 
84.0 37.0 42.0 
84.0 37.0 42.0 
84.0 37.0 42.0 
84.0 37.0 42.0 
84.0 37.0 42.0 
84.0 37.0 42.0 
84.0 37.0 42.0 
84.0 37.0 42.0 
84.0 37.0 42.0 
84.0 37.0 42.0 
84.0 37.0 42.0 
84.0 37.0 42.0 
60.0 49.0 61.0 
60.0 84.0 51.0 
60.0 84.0 51.0 
81.0 50.0 40.0 
81.0 50.0 40.0 
62.0 45.0 30.0 
53.0 25.0 55.0 
34.0 79.0 47.0 
34.0 79.0 47.0 
