91.0 48.0 21.0 36.0 19.0 
91.0 48.0 21.0 36.0 19.0 
91.0 48.0 21.0 36.0 19.0 
91.0 48.0 21.0 36.0 19.0 
91.0 48.0 21.0 36.0 19.0 
91.0 48.0 21.0 36.0 19.0 
91.0 48.0 21.0 36.0 19.0 
91.0 48.0 21.0 36.0 19.0 
91.0 48.0 21.0 36.0 19.0 
91.0 48.0 21.0 36.0 19.0 
91.0 48.0 21.0 36.0 19.0 
91.0 48.0 21.0 36.0 19.0 
91.0 48.0 21.0 36.0 19.0 
91.0 48.0 21.0 36.0 19.0 
91.0 48.0 21.0 36.0 19.0 
91.0 48.0 21.0 36.0 19.0 
91.0 48.0 21.0 36.0 19.0 
91.0 48.0 21.0 36.0 19.0 
91.0 48.0 21.0 36.0 19.0 
91.0 48.0 21.0 36.0 19.0 
91.0 48.0 21.0 36.0 19.0 
91.0 48.0 21.0 36.0 19.0 
91.0 48.0 21.0 36.0 19.0 
91.0 48.0 21.0 36.0 19.0 
91.0 48.0 21.0 36.0 19.0 
91.0 48.0 21.0 36.0 19.0 
91.0 48.0 21.0 36.0 19.0 
91.0 48.0 21.0 36.0 19.0 
91.0 48.0 21.0 36.0 19.0 
91.0 48.0 21.0 36.0 19.0 
91.0 48.0 21.0 36.0 19.0 
91.0 48.0 21.0 36.0 19.0 
91.0 48.0 21.0 36.0 19.0 
91.0 48.0 21.0 36.0 19.0 
91.0 48.0 21.0 36.0 19.0 
91.0 48.0 21.0 36.0 19.0 
91.0 48.0 21.0 36.0 19.0 
91.0 48.0 21.0 36.0 19.0 
91.0 48.0 21.0 36.0 19.0 
91.0 48.0 21.0 36.0 19.0 
91.0 48.0 21.0 36.0 19.0 
91.0 48.0 21.0 36.0 19.0 
91.0 48.0 21.0 36.0 19.0 
91.0 48.0 21.0 36.0 19.0 
91.0 48.0 21.0 36.0 19.0 
91.0 48.0 21.0 36.0 19.0 
91.0 48.0 21.0 36.0 19.0 
91.0 48.0 21.0 36.0 19.0 
91.0 48.0 21.0 36.0 19.0 
91.0 48.0 21.0 36.0 19.0 
91.0 48.0 21.0 36.0 19.0 
72.0 23.0 88.0 13.0 16.0 
72.0 23.0 88.0 13.0 16.0 
72.0 23.0 88.0 13.0 16.0 
72.0 23.0 88.0 13.0 16.0 
72.0 23.0 88.0 13.0 16.0 
72.0 23.0 88.0 13.0 16.0 
72.0 23.0 88.0 13.0 16.0 
72.0 23.0 88.0 13.0 16.0 
72.0 23.0 88.0 13.0 16.0 
72.0 23.0 88.0 13.0 16.0 
72.0 23.0 88.0 13.0 16.0 
72.0 23.0 88.0 13.0 16.0 
72.0 23.0 88.0 13.0 16.0 
72.0 23.0 88.0 13.0 16.0 
72.0 23.0 88.0 13.0 16.0 
72.0 23.0 88.0 13.0 16.0 
72.0 23.0 88.0 13.0 16.0 
72.0 23.0 88.0 13.0 16.0 
72.0 23.0 88.0 13.0 16.0 
72.0 23.0 88.0 13.0 16.0 
72.0 23.0 88.0 13.0 16.0 
72.0 23.0 88.0 13.0 16.0 
72.0 23.0 88.0 13.0 16.0 
72.0 23.0 88.0 13.0 16.0 
72.0 23.0 88.0 13.0 16.0 
72.0 23.0 88.0 13.0 16.0 
72.0 23.0 88.0 13.0 16.0 
72.0 23.0 88.0 13.0 16.0 
72.0 23.0 88.0 13.0 16.0 
72.0 23.0 88.0 13.0 16.0 
72.0 23.0 88.0 13.0 16.0 
72.0 23.0 88.0 13.0 16.0 
72.0 23.0 88.0 13.0 16.0 
72.0 23.0 88.0 13.0 16.0 
72.0 23.0 88.0 13.0 16.0 
69.0 33.0 61.0 40.0 96.0 
69.0 33.0 61.0 40.0 96.0 
69.0 33.0 61.0 40.0 96.0 
69.0 33.0 61.0 40.0 96.0 
44.0 64.0 30.0 77.0 11.0 
44.0 64.0 30.0 77.0 11.0 
98.0 73.0 31.0 73.0 40.0 
18.0 30.0 51.0 21.0 91.0 
85.0 95.0 31.0 81.0 59.0 
85.0 95.0 31.0 81.0 59.0 
41.0 33.0 39.0 96.0 13.0 
38.0 60.0 28.0 36.0 63.0 
38.0 60.0 28.0 36.0 63.0 
38.0 60.0 28.0 36.0 63.0 
