40.0 49.0 100.0 
40.0 49.0 100.0 
40.0 49.0 100.0 
40.0 49.0 100.0 
40.0 49.0 100.0 
40.0 49.0 100.0 
40.0 49.0 100.0 
40.0 49.0 100.0 
40.0 49.0 100.0 
40.0 49.0 100.0 
40.0 49.0 100.0 
40.0 49.0 100.0 
40.0 49.0 100.0 
40.0 49.0 100.0 
40.0 49.0 100.0 
40.0 49.0 100.0 
40.0 49.0 100.0 
40.0 49.0 100.0 
40.0 49.0 100.0 
84.0 79.0 64.0 
84.0 79.0 64.0 
84.0 79.0 64.0 
84.0 79.0 64.0 
84.0 79.0 64.0 
84.0 79.0 64.0 
84.0 79.0 64.0 
84.0 79.0 64.0 
84.0 79.0 64.0 
84.0 79.0 64.0 
84.0 79.0 64.0 
84.0 79.0 64.0 
84.0 79.0 64.0 
84.0 79.0 64.0 
84.0 79.0 64.0 
84.0 79.0 64.0 
84.0 79.0 64.0 
84.0 79.0 64.0 
84.0 79.0 64.0 
84.0 79.0 64.0 
84.0 79.0 64.0 
84.0 79.0 64.0 
84.0 79.0 64.0 
84.0 79.0 64.0 
84.0 79.0 64.0 
84.0 79.0 64.0 
84.0 79.0 64.0 
84.0 79.0 64.0 
84.0 79.0 64.0 
84.0 79.0 64.0 
84.0 79.0 64.0 
17.0 53.0 79.0 
17.0 53.0 79.0 
17.0 53.0 79.0 
17.0 53.0 79.0 
17.0 53.0 79.0 
17.0 53.0 79.0 
17.0 53.0 79.0 
17.0 53.0 79.0 
17.0 53.0 79.0 
17.0 53.0 79.0 
17.0 53.0 79.0 
17.0 53.0 79.0 
17.0 53.0 79.0 
17.0 53.0 79.0 
17.0 53.0 79.0 
17.0 53.0 79.0 
17.0 53.0 79.0 
32.0 16.0 88.0 
32.0 16.0 88.0 
32.0 16.0 88.0 
32.0 16.0 88.0 
32.0 16.0 88.0 
32.0 16.0 88.0 
32.0 16.0 88.0 
32.0 16.0 88.0 
32.0 16.0 88.0 
32.0 16.0 88.0 
32.0 16.0 88.0 
32.0 16.0 88.0 
32.0 16.0 88.0 
32.0 16.0 88.0 
32.0 16.0 88.0 
61.0 24.0 50.0 
61.0 24.0 50.0 
61.0 24.0 50.0 
61.0 24.0 50.0 
61.0 24.0 50.0 
61.0 24.0 50.0 
61.0 24.0 50.0 
61.0 24.0 50.0 
61.0 24.0 50.0 
61.0 24.0 50.0 
61.0 24.0 50.0 
61.0 24.0 50.0 
61.0 24.0 50.0 
61.0 24.0 50.0 
61.0 24.0 50.0 
61.0 24.0 50.0 
61.0 24.0 50.0 
61.0 24.0 50.0 
