18.0 55.0 93.0 
18.0 55.0 93.0 
18.0 55.0 93.0 
18.0 55.0 93.0 
18.0 55.0 93.0 
18.0 55.0 93.0 
18.0 55.0 93.0 
98.0 27.0 14.0 
98.0 27.0 14.0 
98.0 27.0 14.0 
98.0 27.0 14.0 
98.0 27.0 14.0 
98.0 27.0 14.0 
98.0 27.0 14.0 
98.0 27.0 14.0 
98.0 27.0 14.0 
98.0 27.0 14.0 
98.0 27.0 14.0 
98.0 27.0 14.0 
98.0 27.0 14.0 
98.0 27.0 14.0 
98.0 27.0 14.0 
98.0 27.0 14.0 
98.0 27.0 14.0 
98.0 27.0 14.0 
98.0 27.0 14.0 
98.0 27.0 14.0 
98.0 27.0 14.0 
98.0 27.0 14.0 
98.0 27.0 14.0 
98.0 27.0 14.0 
98.0 27.0 14.0 
98.0 27.0 14.0 
98.0 27.0 14.0 
98.0 27.0 14.0 
98.0 27.0 14.0 
98.0 27.0 14.0 
98.0 27.0 14.0 
98.0 27.0 14.0 
98.0 27.0 14.0 
98.0 27.0 14.0 
98.0 27.0 14.0 
98.0 27.0 14.0 
98.0 27.0 14.0 
98.0 27.0 14.0 
98.0 27.0 14.0 
98.0 27.0 14.0 
98.0 27.0 14.0 
24.0 17.0 12.0 
24.0 17.0 12.0 
24.0 17.0 12.0 
24.0 17.0 12.0 
24.0 17.0 12.0 
24.0 17.0 12.0 
24.0 17.0 12.0 
24.0 17.0 12.0 
24.0 17.0 12.0 
24.0 17.0 12.0 
24.0 17.0 12.0 
24.0 17.0 12.0 
24.0 17.0 12.0 
24.0 17.0 12.0 
24.0 17.0 12.0 
24.0 17.0 12.0 
24.0 17.0 12.0 
24.0 17.0 12.0 
24.0 17.0 12.0 
24.0 17.0 12.0 
24.0 17.0 12.0 
24.0 17.0 12.0 
24.0 17.0 12.0 
24.0 17.0 12.0 
24.0 17.0 12.0 
24.0 17.0 12.0 
24.0 17.0 12.0 
24.0 17.0 12.0 
24.0 17.0 12.0 
54.0 74.0 90.0 
54.0 74.0 90.0 
54.0 74.0 90.0 
54.0 74.0 90.0 
54.0 74.0 90.0 
54.0 74.0 90.0 
54.0 74.0 90.0 
54.0 74.0 90.0 
54.0 74.0 90.0 
54.0 74.0 90.0 
54.0 74.0 90.0 
54.0 74.0 90.0 
54.0 74.0 90.0 
54.0 74.0 90.0 
54.0 74.0 90.0 
54.0 74.0 90.0 
54.0 74.0 90.0 
54.0 74.0 90.0 
54.0 74.0 90.0 
54.0 74.0 90.0 
54.0 74.0 90.0 
54.0 74.0 90.0 
54.0 74.0 90.0 
