50.0 39.0 33.0 11.0 
50.0 39.0 33.0 11.0 
50.0 39.0 33.0 11.0 
50.0 39.0 33.0 11.0 
50.0 39.0 33.0 11.0 
50.0 39.0 33.0 11.0 
50.0 39.0 33.0 11.0 
68.0 25.0 33.0 100.0 
68.0 25.0 33.0 100.0 
68.0 25.0 33.0 100.0 
68.0 25.0 33.0 100.0 
68.0 25.0 33.0 100.0 
68.0 25.0 33.0 100.0 
68.0 25.0 33.0 100.0 
68.0 25.0 33.0 100.0 
68.0 25.0 33.0 100.0 
68.0 25.0 33.0 100.0 
68.0 25.0 33.0 100.0 
68.0 25.0 33.0 100.0 
68.0 25.0 33.0 100.0 
68.0 25.0 33.0 100.0 
68.0 25.0 33.0 100.0 
68.0 25.0 33.0 100.0 
68.0 25.0 33.0 100.0 
68.0 25.0 33.0 100.0 
68.0 25.0 33.0 100.0 
68.0 25.0 33.0 100.0 
68.0 25.0 33.0 100.0 
68.0 25.0 33.0 100.0 
68.0 25.0 33.0 100.0 
68.0 25.0 33.0 100.0 
68.0 25.0 33.0 100.0 
68.0 25.0 33.0 100.0 
68.0 25.0 33.0 100.0 
68.0 25.0 33.0 100.0 
68.0 25.0 33.0 100.0 
68.0 25.0 33.0 100.0 
68.0 25.0 33.0 100.0 
68.0 25.0 33.0 100.0 
68.0 25.0 33.0 100.0 
68.0 25.0 33.0 100.0 
68.0 25.0 33.0 100.0 
68.0 25.0 33.0 100.0 
68.0 25.0 33.0 100.0 
68.0 25.0 33.0 100.0 
68.0 25.0 33.0 100.0 
68.0 25.0 33.0 100.0 
68.0 25.0 33.0 100.0 
68.0 25.0 33.0 100.0 
68.0 25.0 33.0 100.0 
68.0 25.0 33.0 100.0 
68.0 25.0 33.0 100.0 
68.0 25.0 33.0 100.0 
68.0 25.0 33.0 100.0 
68.0 25.0 33.0 100.0 
68.0 25.0 33.0 100.0 
68.0 25.0 33.0 100.0 
68.0 25.0 33.0 100.0 
68.0 25.0 33.0 100.0 
68.0 25.0 33.0 100.0 
68.0 25.0 33.0 100.0 
68.0 25.0 33.0 100.0 
68.0 25.0 33.0 100.0 
68.0 25.0 33.0 100.0 
68.0 25.0 33.0 100.0 
68.0 25.0 33.0 100.0 
68.0 25.0 33.0 100.0 
68.0 25.0 33.0 100.0 
68.0 25.0 33.0 100.0 
68.0 25.0 33.0 100.0 
68.0 25.0 33.0 100.0 
68.0 25.0 33.0 100.0 
68.0 25.0 33.0 100.0 
68.0 25.0 33.0 100.0 
68.0 25.0 33.0 100.0 
68.0 25.0 33.0 100.0 
68.0 25.0 33.0 100.0 
68.0 25.0 33.0 100.0 
68.0 25.0 33.0 100.0 
68.0 25.0 33.0 100.0 
68.0 25.0 33.0 100.0 
68.0 25.0 33.0 100.0 
68.0 25.0 33.0 100.0 
68.0 25.0 33.0 100.0 
68.0 25.0 33.0 100.0 
68.0 25.0 33.0 100.0 
68.0 25.0 33.0 100.0 
68.0 25.0 33.0 100.0 
68.0 25.0 33.0 100.0 
68.0 25.0 33.0 100.0 
68.0 25.0 33.0 100.0 
63.0 57.0 91.0 49.0 
39.0 44.0 100.0 70.0 
39.0 56.0 75.0 62.0 
53.0 43.0 54.0 31.0 
59.0 41.0 22.0 92.0 
94.0 86.0 80.0 15.0 
69.0 67.0 65.0 29.0 
18.0 14.0 55.0 54.0 
18.0 14.0 55.0 54.0 
