97.0 82.0 35.0 
97.0 82.0 35.0 
97.0 82.0 35.0 
97.0 82.0 35.0 
97.0 82.0 35.0 
97.0 82.0 35.0 
97.0 82.0 35.0 
97.0 82.0 35.0 
97.0 82.0 35.0 
97.0 82.0 35.0 
97.0 82.0 35.0 
97.0 82.0 35.0 
97.0 82.0 35.0 
97.0 82.0 35.0 
97.0 82.0 35.0 
97.0 82.0 35.0 
97.0 82.0 35.0 
97.0 82.0 35.0 
97.0 82.0 35.0 
97.0 82.0 35.0 
97.0 82.0 35.0 
97.0 82.0 35.0 
97.0 82.0 35.0 
97.0 82.0 35.0 
97.0 82.0 35.0 
68.0 20.0 58.0 
68.0 20.0 58.0 
68.0 20.0 58.0 
68.0 20.0 58.0 
68.0 20.0 58.0 
68.0 20.0 58.0 
68.0 20.0 58.0 
68.0 20.0 58.0 
68.0 20.0 58.0 
68.0 20.0 58.0 
68.0 20.0 58.0 
68.0 20.0 58.0 
68.0 20.0 58.0 
68.0 20.0 58.0 
68.0 20.0 58.0 
68.0 20.0 58.0 
68.0 20.0 58.0 
68.0 20.0 58.0 
68.0 20.0 58.0 
68.0 20.0 58.0 
73.0 30.0 46.0 
73.0 30.0 46.0 
73.0 30.0 46.0 
73.0 30.0 46.0 
73.0 30.0 46.0 
73.0 30.0 46.0 
73.0 30.0 46.0 
73.0 30.0 46.0 
73.0 30.0 46.0 
73.0 30.0 46.0 
73.0 30.0 46.0 
73.0 30.0 46.0 
73.0 30.0 46.0 
73.0 30.0 46.0 
73.0 30.0 46.0 
73.0 30.0 46.0 
73.0 30.0 46.0 
73.0 30.0 46.0 
73.0 30.0 46.0 
73.0 30.0 46.0 
73.0 30.0 46.0 
73.0 30.0 46.0 
73.0 30.0 46.0 
73.0 30.0 46.0 
73.0 30.0 46.0 
66.0 54.0 44.0 
81.0 42.0 85.0 
72.0 35.0 42.0 
72.0 35.0 42.0 
72.0 35.0 42.0 
72.0 35.0 42.0 
72.0 35.0 42.0 
72.0 35.0 42.0 
72.0 35.0 42.0 
72.0 35.0 42.0 
72.0 35.0 42.0 
72.0 35.0 42.0 
72.0 35.0 42.0 
72.0 35.0 42.0 
72.0 35.0 42.0 
72.0 35.0 42.0 
47.0 13.0 72.0 
47.0 13.0 72.0 
47.0 13.0 72.0 
47.0 13.0 72.0 
47.0 13.0 72.0 
47.0 13.0 72.0 
47.0 13.0 72.0 
29.0 23.0 59.0 
25.0 90.0 96.0 
25.0 90.0 96.0 
25.0 90.0 96.0 
25.0 90.0 96.0 
77.0 70.0 29.0 
77.0 70.0 29.0 
