80.0 18.0 38.0 
80.0 18.0 38.0 
80.0 18.0 38.0 
80.0 18.0 38.0 
80.0 18.0 38.0 
80.0 18.0 38.0 
80.0 18.0 38.0 
80.0 18.0 38.0 
80.0 18.0 38.0 
80.0 18.0 38.0 
80.0 18.0 38.0 
80.0 18.0 38.0 
80.0 18.0 38.0 
80.0 18.0 38.0 
80.0 18.0 38.0 
80.0 18.0 38.0 
80.0 18.0 38.0 
80.0 18.0 38.0 
80.0 18.0 38.0 
80.0 18.0 38.0 
80.0 18.0 38.0 
80.0 18.0 38.0 
80.0 18.0 38.0 
80.0 18.0 38.0 
80.0 18.0 38.0 
80.0 18.0 38.0 
80.0 18.0 38.0 
80.0 18.0 38.0 
80.0 18.0 38.0 
80.0 18.0 38.0 
80.0 18.0 38.0 
80.0 18.0 38.0 
80.0 18.0 38.0 
80.0 18.0 38.0 
80.0 18.0 38.0 
80.0 18.0 38.0 
80.0 18.0 38.0 
80.0 18.0 38.0 
80.0 18.0 38.0 
80.0 18.0 38.0 
80.0 18.0 38.0 
80.0 18.0 38.0 
80.0 18.0 38.0 
80.0 18.0 38.0 
80.0 18.0 38.0 
80.0 18.0 38.0 
80.0 18.0 38.0 
80.0 18.0 38.0 
80.0 18.0 38.0 
80.0 18.0 38.0 
80.0 18.0 38.0 
80.0 18.0 38.0 
80.0 18.0 38.0 
80.0 18.0 38.0 
80.0 18.0 38.0 
80.0 18.0 38.0 
80.0 18.0 38.0 
80.0 18.0 38.0 
80.0 18.0 38.0 
80.0 18.0 38.0 
80.0 18.0 38.0 
80.0 18.0 38.0 
80.0 18.0 38.0 
80.0 18.0 38.0 
80.0 18.0 38.0 
80.0 18.0 38.0 
80.0 18.0 38.0 
80.0 18.0 38.0 
80.0 18.0 38.0 
80.0 18.0 38.0 
80.0 18.0 38.0 
80.0 18.0 38.0 
80.0 18.0 38.0 
80.0 18.0 38.0 
59.0 71.0 68.0 
36.0 48.0 34.0 
36.0 48.0 34.0 
36.0 48.0 34.0 
36.0 48.0 34.0 
36.0 48.0 34.0 
36.0 48.0 34.0 
36.0 48.0 34.0 
36.0 48.0 34.0 
44.0 75.0 63.0 
44.0 75.0 63.0 
44.0 75.0 63.0 
44.0 75.0 63.0 
44.0 75.0 63.0 
93.0 88.0 82.0 
93.0 88.0 82.0 
93.0 88.0 82.0 
93.0 88.0 82.0 
93.0 88.0 82.0 
93.0 88.0 82.0 
46.0 55.0 22.0 
46.0 55.0 22.0 
46.0 55.0 22.0 
46.0 55.0 22.0 
46.0 55.0 22.0 
46.0 55.0 22.0 
