78.0 36.0 48.0 
78.0 36.0 48.0 
78.0 36.0 48.0 
78.0 36.0 48.0 
78.0 36.0 48.0 
78.0 36.0 48.0 
78.0 36.0 48.0 
78.0 36.0 48.0 
78.0 36.0 48.0 
78.0 36.0 48.0 
78.0 36.0 48.0 
78.0 36.0 48.0 
78.0 36.0 48.0 
78.0 36.0 48.0 
78.0 36.0 48.0 
78.0 36.0 48.0 
78.0 36.0 48.0 
78.0 36.0 48.0 
78.0 36.0 48.0 
78.0 36.0 48.0 
78.0 36.0 48.0 
78.0 36.0 48.0 
78.0 36.0 48.0 
78.0 36.0 48.0 
78.0 36.0 48.0 
78.0 36.0 48.0 
78.0 36.0 48.0 
78.0 36.0 48.0 
78.0 36.0 48.0 
78.0 36.0 48.0 
78.0 36.0 48.0 
78.0 36.0 48.0 
78.0 36.0 48.0 
78.0 36.0 48.0 
78.0 36.0 48.0 
78.0 36.0 48.0 
78.0 36.0 48.0 
78.0 36.0 48.0 
78.0 36.0 48.0 
78.0 36.0 48.0 
78.0 36.0 48.0 
78.0 36.0 48.0 
78.0 36.0 48.0 
78.0 36.0 48.0 
78.0 36.0 48.0 
78.0 36.0 48.0 
78.0 36.0 48.0 
78.0 36.0 48.0 
78.0 36.0 48.0 
78.0 36.0 48.0 
78.0 36.0 48.0 
78.0 36.0 48.0 
78.0 36.0 48.0 
78.0 36.0 48.0 
78.0 36.0 48.0 
78.0 36.0 48.0 
78.0 36.0 48.0 
78.0 36.0 48.0 
78.0 36.0 48.0 
78.0 36.0 48.0 
78.0 36.0 48.0 
80.0 91.0 73.0 
80.0 91.0 73.0 
80.0 91.0 73.0 
80.0 91.0 73.0 
80.0 91.0 73.0 
80.0 91.0 73.0 
80.0 91.0 73.0 
80.0 91.0 73.0 
80.0 91.0 73.0 
80.0 91.0 73.0 
80.0 91.0 73.0 
80.0 91.0 73.0 
80.0 91.0 73.0 
80.0 91.0 73.0 
80.0 91.0 73.0 
80.0 91.0 73.0 
80.0 91.0 73.0 
80.0 91.0 73.0 
80.0 91.0 73.0 
80.0 91.0 73.0 
80.0 91.0 73.0 
80.0 91.0 73.0 
80.0 91.0 73.0 
80.0 91.0 73.0 
80.0 91.0 73.0 
80.0 91.0 73.0 
80.0 91.0 73.0 
92.0 54.0 61.0 
92.0 54.0 61.0 
92.0 54.0 61.0 
92.0 54.0 61.0 
90.0 29.0 34.0 
90.0 29.0 34.0 
90.0 41.0 51.0 
30.0 77.0 99.0 
30.0 77.0 99.0 
14.0 32.0 86.0 
99.0 73.0 78.0 
99.0 73.0 78.0 
