43.0 20.0 59.0 14.0 46.0 
43.0 20.0 59.0 14.0 46.0 
43.0 20.0 59.0 14.0 46.0 
43.0 20.0 59.0 14.0 46.0 
43.0 20.0 59.0 14.0 46.0 
43.0 20.0 59.0 14.0 46.0 
43.0 20.0 59.0 14.0 46.0 
43.0 20.0 59.0 14.0 46.0 
43.0 20.0 59.0 14.0 46.0 
43.0 20.0 59.0 14.0 46.0 
43.0 20.0 59.0 14.0 46.0 
43.0 20.0 59.0 14.0 46.0 
43.0 20.0 59.0 14.0 46.0 
43.0 20.0 59.0 14.0 46.0 
43.0 20.0 59.0 14.0 46.0 
43.0 20.0 59.0 14.0 46.0 
43.0 20.0 59.0 14.0 46.0 
43.0 20.0 59.0 14.0 46.0 
43.0 20.0 59.0 14.0 46.0 
43.0 20.0 59.0 14.0 46.0 
43.0 20.0 59.0 14.0 46.0 
43.0 20.0 59.0 14.0 46.0 
43.0 20.0 59.0 14.0 46.0 
43.0 20.0 59.0 14.0 46.0 
43.0 20.0 59.0 14.0 46.0 
43.0 20.0 59.0 14.0 46.0 
43.0 20.0 59.0 14.0 46.0 
43.0 20.0 59.0 14.0 46.0 
43.0 20.0 59.0 14.0 46.0 
43.0 20.0 59.0 14.0 46.0 
43.0 20.0 59.0 14.0 46.0 
43.0 20.0 59.0 14.0 46.0 
43.0 20.0 59.0 14.0 46.0 
43.0 20.0 59.0 14.0 46.0 
43.0 20.0 59.0 14.0 46.0 
43.0 20.0 59.0 14.0 46.0 
43.0 20.0 59.0 14.0 46.0 
43.0 20.0 59.0 14.0 46.0 
43.0 20.0 59.0 14.0 46.0 
43.0 20.0 59.0 14.0 46.0 
43.0 20.0 59.0 14.0 46.0 
43.0 20.0 59.0 14.0 46.0 
43.0 20.0 59.0 14.0 46.0 
43.0 20.0 59.0 14.0 46.0 
43.0 20.0 59.0 14.0 46.0 
43.0 20.0 59.0 14.0 46.0 
43.0 20.0 59.0 14.0 46.0 
43.0 20.0 59.0 14.0 46.0 
43.0 20.0 59.0 14.0 46.0 
43.0 20.0 59.0 14.0 46.0 
43.0 20.0 59.0 14.0 46.0 
43.0 20.0 59.0 14.0 46.0 
33.0 86.0 57.0 31.0 85.0 
33.0 86.0 57.0 31.0 85.0 
33.0 86.0 57.0 31.0 85.0 
33.0 86.0 57.0 31.0 85.0 
33.0 86.0 57.0 31.0 85.0 
33.0 86.0 57.0 31.0 85.0 
33.0 86.0 57.0 31.0 85.0 
33.0 86.0 57.0 31.0 85.0 
33.0 86.0 57.0 31.0 85.0 
33.0 86.0 57.0 31.0 85.0 
33.0 86.0 57.0 31.0 85.0 
33.0 86.0 57.0 31.0 85.0 
33.0 86.0 57.0 31.0 85.0 
33.0 86.0 57.0 31.0 85.0 
33.0 86.0 57.0 31.0 85.0 
33.0 86.0 57.0 31.0 85.0 
33.0 86.0 57.0 31.0 85.0 
33.0 86.0 57.0 31.0 85.0 
33.0 86.0 57.0 31.0 85.0 
33.0 86.0 57.0 31.0 85.0 
33.0 86.0 57.0 31.0 85.0 
30.0 78.0 71.0 14.0 58.0 
12.0 89.0 51.0 99.0 21.0 
12.0 89.0 51.0 99.0 21.0 
12.0 89.0 51.0 99.0 21.0 
12.0 89.0 51.0 99.0 21.0 
12.0 89.0 51.0 99.0 21.0 
12.0 89.0 51.0 99.0 21.0 
12.0 89.0 51.0 99.0 21.0 
12.0 89.0 51.0 99.0 21.0 
12.0 89.0 51.0 99.0 21.0 
12.0 89.0 51.0 99.0 21.0 
12.0 89.0 51.0 99.0 21.0 
12.0 89.0 51.0 99.0 21.0 
12.0 89.0 51.0 99.0 21.0 
12.0 89.0 51.0 99.0 21.0 
12.0 89.0 51.0 99.0 21.0 
12.0 89.0 51.0 99.0 21.0 
46.0 84.0 92.0 28.0 60.0 
46.0 84.0 92.0 28.0 60.0 
46.0 84.0 92.0 28.0 60.0 
74.0 60.0 51.0 57.0 50.0 
74.0 60.0 51.0 57.0 50.0 
80.0 80.0 47.0 53.0 85.0 
53.0 89.0 42.0 30.0 75.0 
43.0 35.0 54.0 52.0 67.0 
29.0 81.0 67.0 48.0 88.0 
29.0 81.0 67.0 48.0 88.0 
