20.0 55.0 97.0 79.0 
20.0 55.0 97.0 79.0 
20.0 55.0 97.0 79.0 
20.0 55.0 97.0 79.0 
20.0 55.0 97.0 79.0 
20.0 55.0 97.0 79.0 
20.0 55.0 97.0 79.0 
20.0 55.0 97.0 79.0 
20.0 55.0 97.0 79.0 
20.0 55.0 97.0 79.0 
20.0 55.0 97.0 79.0 
20.0 55.0 97.0 79.0 
20.0 55.0 97.0 79.0 
20.0 55.0 97.0 79.0 
20.0 55.0 97.0 79.0 
20.0 55.0 97.0 79.0 
20.0 55.0 97.0 79.0 
20.0 55.0 97.0 79.0 
20.0 55.0 97.0 79.0 
20.0 55.0 97.0 79.0 
20.0 55.0 97.0 79.0 
20.0 55.0 97.0 79.0 
20.0 55.0 97.0 79.0 
20.0 55.0 97.0 79.0 
20.0 55.0 97.0 79.0 
20.0 55.0 97.0 79.0 
20.0 55.0 97.0 79.0 
20.0 55.0 97.0 79.0 
20.0 55.0 97.0 79.0 
20.0 55.0 97.0 79.0 
20.0 55.0 97.0 79.0 
20.0 55.0 97.0 79.0 
20.0 55.0 97.0 79.0 
20.0 55.0 97.0 79.0 
20.0 55.0 97.0 79.0 
20.0 55.0 97.0 79.0 
20.0 55.0 97.0 79.0 
20.0 55.0 97.0 79.0 
20.0 55.0 97.0 79.0 
20.0 55.0 97.0 79.0 
20.0 55.0 97.0 79.0 
20.0 55.0 97.0 79.0 
20.0 55.0 97.0 79.0 
20.0 55.0 97.0 79.0 
20.0 55.0 97.0 79.0 
20.0 55.0 97.0 79.0 
20.0 55.0 97.0 79.0 
20.0 55.0 97.0 79.0 
20.0 55.0 97.0 79.0 
20.0 55.0 97.0 79.0 
20.0 55.0 97.0 79.0 
20.0 55.0 97.0 79.0 
20.0 55.0 97.0 79.0 
20.0 55.0 97.0 79.0 
20.0 55.0 97.0 79.0 
20.0 55.0 97.0 79.0 
20.0 55.0 97.0 79.0 
20.0 55.0 97.0 79.0 
20.0 55.0 97.0 79.0 
20.0 55.0 97.0 79.0 
20.0 55.0 97.0 79.0 
20.0 55.0 97.0 79.0 
20.0 55.0 97.0 79.0 
20.0 55.0 97.0 79.0 
20.0 55.0 97.0 79.0 
20.0 55.0 97.0 79.0 
20.0 55.0 97.0 79.0 
20.0 55.0 97.0 79.0 
20.0 55.0 97.0 79.0 
20.0 55.0 97.0 79.0 
55.0 58.0 80.0 75.0 
91.0 16.0 57.0 52.0 
91.0 16.0 57.0 52.0 
91.0 16.0 57.0 52.0 
91.0 16.0 57.0 52.0 
91.0 16.0 57.0 52.0 
91.0 16.0 57.0 52.0 
91.0 16.0 57.0 52.0 
91.0 16.0 57.0 52.0 
40.0 19.0 50.0 59.0 
40.0 19.0 50.0 59.0 
40.0 19.0 50.0 59.0 
40.0 19.0 50.0 59.0 
40.0 19.0 50.0 59.0 
40.0 19.0 50.0 59.0 
40.0 19.0 50.0 59.0 
40.0 19.0 50.0 59.0 
40.0 19.0 50.0 59.0 
40.0 19.0 50.0 59.0 
40.0 19.0 50.0 59.0 
40.0 19.0 50.0 59.0 
40.0 19.0 50.0 59.0 
40.0 19.0 50.0 59.0 
40.0 19.0 50.0 59.0 
40.0 19.0 50.0 59.0 
40.0 19.0 50.0 59.0 
40.0 19.0 50.0 59.0 
40.0 19.0 50.0 59.0 
40.0 19.0 50.0 59.0 
40.0 19.0 50.0 59.0 
