90.0 71.0 80.0 60.0 39.0 
90.0 71.0 80.0 60.0 39.0 
90.0 71.0 80.0 60.0 39.0 
90.0 71.0 80.0 60.0 39.0 
90.0 71.0 80.0 60.0 39.0 
90.0 71.0 80.0 60.0 39.0 
90.0 71.0 80.0 60.0 39.0 
90.0 71.0 80.0 60.0 39.0 
90.0 71.0 80.0 60.0 39.0 
90.0 71.0 80.0 60.0 39.0 
90.0 71.0 80.0 60.0 39.0 
90.0 71.0 80.0 60.0 39.0 
90.0 71.0 80.0 60.0 39.0 
90.0 71.0 80.0 60.0 39.0 
90.0 71.0 80.0 60.0 39.0 
90.0 71.0 80.0 60.0 39.0 
90.0 71.0 80.0 60.0 39.0 
90.0 71.0 80.0 60.0 39.0 
90.0 71.0 80.0 60.0 39.0 
90.0 71.0 80.0 60.0 39.0 
90.0 71.0 80.0 60.0 39.0 
90.0 71.0 80.0 60.0 39.0 
90.0 71.0 80.0 60.0 39.0 
90.0 71.0 80.0 60.0 39.0 
90.0 71.0 80.0 60.0 39.0 
90.0 71.0 80.0 60.0 39.0 
90.0 71.0 80.0 60.0 39.0 
90.0 71.0 80.0 60.0 39.0 
90.0 71.0 80.0 60.0 39.0 
90.0 71.0 80.0 60.0 39.0 
90.0 71.0 80.0 60.0 39.0 
90.0 71.0 80.0 60.0 39.0 
90.0 71.0 80.0 60.0 39.0 
90.0 71.0 80.0 60.0 39.0 
90.0 71.0 80.0 60.0 39.0 
90.0 71.0 80.0 60.0 39.0 
90.0 71.0 80.0 60.0 39.0 
90.0 71.0 80.0 60.0 39.0 
90.0 71.0 80.0 60.0 39.0 
90.0 71.0 80.0 60.0 39.0 
90.0 71.0 80.0 60.0 39.0 
90.0 71.0 80.0 60.0 39.0 
90.0 71.0 80.0 60.0 39.0 
90.0 71.0 80.0 60.0 39.0 
90.0 71.0 80.0 60.0 39.0 
90.0 71.0 80.0 60.0 39.0 
90.0 71.0 80.0 60.0 39.0 
90.0 71.0 80.0 60.0 39.0 
90.0 71.0 80.0 60.0 39.0 
90.0 71.0 80.0 60.0 39.0 
90.0 71.0 80.0 60.0 39.0 
90.0 71.0 80.0 60.0 39.0 
90.0 71.0 80.0 60.0 39.0 
90.0 71.0 80.0 60.0 39.0 
37.0 93.0 51.0 85.0 84.0 
37.0 93.0 51.0 85.0 84.0 
37.0 93.0 51.0 85.0 84.0 
37.0 93.0 51.0 85.0 84.0 
37.0 93.0 51.0 85.0 84.0 
37.0 93.0 51.0 85.0 84.0 
37.0 93.0 51.0 85.0 84.0 
37.0 93.0 51.0 85.0 84.0 
37.0 93.0 51.0 85.0 84.0 
37.0 93.0 51.0 85.0 84.0 
37.0 93.0 51.0 85.0 84.0 
37.0 93.0 51.0 85.0 84.0 
37.0 93.0 51.0 85.0 84.0 
37.0 93.0 51.0 85.0 84.0 
37.0 93.0 51.0 85.0 84.0 
37.0 93.0 51.0 85.0 84.0 
37.0 93.0 51.0 85.0 84.0 
37.0 93.0 51.0 85.0 84.0 
37.0 93.0 51.0 85.0 84.0 
37.0 93.0 51.0 85.0 84.0 
37.0 93.0 51.0 85.0 84.0 
37.0 93.0 51.0 85.0 84.0 
37.0 93.0 51.0 85.0 84.0 
37.0 93.0 51.0 85.0 84.0 
37.0 93.0 51.0 85.0 84.0 
37.0 93.0 51.0 85.0 84.0 
37.0 93.0 51.0 85.0 84.0 
37.0 93.0 51.0 85.0 84.0 
37.0 93.0 51.0 85.0 84.0 
37.0 93.0 51.0 85.0 84.0 
37.0 93.0 51.0 85.0 84.0 
37.0 93.0 51.0 85.0 84.0 
37.0 93.0 51.0 85.0 84.0 
37.0 93.0 51.0 85.0 84.0 
37.0 93.0 51.0 85.0 84.0 
37.0 93.0 51.0 85.0 84.0 
37.0 93.0 51.0 85.0 84.0 
37.0 93.0 51.0 85.0 84.0 
32.0 89.0 23.0 62.0 53.0 
74.0 77.0 54.0 33.0 36.0 
74.0 77.0 54.0 33.0 36.0 
42.0 44.0 79.0 23.0 26.0 
96.0 32.0 58.0 12.0 26.0 
18.0 55.0 44.0 65.0 100.0 
22.0 78.0 15.0 54.0 20.0 
22.0 78.0 15.0 54.0 20.0 
