38.0 41.0 35.0 
38.0 41.0 35.0 
38.0 41.0 35.0 
38.0 41.0 35.0 
38.0 41.0 35.0 
38.0 41.0 35.0 
38.0 41.0 35.0 
38.0 41.0 35.0 
38.0 41.0 35.0 
38.0 41.0 35.0 
38.0 41.0 35.0 
38.0 41.0 35.0 
38.0 41.0 35.0 
38.0 41.0 35.0 
38.0 41.0 35.0 
38.0 41.0 35.0 
38.0 41.0 35.0 
38.0 41.0 35.0 
38.0 41.0 35.0 
38.0 41.0 35.0 
38.0 41.0 35.0 
38.0 41.0 35.0 
38.0 41.0 35.0 
38.0 41.0 35.0 
38.0 41.0 35.0 
38.0 41.0 35.0 
38.0 41.0 35.0 
38.0 41.0 35.0 
38.0 41.0 35.0 
38.0 41.0 35.0 
38.0 41.0 35.0 
38.0 41.0 35.0 
38.0 41.0 35.0 
38.0 41.0 35.0 
79.0 38.0 47.0 
79.0 38.0 47.0 
79.0 38.0 47.0 
79.0 38.0 47.0 
79.0 38.0 47.0 
79.0 38.0 47.0 
79.0 38.0 47.0 
79.0 38.0 47.0 
79.0 38.0 47.0 
79.0 38.0 47.0 
79.0 38.0 47.0 
79.0 38.0 47.0 
79.0 38.0 47.0 
79.0 38.0 47.0 
79.0 38.0 47.0 
79.0 38.0 47.0 
79.0 38.0 47.0 
79.0 38.0 47.0 
79.0 38.0 47.0 
79.0 38.0 47.0 
79.0 38.0 47.0 
77.0 79.0 45.0 
77.0 79.0 45.0 
77.0 79.0 45.0 
77.0 79.0 45.0 
77.0 79.0 45.0 
24.0 29.0 96.0 
24.0 29.0 96.0 
24.0 29.0 96.0 
24.0 29.0 96.0 
24.0 29.0 96.0 
24.0 29.0 96.0 
24.0 29.0 96.0 
24.0 29.0 96.0 
24.0 29.0 96.0 
24.0 29.0 96.0 
24.0 29.0 96.0 
24.0 29.0 96.0 
24.0 29.0 96.0 
24.0 29.0 96.0 
24.0 29.0 96.0 
24.0 29.0 96.0 
24.0 29.0 96.0 
24.0 29.0 96.0 
24.0 29.0 96.0 
24.0 29.0 96.0 
24.0 29.0 96.0 
24.0 29.0 96.0 
24.0 29.0 96.0 
24.0 29.0 96.0 
24.0 29.0 96.0 
24.0 29.0 96.0 
24.0 29.0 96.0 
24.0 29.0 96.0 
24.0 29.0 96.0 
24.0 29.0 96.0 
24.0 29.0 96.0 
24.0 29.0 96.0 
69.0 15.0 68.0 
69.0 15.0 68.0 
69.0 15.0 68.0 
69.0 15.0 68.0 
89.0 76.0 55.0 
52.0 35.0 23.0 
90.0 78.0 42.0 
90.0 78.0 42.0 
