75.0 59.0 31.0 
75.0 59.0 31.0 
75.0 59.0 31.0 
75.0 59.0 31.0 
75.0 59.0 31.0 
75.0 59.0 31.0 
75.0 59.0 31.0 
75.0 59.0 31.0 
75.0 59.0 31.0 
75.0 59.0 31.0 
75.0 59.0 31.0 
75.0 59.0 31.0 
75.0 59.0 31.0 
75.0 59.0 31.0 
75.0 59.0 31.0 
75.0 59.0 31.0 
75.0 59.0 31.0 
75.0 59.0 31.0 
75.0 59.0 31.0 
75.0 59.0 31.0 
75.0 59.0 31.0 
75.0 59.0 31.0 
75.0 59.0 31.0 
75.0 59.0 31.0 
75.0 59.0 31.0 
75.0 59.0 31.0 
75.0 59.0 31.0 
75.0 59.0 31.0 
75.0 59.0 31.0 
75.0 59.0 31.0 
75.0 59.0 31.0 
75.0 59.0 31.0 
75.0 59.0 31.0 
75.0 59.0 31.0 
75.0 59.0 31.0 
75.0 59.0 31.0 
75.0 59.0 31.0 
75.0 59.0 31.0 
75.0 59.0 31.0 
75.0 59.0 31.0 
75.0 59.0 31.0 
75.0 59.0 31.0 
75.0 59.0 31.0 
75.0 59.0 31.0 
75.0 59.0 31.0 
75.0 59.0 31.0 
75.0 59.0 31.0 
75.0 59.0 31.0 
75.0 59.0 31.0 
75.0 59.0 31.0 
75.0 59.0 31.0 
75.0 59.0 31.0 
75.0 59.0 31.0 
75.0 59.0 31.0 
75.0 59.0 31.0 
75.0 59.0 31.0 
75.0 59.0 31.0 
75.0 59.0 31.0 
75.0 59.0 31.0 
75.0 59.0 31.0 
75.0 59.0 31.0 
38.0 92.0 51.0 
38.0 92.0 51.0 
38.0 92.0 51.0 
38.0 92.0 51.0 
38.0 92.0 51.0 
38.0 92.0 51.0 
38.0 92.0 51.0 
38.0 92.0 51.0 
38.0 92.0 51.0 
38.0 92.0 51.0 
38.0 92.0 51.0 
38.0 92.0 51.0 
38.0 92.0 51.0 
38.0 92.0 51.0 
38.0 92.0 51.0 
38.0 92.0 51.0 
38.0 92.0 51.0 
38.0 92.0 51.0 
94.0 38.0 65.0 
94.0 38.0 65.0 
94.0 38.0 65.0 
94.0 38.0 65.0 
94.0 38.0 65.0 
94.0 38.0 65.0 
94.0 38.0 65.0 
94.0 38.0 65.0 
94.0 38.0 65.0 
94.0 38.0 65.0 
94.0 38.0 65.0 
19.0 52.0 16.0 
19.0 52.0 16.0 
19.0 52.0 16.0 
19.0 52.0 16.0 
46.0 78.0 80.0 
98.0 87.0 39.0 
51.0 61.0 37.0 
44.0 31.0 34.0 
69.0 31.0 76.0 
69.0 31.0 76.0 
