24.0 83.0 74.0 88.0 82.0 
24.0 83.0 74.0 88.0 82.0 
24.0 83.0 74.0 88.0 82.0 
24.0 83.0 74.0 88.0 82.0 
24.0 83.0 74.0 88.0 82.0 
24.0 83.0 74.0 88.0 82.0 
24.0 83.0 74.0 88.0 82.0 
24.0 83.0 74.0 88.0 82.0 
24.0 83.0 74.0 88.0 82.0 
24.0 83.0 74.0 88.0 82.0 
24.0 83.0 74.0 88.0 82.0 
24.0 83.0 74.0 88.0 82.0 
24.0 83.0 74.0 88.0 82.0 
24.0 83.0 74.0 88.0 82.0 
24.0 83.0 74.0 88.0 82.0 
24.0 83.0 74.0 88.0 82.0 
24.0 83.0 74.0 88.0 82.0 
24.0 83.0 74.0 88.0 82.0 
24.0 83.0 74.0 88.0 82.0 
24.0 83.0 74.0 88.0 82.0 
24.0 83.0 74.0 88.0 82.0 
24.0 83.0 74.0 88.0 82.0 
24.0 83.0 74.0 88.0 82.0 
24.0 83.0 74.0 88.0 82.0 
24.0 83.0 74.0 88.0 82.0 
24.0 83.0 74.0 88.0 82.0 
24.0 83.0 74.0 88.0 82.0 
24.0 83.0 74.0 88.0 82.0 
24.0 83.0 74.0 88.0 82.0 
24.0 83.0 74.0 88.0 82.0 
24.0 83.0 74.0 88.0 82.0 
24.0 83.0 74.0 88.0 82.0 
24.0 83.0 74.0 88.0 82.0 
24.0 83.0 74.0 88.0 82.0 
24.0 83.0 74.0 88.0 82.0 
24.0 83.0 74.0 88.0 82.0 
24.0 83.0 74.0 88.0 82.0 
24.0 83.0 74.0 88.0 82.0 
24.0 83.0 74.0 88.0 82.0 
24.0 83.0 74.0 88.0 82.0 
24.0 83.0 74.0 88.0 82.0 
24.0 83.0 74.0 88.0 82.0 
24.0 83.0 74.0 88.0 82.0 
24.0 83.0 74.0 88.0 82.0 
24.0 83.0 74.0 88.0 82.0 
24.0 83.0 74.0 88.0 82.0 
24.0 83.0 74.0 88.0 82.0 
24.0 83.0 74.0 88.0 82.0 
24.0 83.0 74.0 88.0 82.0 
24.0 83.0 74.0 88.0 82.0 
24.0 83.0 74.0 88.0 82.0 
24.0 83.0 74.0 88.0 82.0 
24.0 83.0 74.0 88.0 82.0 
24.0 83.0 74.0 88.0 82.0 
24.0 83.0 74.0 88.0 82.0 
24.0 83.0 74.0 88.0 82.0 
24.0 83.0 74.0 88.0 82.0 
24.0 83.0 74.0 88.0 82.0 
24.0 83.0 74.0 88.0 82.0 
24.0 83.0 74.0 88.0 82.0 
24.0 83.0 74.0 88.0 82.0 
24.0 83.0 74.0 88.0 82.0 
24.0 83.0 74.0 88.0 82.0 
24.0 83.0 74.0 88.0 82.0 
24.0 83.0 74.0 88.0 82.0 
24.0 83.0 74.0 88.0 82.0 
24.0 83.0 74.0 88.0 82.0 
24.0 83.0 74.0 88.0 82.0 
24.0 83.0 74.0 88.0 82.0 
24.0 83.0 74.0 88.0 82.0 
24.0 83.0 74.0 88.0 82.0 
24.0 83.0 74.0 88.0 82.0 
24.0 83.0 74.0 88.0 82.0 
24.0 83.0 74.0 88.0 82.0 
24.0 83.0 74.0 88.0 82.0 
24.0 83.0 74.0 88.0 82.0 
24.0 83.0 74.0 88.0 82.0 
26.0 67.0 49.0 66.0 24.0 
26.0 67.0 49.0 66.0 24.0 
26.0 67.0 49.0 66.0 24.0 
26.0 67.0 49.0 66.0 24.0 
26.0 67.0 49.0 66.0 24.0 
26.0 67.0 49.0 66.0 24.0 
26.0 67.0 49.0 66.0 24.0 
93.0 15.0 53.0 14.0 11.0 
47.0 44.0 86.0 31.0 99.0 
47.0 44.0 86.0 31.0 99.0 
47.0 44.0 86.0 31.0 99.0 
47.0 44.0 86.0 31.0 99.0 
47.0 44.0 86.0 31.0 99.0 
47.0 44.0 86.0 31.0 99.0 
47.0 44.0 86.0 31.0 99.0 
47.0 44.0 86.0 31.0 99.0 
67.0 57.0 33.0 13.0 64.0 
11.0 91.0 40.0 89.0 76.0 
38.0 67.0 46.0 40.0 17.0 
38.0 67.0 46.0 40.0 17.0 
50.0 29.0 44.0 37.0 73.0 
99.0 58.0 93.0 15.0 29.0 
99.0 58.0 93.0 15.0 29.0 
