40.0 24.0 51.0 67.0 
40.0 24.0 51.0 67.0 
40.0 24.0 51.0 67.0 
40.0 24.0 51.0 67.0 
40.0 24.0 51.0 67.0 
40.0 24.0 51.0 67.0 
40.0 24.0 51.0 67.0 
40.0 24.0 51.0 67.0 
40.0 24.0 51.0 67.0 
40.0 24.0 51.0 67.0 
40.0 24.0 51.0 67.0 
40.0 24.0 51.0 67.0 
40.0 24.0 51.0 67.0 
40.0 24.0 51.0 67.0 
40.0 24.0 51.0 67.0 
40.0 24.0 51.0 67.0 
40.0 24.0 51.0 67.0 
40.0 24.0 51.0 67.0 
40.0 24.0 51.0 67.0 
40.0 24.0 51.0 67.0 
40.0 24.0 51.0 67.0 
40.0 24.0 51.0 67.0 
40.0 24.0 51.0 67.0 
40.0 24.0 51.0 67.0 
40.0 24.0 51.0 67.0 
40.0 24.0 51.0 67.0 
40.0 24.0 51.0 67.0 
40.0 24.0 51.0 67.0 
40.0 24.0 51.0 67.0 
40.0 24.0 51.0 67.0 
40.0 24.0 51.0 67.0 
40.0 24.0 51.0 67.0 
40.0 24.0 51.0 67.0 
40.0 24.0 51.0 67.0 
40.0 24.0 51.0 67.0 
40.0 24.0 51.0 67.0 
54.0 80.0 39.0 39.0 
54.0 80.0 39.0 39.0 
54.0 80.0 39.0 39.0 
54.0 80.0 39.0 39.0 
54.0 80.0 39.0 39.0 
54.0 80.0 39.0 39.0 
54.0 80.0 39.0 39.0 
54.0 80.0 39.0 39.0 
54.0 80.0 39.0 39.0 
54.0 80.0 39.0 39.0 
54.0 80.0 39.0 39.0 
91.0 19.0 95.0 77.0 
91.0 19.0 95.0 77.0 
91.0 19.0 95.0 77.0 
91.0 19.0 95.0 77.0 
91.0 19.0 95.0 77.0 
91.0 19.0 95.0 77.0 
91.0 19.0 95.0 77.0 
91.0 19.0 95.0 77.0 
91.0 19.0 95.0 77.0 
91.0 19.0 95.0 77.0 
91.0 19.0 95.0 77.0 
91.0 19.0 95.0 77.0 
91.0 19.0 95.0 77.0 
91.0 19.0 95.0 77.0 
91.0 19.0 95.0 77.0 
91.0 19.0 95.0 77.0 
91.0 19.0 95.0 77.0 
91.0 19.0 95.0 77.0 
91.0 19.0 95.0 77.0 
91.0 19.0 95.0 77.0 
91.0 19.0 95.0 77.0 
91.0 19.0 95.0 77.0 
91.0 19.0 95.0 77.0 
91.0 19.0 95.0 77.0 
91.0 19.0 95.0 77.0 
91.0 19.0 95.0 77.0 
91.0 19.0 95.0 77.0 
91.0 19.0 95.0 77.0 
91.0 19.0 95.0 77.0 
91.0 19.0 95.0 77.0 
91.0 19.0 95.0 77.0 
91.0 19.0 95.0 77.0 
91.0 19.0 95.0 77.0 
91.0 19.0 95.0 77.0 
91.0 19.0 95.0 77.0 
91.0 19.0 95.0 77.0 
91.0 19.0 95.0 77.0 
91.0 19.0 95.0 77.0 
91.0 19.0 95.0 77.0 
91.0 19.0 95.0 77.0 
91.0 19.0 95.0 77.0 
91.0 19.0 95.0 77.0 
91.0 19.0 95.0 77.0 
91.0 19.0 95.0 77.0 
91.0 19.0 95.0 77.0 
65.0 63.0 76.0 98.0 
90.0 26.0 94.0 83.0 
76.0 97.0 54.0 44.0 
43.0 90.0 100.0 17.0 
71.0 30.0 92.0 46.0 
71.0 30.0 92.0 46.0 
50.0 55.0 90.0 34.0 
50.0 55.0 90.0 34.0 
