72.0 49.0 22.0 
72.0 49.0 22.0 
72.0 49.0 22.0 
72.0 49.0 22.0 
72.0 49.0 22.0 
72.0 49.0 22.0 
72.0 49.0 22.0 
72.0 49.0 22.0 
72.0 49.0 22.0 
72.0 49.0 22.0 
72.0 49.0 22.0 
72.0 49.0 22.0 
72.0 49.0 22.0 
72.0 49.0 22.0 
72.0 49.0 22.0 
72.0 49.0 22.0 
72.0 49.0 22.0 
72.0 49.0 22.0 
72.0 49.0 22.0 
72.0 49.0 22.0 
72.0 49.0 22.0 
72.0 49.0 22.0 
72.0 49.0 22.0 
72.0 49.0 22.0 
72.0 49.0 22.0 
72.0 49.0 22.0 
72.0 49.0 22.0 
72.0 49.0 22.0 
72.0 49.0 22.0 
72.0 49.0 22.0 
72.0 49.0 22.0 
72.0 49.0 22.0 
72.0 49.0 22.0 
72.0 49.0 22.0 
72.0 49.0 22.0 
72.0 49.0 22.0 
72.0 49.0 22.0 
72.0 49.0 22.0 
72.0 49.0 22.0 
72.0 49.0 22.0 
72.0 49.0 22.0 
72.0 49.0 22.0 
72.0 49.0 22.0 
72.0 49.0 22.0 
72.0 49.0 22.0 
72.0 49.0 22.0 
72.0 49.0 22.0 
72.0 49.0 22.0 
72.0 49.0 22.0 
72.0 49.0 22.0 
72.0 49.0 22.0 
72.0 49.0 22.0 
72.0 49.0 22.0 
72.0 49.0 22.0 
72.0 49.0 22.0 
72.0 49.0 22.0 
72.0 49.0 22.0 
72.0 49.0 22.0 
72.0 49.0 22.0 
72.0 49.0 22.0 
72.0 49.0 22.0 
72.0 49.0 22.0 
72.0 49.0 22.0 
72.0 49.0 22.0 
72.0 49.0 22.0 
72.0 49.0 22.0 
72.0 49.0 22.0 
72.0 49.0 22.0 
72.0 49.0 22.0 
72.0 49.0 22.0 
72.0 49.0 22.0 
72.0 49.0 22.0 
72.0 49.0 22.0 
72.0 49.0 22.0 
72.0 49.0 22.0 
72.0 49.0 22.0 
72.0 49.0 22.0 
72.0 49.0 22.0 
72.0 49.0 22.0 
72.0 49.0 22.0 
72.0 49.0 22.0 
72.0 49.0 22.0 
72.0 49.0 22.0 
50.0 68.0 100.0 
50.0 68.0 100.0 
50.0 68.0 100.0 
50.0 68.0 100.0 
50.0 68.0 100.0 
50.0 68.0 100.0 
53.0 41.0 76.0 
53.0 41.0 76.0 
53.0 41.0 76.0 
53.0 41.0 76.0 
53.0 41.0 76.0 
46.0 15.0 60.0 
46.0 15.0 60.0 
42.0 11.0 14.0 
42.0 11.0 14.0 
26.0 21.0 55.0 
26.0 21.0 55.0 
