29.0 86.0 38.0 45.0 93.0 
29.0 86.0 38.0 45.0 93.0 
29.0 86.0 38.0 45.0 93.0 
29.0 86.0 38.0 45.0 93.0 
29.0 86.0 38.0 45.0 93.0 
29.0 86.0 38.0 45.0 93.0 
29.0 86.0 38.0 45.0 93.0 
29.0 86.0 38.0 45.0 93.0 
29.0 86.0 38.0 45.0 93.0 
29.0 86.0 38.0 45.0 93.0 
29.0 86.0 38.0 45.0 93.0 
29.0 86.0 38.0 45.0 93.0 
29.0 86.0 38.0 45.0 93.0 
29.0 86.0 38.0 45.0 93.0 
29.0 86.0 38.0 45.0 93.0 
29.0 86.0 38.0 45.0 93.0 
29.0 86.0 38.0 45.0 93.0 
29.0 86.0 38.0 45.0 93.0 
29.0 86.0 38.0 45.0 93.0 
29.0 86.0 38.0 45.0 93.0 
29.0 86.0 38.0 45.0 93.0 
29.0 86.0 38.0 45.0 93.0 
29.0 86.0 38.0 45.0 93.0 
29.0 86.0 38.0 45.0 93.0 
29.0 86.0 38.0 45.0 93.0 
29.0 86.0 38.0 45.0 93.0 
29.0 86.0 38.0 45.0 93.0 
29.0 86.0 38.0 45.0 93.0 
29.0 86.0 38.0 45.0 93.0 
29.0 86.0 38.0 45.0 93.0 
29.0 86.0 38.0 45.0 93.0 
29.0 86.0 38.0 45.0 93.0 
29.0 86.0 38.0 45.0 93.0 
77.0 24.0 66.0 89.0 77.0 
77.0 24.0 66.0 89.0 77.0 
77.0 24.0 66.0 89.0 77.0 
77.0 24.0 66.0 89.0 77.0 
77.0 24.0 66.0 89.0 77.0 
77.0 24.0 66.0 89.0 77.0 
77.0 24.0 66.0 89.0 77.0 
77.0 24.0 66.0 89.0 77.0 
77.0 24.0 66.0 89.0 77.0 
77.0 24.0 66.0 89.0 77.0 
77.0 24.0 66.0 89.0 77.0 
77.0 24.0 66.0 89.0 77.0 
77.0 24.0 66.0 89.0 77.0 
77.0 24.0 66.0 89.0 77.0 
77.0 24.0 66.0 89.0 77.0 
77.0 24.0 66.0 89.0 77.0 
77.0 24.0 66.0 89.0 77.0 
77.0 24.0 66.0 89.0 77.0 
77.0 24.0 66.0 89.0 77.0 
77.0 24.0 66.0 89.0 77.0 
77.0 24.0 66.0 89.0 77.0 
77.0 24.0 66.0 89.0 77.0 
77.0 24.0 66.0 89.0 77.0 
77.0 24.0 66.0 89.0 77.0 
31.0 81.0 28.0 73.0 60.0 
31.0 81.0 28.0 73.0 60.0 
31.0 81.0 28.0 73.0 60.0 
31.0 81.0 28.0 73.0 60.0 
31.0 81.0 28.0 73.0 60.0 
31.0 81.0 28.0 73.0 60.0 
31.0 81.0 28.0 73.0 60.0 
31.0 81.0 28.0 73.0 60.0 
31.0 81.0 28.0 73.0 60.0 
31.0 81.0 28.0 73.0 60.0 
80.0 85.0 25.0 45.0 61.0 
80.0 85.0 25.0 45.0 61.0 
80.0 85.0 25.0 45.0 61.0 
80.0 85.0 25.0 45.0 61.0 
80.0 85.0 25.0 45.0 61.0 
80.0 85.0 25.0 45.0 61.0 
76.0 49.0 85.0 76.0 53.0 
76.0 49.0 85.0 76.0 53.0 
76.0 49.0 85.0 76.0 53.0 
76.0 49.0 85.0 76.0 53.0 
76.0 49.0 85.0 76.0 53.0 
76.0 49.0 85.0 76.0 53.0 
76.0 49.0 85.0 76.0 53.0 
76.0 49.0 85.0 76.0 53.0 
76.0 49.0 85.0 76.0 53.0 
76.0 49.0 85.0 76.0 53.0 
76.0 49.0 85.0 76.0 53.0 
76.0 49.0 85.0 76.0 53.0 
76.0 49.0 85.0 76.0 53.0 
76.0 49.0 85.0 76.0 53.0 
76.0 49.0 85.0 76.0 53.0 
76.0 49.0 85.0 76.0 53.0 
76.0 49.0 85.0 76.0 53.0 
76.0 49.0 85.0 76.0 53.0 
76.0 49.0 85.0 76.0 53.0 
76.0 49.0 85.0 76.0 53.0 
76.0 49.0 85.0 76.0 53.0 
76.0 49.0 85.0 76.0 53.0 
76.0 49.0 85.0 76.0 53.0 
76.0 49.0 85.0 76.0 53.0 
76.0 49.0 85.0 76.0 53.0 
76.0 49.0 85.0 76.0 53.0 
76.0 49.0 85.0 76.0 53.0 
