42.0 48.0 96.0 
42.0 48.0 96.0 
42.0 48.0 96.0 
42.0 48.0 96.0 
42.0 48.0 96.0 
42.0 48.0 96.0 
42.0 48.0 96.0 
42.0 48.0 96.0 
42.0 48.0 96.0 
42.0 48.0 96.0 
42.0 48.0 96.0 
42.0 48.0 96.0 
42.0 48.0 96.0 
42.0 48.0 96.0 
42.0 48.0 96.0 
42.0 48.0 96.0 
42.0 48.0 96.0 
42.0 48.0 96.0 
42.0 48.0 96.0 
42.0 48.0 96.0 
42.0 48.0 96.0 
42.0 48.0 96.0 
42.0 48.0 96.0 
42.0 48.0 96.0 
42.0 48.0 96.0 
42.0 48.0 96.0 
42.0 48.0 96.0 
42.0 48.0 96.0 
42.0 48.0 96.0 
42.0 48.0 96.0 
42.0 48.0 96.0 
42.0 48.0 96.0 
42.0 48.0 96.0 
42.0 48.0 96.0 
42.0 48.0 96.0 
42.0 48.0 96.0 
42.0 48.0 96.0 
42.0 48.0 96.0 
42.0 48.0 96.0 
42.0 48.0 96.0 
42.0 48.0 96.0 
42.0 48.0 96.0 
42.0 48.0 96.0 
42.0 48.0 96.0 
42.0 48.0 96.0 
42.0 48.0 96.0 
42.0 48.0 96.0 
42.0 48.0 96.0 
42.0 48.0 96.0 
42.0 48.0 96.0 
42.0 48.0 96.0 
42.0 48.0 96.0 
42.0 48.0 96.0 
42.0 48.0 96.0 
42.0 48.0 96.0 
42.0 48.0 96.0 
42.0 48.0 96.0 
42.0 48.0 96.0 
42.0 48.0 96.0 
42.0 48.0 96.0 
42.0 48.0 96.0 
42.0 48.0 96.0 
42.0 48.0 96.0 
42.0 48.0 96.0 
42.0 48.0 96.0 
42.0 48.0 96.0 
42.0 48.0 96.0 
42.0 48.0 96.0 
42.0 48.0 96.0 
42.0 48.0 96.0 
42.0 48.0 96.0 
42.0 48.0 96.0 
42.0 48.0 96.0 
42.0 48.0 96.0 
42.0 48.0 96.0 
98.0 68.0 58.0 
98.0 68.0 58.0 
98.0 68.0 58.0 
98.0 68.0 58.0 
98.0 68.0 58.0 
98.0 68.0 58.0 
98.0 68.0 58.0 
98.0 68.0 58.0 
98.0 68.0 58.0 
98.0 68.0 58.0 
98.0 68.0 58.0 
98.0 68.0 58.0 
95.0 98.0 94.0 
95.0 98.0 94.0 
95.0 98.0 94.0 
95.0 98.0 94.0 
17.0 76.0 66.0 
65.0 47.0 84.0 
69.0 76.0 51.0 
52.0 25.0 96.0 
19.0 42.0 39.0 
19.0 42.0 39.0 
27.0 55.0 26.0 
11.0 17.0 74.0 
11.0 17.0 74.0 
