46.0 28.0 55.0 
46.0 28.0 55.0 
46.0 28.0 55.0 
46.0 28.0 55.0 
46.0 28.0 55.0 
46.0 28.0 55.0 
46.0 28.0 55.0 
94.0 36.0 11.0 
94.0 36.0 11.0 
94.0 36.0 11.0 
94.0 36.0 11.0 
94.0 36.0 11.0 
94.0 36.0 11.0 
94.0 36.0 11.0 
94.0 36.0 11.0 
94.0 36.0 11.0 
94.0 36.0 11.0 
94.0 36.0 11.0 
94.0 36.0 11.0 
94.0 36.0 11.0 
94.0 36.0 11.0 
94.0 36.0 11.0 
94.0 36.0 11.0 
94.0 36.0 11.0 
94.0 36.0 11.0 
94.0 36.0 11.0 
94.0 36.0 11.0 
94.0 36.0 11.0 
94.0 36.0 11.0 
94.0 36.0 11.0 
94.0 36.0 11.0 
94.0 36.0 11.0 
94.0 36.0 11.0 
94.0 36.0 11.0 
94.0 36.0 11.0 
94.0 36.0 11.0 
94.0 36.0 11.0 
94.0 36.0 11.0 
94.0 36.0 11.0 
94.0 36.0 11.0 
94.0 36.0 11.0 
94.0 36.0 11.0 
94.0 36.0 11.0 
94.0 36.0 11.0 
94.0 36.0 11.0 
94.0 36.0 11.0 
94.0 36.0 11.0 
94.0 36.0 11.0 
94.0 36.0 11.0 
94.0 36.0 11.0 
94.0 36.0 11.0 
94.0 36.0 11.0 
94.0 36.0 11.0 
94.0 36.0 11.0 
94.0 36.0 11.0 
94.0 36.0 11.0 
94.0 36.0 11.0 
94.0 36.0 11.0 
94.0 36.0 11.0 
94.0 36.0 11.0 
94.0 36.0 11.0 
94.0 36.0 11.0 
94.0 36.0 11.0 
94.0 36.0 11.0 
94.0 36.0 11.0 
94.0 36.0 11.0 
94.0 36.0 11.0 
94.0 36.0 11.0 
94.0 36.0 11.0 
96.0 84.0 51.0 
96.0 84.0 51.0 
96.0 84.0 51.0 
96.0 84.0 51.0 
96.0 84.0 51.0 
96.0 84.0 51.0 
96.0 84.0 51.0 
96.0 84.0 51.0 
96.0 84.0 51.0 
96.0 84.0 51.0 
96.0 84.0 51.0 
96.0 84.0 51.0 
96.0 84.0 51.0 
96.0 84.0 51.0 
96.0 84.0 51.0 
96.0 84.0 51.0 
96.0 84.0 51.0 
96.0 84.0 51.0 
96.0 84.0 51.0 
96.0 84.0 51.0 
96.0 84.0 51.0 
96.0 84.0 51.0 
59.0 76.0 16.0 
59.0 76.0 16.0 
68.0 83.0 80.0 
90.0 93.0 32.0 
36.0 66.0 37.0 
62.0 28.0 91.0 
43.0 99.0 14.0 
56.0 48.0 13.0 
56.0 48.0 13.0 
