71.0 32.0 57.0 89.0 47.0 
71.0 32.0 57.0 89.0 47.0 
71.0 32.0 57.0 89.0 47.0 
71.0 32.0 57.0 89.0 47.0 
71.0 32.0 57.0 89.0 47.0 
71.0 32.0 57.0 89.0 47.0 
87.0 24.0 50.0 55.0 74.0 
87.0 24.0 50.0 55.0 74.0 
87.0 24.0 50.0 55.0 74.0 
87.0 24.0 50.0 55.0 74.0 
87.0 24.0 50.0 55.0 74.0 
87.0 24.0 50.0 55.0 74.0 
87.0 24.0 50.0 55.0 74.0 
87.0 24.0 50.0 55.0 74.0 
87.0 24.0 50.0 55.0 74.0 
87.0 24.0 50.0 55.0 74.0 
87.0 24.0 50.0 55.0 74.0 
87.0 24.0 50.0 55.0 74.0 
87.0 24.0 50.0 55.0 74.0 
87.0 24.0 50.0 55.0 74.0 
87.0 24.0 50.0 55.0 74.0 
87.0 24.0 50.0 55.0 74.0 
87.0 24.0 50.0 55.0 74.0 
87.0 24.0 50.0 55.0 74.0 
87.0 24.0 50.0 55.0 74.0 
87.0 24.0 50.0 55.0 74.0 
87.0 24.0 50.0 55.0 74.0 
87.0 24.0 50.0 55.0 74.0 
87.0 24.0 50.0 55.0 74.0 
87.0 24.0 50.0 55.0 74.0 
87.0 24.0 50.0 55.0 74.0 
87.0 24.0 50.0 55.0 74.0 
87.0 24.0 50.0 55.0 74.0 
87.0 24.0 50.0 55.0 74.0 
87.0 24.0 50.0 55.0 74.0 
87.0 24.0 50.0 55.0 74.0 
87.0 24.0 50.0 55.0 74.0 
87.0 24.0 50.0 55.0 74.0 
87.0 24.0 50.0 55.0 74.0 
87.0 24.0 50.0 55.0 74.0 
87.0 24.0 50.0 55.0 74.0 
87.0 24.0 50.0 55.0 74.0 
87.0 24.0 50.0 55.0 74.0 
87.0 24.0 50.0 55.0 74.0 
87.0 24.0 50.0 55.0 74.0 
87.0 24.0 50.0 55.0 74.0 
87.0 24.0 50.0 55.0 74.0 
87.0 24.0 50.0 55.0 74.0 
87.0 24.0 50.0 55.0 74.0 
87.0 24.0 50.0 55.0 74.0 
87.0 24.0 50.0 55.0 74.0 
87.0 24.0 50.0 55.0 74.0 
87.0 24.0 50.0 55.0 74.0 
87.0 24.0 50.0 55.0 74.0 
87.0 24.0 50.0 55.0 74.0 
87.0 24.0 50.0 55.0 74.0 
87.0 24.0 50.0 55.0 74.0 
87.0 24.0 50.0 55.0 74.0 
87.0 24.0 50.0 55.0 74.0 
87.0 24.0 50.0 55.0 74.0 
87.0 24.0 50.0 55.0 74.0 
87.0 24.0 50.0 55.0 74.0 
87.0 24.0 50.0 55.0 74.0 
87.0 24.0 50.0 55.0 74.0 
87.0 24.0 50.0 55.0 74.0 
87.0 24.0 50.0 55.0 74.0 
87.0 24.0 50.0 55.0 74.0 
87.0 24.0 50.0 55.0 74.0 
87.0 24.0 50.0 55.0 74.0 
87.0 24.0 50.0 55.0 74.0 
87.0 24.0 50.0 55.0 74.0 
87.0 24.0 50.0 55.0 74.0 
87.0 24.0 50.0 55.0 74.0 
38.0 48.0 75.0 69.0 94.0 
38.0 48.0 75.0 69.0 94.0 
38.0 48.0 75.0 69.0 94.0 
38.0 48.0 75.0 69.0 94.0 
38.0 48.0 75.0 69.0 94.0 
14.0 54.0 83.0 31.0 40.0 
14.0 54.0 83.0 31.0 40.0 
14.0 54.0 83.0 31.0 40.0 
14.0 54.0 83.0 31.0 40.0 
14.0 54.0 83.0 31.0 40.0 
14.0 54.0 83.0 31.0 40.0 
14.0 54.0 83.0 31.0 40.0 
14.0 54.0 83.0 31.0 40.0 
14.0 54.0 83.0 31.0 40.0 
14.0 54.0 83.0 31.0 40.0 
14.0 54.0 83.0 31.0 40.0 
54.0 96.0 88.0 42.0 13.0 
54.0 96.0 88.0 42.0 13.0 
54.0 96.0 88.0 42.0 13.0 
54.0 96.0 88.0 42.0 13.0 
89.0 89.0 89.0 37.0 77.0 
84.0 54.0 81.0 40.0 90.0 
84.0 54.0 81.0 40.0 90.0 
93.0 39.0 64.0 72.0 34.0 
81.0 55.0 84.0 100.0 75.0 
17.0 96.0 25.0 14.0 13.0 
17.0 96.0 25.0 14.0 13.0 
