64.0 60.0 38.0 83.0 
64.0 60.0 38.0 83.0 
64.0 60.0 38.0 83.0 
64.0 60.0 38.0 83.0 
64.0 60.0 38.0 83.0 
64.0 60.0 38.0 83.0 
64.0 60.0 38.0 83.0 
64.0 60.0 38.0 83.0 
64.0 60.0 38.0 83.0 
64.0 60.0 38.0 83.0 
64.0 60.0 38.0 83.0 
64.0 60.0 38.0 83.0 
64.0 60.0 38.0 83.0 
64.0 60.0 38.0 83.0 
64.0 60.0 38.0 83.0 
64.0 60.0 38.0 83.0 
64.0 60.0 38.0 83.0 
64.0 60.0 38.0 83.0 
64.0 60.0 38.0 83.0 
64.0 60.0 38.0 83.0 
64.0 60.0 38.0 83.0 
64.0 60.0 38.0 83.0 
64.0 60.0 38.0 83.0 
64.0 60.0 38.0 83.0 
64.0 60.0 38.0 83.0 
64.0 60.0 38.0 83.0 
64.0 60.0 38.0 83.0 
64.0 60.0 38.0 83.0 
64.0 60.0 38.0 83.0 
64.0 60.0 38.0 83.0 
64.0 60.0 38.0 83.0 
64.0 60.0 38.0 83.0 
64.0 60.0 38.0 83.0 
64.0 60.0 38.0 83.0 
64.0 60.0 38.0 83.0 
64.0 60.0 38.0 83.0 
64.0 60.0 38.0 83.0 
64.0 60.0 38.0 83.0 
64.0 60.0 38.0 83.0 
64.0 60.0 38.0 83.0 
64.0 60.0 38.0 83.0 
64.0 60.0 38.0 83.0 
64.0 60.0 38.0 83.0 
64.0 60.0 38.0 83.0 
64.0 60.0 38.0 83.0 
64.0 60.0 38.0 83.0 
64.0 60.0 38.0 83.0 
64.0 60.0 38.0 83.0 
64.0 60.0 38.0 83.0 
64.0 60.0 38.0 83.0 
64.0 60.0 38.0 83.0 
64.0 60.0 38.0 83.0 
64.0 60.0 38.0 83.0 
64.0 60.0 38.0 83.0 
64.0 60.0 38.0 83.0 
64.0 60.0 38.0 83.0 
64.0 60.0 38.0 83.0 
64.0 60.0 38.0 83.0 
64.0 60.0 38.0 83.0 
64.0 60.0 38.0 83.0 
64.0 60.0 38.0 83.0 
64.0 60.0 38.0 83.0 
64.0 60.0 38.0 83.0 
64.0 60.0 38.0 83.0 
64.0 60.0 38.0 83.0 
64.0 60.0 38.0 83.0 
64.0 60.0 38.0 83.0 
64.0 60.0 38.0 83.0 
64.0 60.0 38.0 83.0 
64.0 60.0 38.0 83.0 
64.0 60.0 38.0 83.0 
64.0 60.0 38.0 83.0 
64.0 60.0 38.0 83.0 
64.0 60.0 38.0 83.0 
64.0 60.0 38.0 83.0 
64.0 60.0 38.0 83.0 
64.0 60.0 38.0 83.0 
64.0 60.0 38.0 83.0 
64.0 60.0 38.0 83.0 
64.0 60.0 38.0 83.0 
64.0 60.0 38.0 83.0 
64.0 60.0 38.0 83.0 
64.0 60.0 38.0 83.0 
64.0 60.0 38.0 83.0 
64.0 60.0 38.0 83.0 
64.0 60.0 38.0 83.0 
64.0 60.0 38.0 83.0 
64.0 60.0 38.0 83.0 
64.0 60.0 38.0 83.0 
62.0 32.0 28.0 30.0 
62.0 32.0 28.0 30.0 
62.0 32.0 28.0 30.0 
51.0 93.0 89.0 89.0 
49.0 11.0 35.0 21.0 
30.0 32.0 49.0 25.0 
83.0 84.0 80.0 61.0 
86.0 34.0 17.0 37.0 
25.0 64.0 43.0 53.0 
34.0 90.0 67.0 67.0 
34.0 90.0 67.0 67.0 
