53.0 92.0 20.0 80.0 95.0 
53.0 92.0 20.0 80.0 95.0 
53.0 92.0 20.0 80.0 95.0 
53.0 92.0 20.0 80.0 95.0 
53.0 92.0 20.0 80.0 95.0 
53.0 92.0 20.0 80.0 95.0 
53.0 92.0 20.0 80.0 95.0 
53.0 92.0 20.0 80.0 95.0 
53.0 92.0 20.0 80.0 95.0 
53.0 92.0 20.0 80.0 95.0 
53.0 92.0 20.0 80.0 95.0 
53.0 92.0 20.0 80.0 95.0 
53.0 92.0 20.0 80.0 95.0 
53.0 92.0 20.0 80.0 95.0 
53.0 92.0 20.0 80.0 95.0 
53.0 92.0 20.0 80.0 95.0 
53.0 92.0 20.0 80.0 95.0 
53.0 92.0 20.0 80.0 95.0 
53.0 92.0 20.0 80.0 95.0 
53.0 92.0 20.0 80.0 95.0 
53.0 92.0 20.0 80.0 95.0 
53.0 92.0 20.0 80.0 95.0 
53.0 92.0 20.0 80.0 95.0 
53.0 92.0 20.0 80.0 95.0 
53.0 92.0 20.0 80.0 95.0 
53.0 92.0 20.0 80.0 95.0 
53.0 92.0 20.0 80.0 95.0 
53.0 92.0 20.0 80.0 95.0 
53.0 92.0 20.0 80.0 95.0 
53.0 92.0 20.0 80.0 95.0 
53.0 92.0 20.0 80.0 95.0 
53.0 92.0 20.0 80.0 95.0 
53.0 92.0 20.0 80.0 95.0 
53.0 92.0 20.0 80.0 95.0 
53.0 92.0 20.0 80.0 95.0 
53.0 92.0 20.0 80.0 95.0 
53.0 92.0 20.0 80.0 95.0 
53.0 92.0 20.0 80.0 95.0 
53.0 92.0 20.0 80.0 95.0 
53.0 92.0 20.0 80.0 95.0 
53.0 92.0 20.0 80.0 95.0 
53.0 92.0 20.0 80.0 95.0 
53.0 92.0 20.0 80.0 95.0 
53.0 92.0 20.0 80.0 95.0 
53.0 92.0 20.0 80.0 95.0 
53.0 92.0 20.0 80.0 95.0 
53.0 92.0 20.0 80.0 95.0 
53.0 92.0 20.0 80.0 95.0 
53.0 92.0 20.0 80.0 95.0 
53.0 92.0 20.0 80.0 95.0 
53.0 92.0 20.0 80.0 95.0 
53.0 92.0 20.0 80.0 95.0 
53.0 92.0 20.0 80.0 95.0 
53.0 92.0 20.0 80.0 95.0 
53.0 92.0 20.0 80.0 95.0 
53.0 92.0 20.0 80.0 95.0 
53.0 92.0 20.0 80.0 95.0 
53.0 92.0 20.0 80.0 95.0 
53.0 92.0 20.0 80.0 95.0 
53.0 92.0 20.0 80.0 95.0 
53.0 92.0 20.0 80.0 95.0 
53.0 92.0 20.0 80.0 95.0 
53.0 92.0 20.0 80.0 95.0 
53.0 92.0 20.0 80.0 95.0 
53.0 92.0 20.0 80.0 95.0 
53.0 92.0 20.0 80.0 95.0 
53.0 92.0 20.0 80.0 95.0 
53.0 92.0 20.0 80.0 95.0 
53.0 92.0 20.0 80.0 95.0 
53.0 92.0 20.0 80.0 95.0 
53.0 92.0 20.0 80.0 95.0 
53.0 92.0 20.0 80.0 95.0 
53.0 92.0 20.0 80.0 95.0 
53.0 92.0 20.0 80.0 95.0 
53.0 92.0 20.0 80.0 95.0 
53.0 92.0 20.0 80.0 95.0 
53.0 92.0 20.0 80.0 95.0 
53.0 92.0 20.0 80.0 95.0 
53.0 92.0 20.0 80.0 95.0 
53.0 92.0 20.0 80.0 95.0 
53.0 92.0 20.0 80.0 95.0 
53.0 92.0 20.0 80.0 95.0 
53.0 92.0 20.0 80.0 95.0 
95.0 63.0 16.0 59.0 95.0 
95.0 63.0 16.0 59.0 95.0 
95.0 63.0 16.0 59.0 95.0 
95.0 63.0 16.0 59.0 95.0 
52.0 61.0 24.0 46.0 58.0 
53.0 14.0 36.0 66.0 76.0 
53.0 14.0 36.0 66.0 76.0 
53.0 14.0 36.0 66.0 76.0 
53.0 14.0 36.0 66.0 76.0 
53.0 14.0 36.0 66.0 76.0 
53.0 14.0 36.0 66.0 76.0 
53.0 14.0 36.0 66.0 76.0 
53.0 14.0 36.0 66.0 76.0 
53.0 14.0 36.0 66.0 76.0 
53.0 14.0 36.0 66.0 76.0 
53.0 14.0 36.0 66.0 76.0 
53.0 14.0 36.0 66.0 76.0 
