21.0 49.0 84.0 97.0 
21.0 49.0 84.0 97.0 
21.0 49.0 84.0 97.0 
21.0 49.0 84.0 97.0 
21.0 49.0 84.0 97.0 
21.0 49.0 84.0 97.0 
21.0 49.0 84.0 97.0 
21.0 49.0 84.0 97.0 
21.0 49.0 84.0 97.0 
21.0 49.0 84.0 97.0 
21.0 49.0 84.0 97.0 
21.0 49.0 84.0 97.0 
21.0 49.0 84.0 97.0 
21.0 49.0 84.0 97.0 
21.0 49.0 84.0 97.0 
21.0 49.0 84.0 97.0 
21.0 49.0 84.0 97.0 
21.0 49.0 84.0 97.0 
21.0 49.0 84.0 97.0 
21.0 49.0 84.0 97.0 
21.0 49.0 84.0 97.0 
21.0 49.0 84.0 97.0 
21.0 49.0 84.0 97.0 
21.0 49.0 84.0 97.0 
21.0 49.0 84.0 97.0 
21.0 49.0 84.0 97.0 
21.0 49.0 84.0 97.0 
21.0 49.0 84.0 97.0 
21.0 49.0 84.0 97.0 
21.0 49.0 84.0 97.0 
21.0 49.0 84.0 97.0 
21.0 49.0 84.0 97.0 
21.0 49.0 84.0 97.0 
21.0 49.0 84.0 97.0 
21.0 49.0 84.0 97.0 
21.0 49.0 84.0 97.0 
21.0 49.0 84.0 97.0 
21.0 49.0 84.0 97.0 
21.0 49.0 84.0 97.0 
21.0 49.0 84.0 97.0 
21.0 49.0 84.0 97.0 
21.0 49.0 84.0 97.0 
21.0 49.0 84.0 97.0 
21.0 49.0 84.0 97.0 
21.0 49.0 84.0 97.0 
21.0 49.0 84.0 97.0 
21.0 49.0 84.0 97.0 
21.0 49.0 84.0 97.0 
21.0 49.0 84.0 97.0 
21.0 49.0 84.0 97.0 
21.0 49.0 84.0 97.0 
21.0 49.0 84.0 97.0 
21.0 49.0 84.0 97.0 
21.0 49.0 84.0 97.0 
21.0 49.0 84.0 97.0 
21.0 49.0 84.0 97.0 
21.0 49.0 84.0 97.0 
21.0 49.0 84.0 97.0 
21.0 49.0 84.0 97.0 
21.0 49.0 84.0 97.0 
21.0 49.0 84.0 97.0 
21.0 49.0 84.0 97.0 
21.0 49.0 84.0 97.0 
21.0 49.0 84.0 97.0 
21.0 49.0 84.0 97.0 
21.0 49.0 84.0 97.0 
21.0 49.0 84.0 97.0 
21.0 49.0 84.0 97.0 
21.0 49.0 84.0 97.0 
21.0 49.0 84.0 97.0 
21.0 49.0 84.0 97.0 
21.0 49.0 84.0 97.0 
18.0 78.0 56.0 80.0 
18.0 78.0 56.0 80.0 
18.0 78.0 56.0 80.0 
18.0 78.0 56.0 80.0 
18.0 78.0 56.0 80.0 
18.0 78.0 56.0 80.0 
18.0 78.0 56.0 80.0 
18.0 78.0 56.0 80.0 
18.0 78.0 56.0 80.0 
18.0 78.0 56.0 80.0 
18.0 78.0 56.0 80.0 
18.0 78.0 56.0 80.0 
18.0 78.0 56.0 80.0 
18.0 78.0 56.0 80.0 
18.0 78.0 56.0 80.0 
18.0 78.0 56.0 80.0 
18.0 78.0 56.0 80.0 
18.0 78.0 56.0 80.0 
18.0 78.0 56.0 80.0 
71.0 95.0 88.0 36.0 
28.0 34.0 40.0 47.0 
28.0 34.0 40.0 47.0 
12.0 59.0 58.0 28.0 
14.0 83.0 82.0 79.0 
55.0 26.0 61.0 16.0 
22.0 82.0 15.0 66.0 
39.0 30.0 26.0 83.0 
39.0 30.0 26.0 83.0 
