92.0 61.0 34.0 79.0 
92.0 61.0 34.0 79.0 
92.0 61.0 34.0 79.0 
92.0 61.0 34.0 79.0 
92.0 61.0 34.0 79.0 
92.0 61.0 34.0 79.0 
92.0 61.0 34.0 79.0 
92.0 61.0 34.0 79.0 
92.0 61.0 34.0 79.0 
92.0 61.0 34.0 79.0 
92.0 61.0 34.0 79.0 
92.0 61.0 34.0 79.0 
92.0 61.0 34.0 79.0 
92.0 61.0 34.0 79.0 
92.0 61.0 34.0 79.0 
92.0 61.0 34.0 79.0 
92.0 61.0 34.0 79.0 
92.0 61.0 34.0 79.0 
92.0 61.0 34.0 79.0 
92.0 61.0 34.0 79.0 
92.0 61.0 34.0 79.0 
92.0 61.0 34.0 79.0 
92.0 61.0 34.0 79.0 
92.0 61.0 34.0 79.0 
92.0 61.0 34.0 79.0 
92.0 61.0 34.0 79.0 
92.0 61.0 34.0 79.0 
92.0 61.0 34.0 79.0 
92.0 61.0 34.0 79.0 
92.0 61.0 34.0 79.0 
92.0 61.0 34.0 79.0 
92.0 61.0 34.0 79.0 
92.0 61.0 34.0 79.0 
92.0 61.0 34.0 79.0 
92.0 61.0 34.0 79.0 
92.0 61.0 34.0 79.0 
92.0 61.0 34.0 79.0 
92.0 61.0 34.0 79.0 
92.0 61.0 34.0 79.0 
92.0 61.0 34.0 79.0 
92.0 61.0 34.0 79.0 
92.0 61.0 34.0 79.0 
92.0 61.0 34.0 79.0 
92.0 61.0 34.0 79.0 
92.0 61.0 34.0 79.0 
92.0 61.0 34.0 79.0 
92.0 61.0 34.0 79.0 
92.0 61.0 34.0 79.0 
92.0 61.0 34.0 79.0 
92.0 61.0 34.0 79.0 
92.0 61.0 34.0 79.0 
92.0 61.0 34.0 79.0 
92.0 61.0 34.0 79.0 
92.0 61.0 34.0 79.0 
92.0 61.0 34.0 79.0 
92.0 61.0 34.0 79.0 
92.0 61.0 34.0 79.0 
92.0 61.0 34.0 79.0 
92.0 61.0 34.0 79.0 
92.0 61.0 34.0 79.0 
92.0 61.0 34.0 79.0 
92.0 61.0 34.0 79.0 
92.0 61.0 34.0 79.0 
92.0 61.0 34.0 79.0 
92.0 61.0 34.0 79.0 
92.0 61.0 34.0 79.0 
92.0 61.0 34.0 79.0 
92.0 61.0 34.0 79.0 
92.0 61.0 34.0 79.0 
92.0 61.0 34.0 79.0 
92.0 61.0 34.0 79.0 
92.0 61.0 34.0 79.0 
92.0 61.0 34.0 79.0 
92.0 61.0 34.0 79.0 
92.0 61.0 34.0 79.0 
92.0 61.0 34.0 79.0 
92.0 61.0 34.0 79.0 
92.0 61.0 34.0 79.0 
92.0 61.0 34.0 79.0 
92.0 61.0 34.0 79.0 
92.0 61.0 34.0 79.0 
92.0 61.0 34.0 79.0 
12.0 88.0 72.0 67.0 
12.0 88.0 72.0 67.0 
12.0 88.0 72.0 67.0 
12.0 88.0 72.0 67.0 
12.0 88.0 72.0 67.0 
13.0 88.0 63.0 85.0 
13.0 88.0 63.0 85.0 
13.0 88.0 63.0 85.0 
13.0 88.0 63.0 85.0 
65.0 25.0 11.0 88.0 
65.0 25.0 11.0 88.0 
65.0 25.0 11.0 88.0 
65.0 25.0 11.0 88.0 
65.0 25.0 11.0 88.0 
65.0 25.0 11.0 88.0 
61.0 45.0 49.0 18.0 
61.0 45.0 49.0 18.0 
61.0 45.0 49.0 18.0 
