18.0 63.0 28.0 66.0 
18.0 63.0 28.0 66.0 
18.0 63.0 28.0 66.0 
18.0 63.0 28.0 66.0 
18.0 63.0 28.0 66.0 
18.0 63.0 28.0 66.0 
18.0 63.0 28.0 66.0 
18.0 63.0 28.0 66.0 
18.0 63.0 28.0 66.0 
18.0 63.0 28.0 66.0 
18.0 63.0 28.0 66.0 
18.0 63.0 28.0 66.0 
18.0 63.0 28.0 66.0 
18.0 63.0 28.0 66.0 
18.0 63.0 28.0 66.0 
18.0 63.0 28.0 66.0 
18.0 63.0 28.0 66.0 
18.0 63.0 28.0 66.0 
18.0 63.0 28.0 66.0 
18.0 63.0 28.0 66.0 
18.0 63.0 28.0 66.0 
18.0 63.0 28.0 66.0 
18.0 63.0 28.0 66.0 
18.0 63.0 28.0 66.0 
18.0 63.0 28.0 66.0 
18.0 63.0 28.0 66.0 
18.0 63.0 28.0 66.0 
18.0 63.0 28.0 66.0 
18.0 63.0 28.0 66.0 
18.0 63.0 28.0 66.0 
18.0 63.0 28.0 66.0 
18.0 63.0 28.0 66.0 
18.0 63.0 28.0 66.0 
18.0 63.0 28.0 66.0 
18.0 63.0 28.0 66.0 
18.0 63.0 28.0 66.0 
18.0 63.0 28.0 66.0 
18.0 63.0 28.0 66.0 
18.0 63.0 28.0 66.0 
18.0 63.0 28.0 66.0 
18.0 63.0 28.0 66.0 
18.0 63.0 28.0 66.0 
18.0 63.0 28.0 66.0 
18.0 63.0 28.0 66.0 
18.0 63.0 28.0 66.0 
18.0 63.0 28.0 66.0 
18.0 63.0 28.0 66.0 
18.0 63.0 28.0 66.0 
18.0 63.0 28.0 66.0 
18.0 63.0 28.0 66.0 
18.0 63.0 28.0 66.0 
18.0 63.0 28.0 66.0 
76.0 99.0 88.0 58.0 
76.0 99.0 88.0 58.0 
76.0 99.0 88.0 58.0 
76.0 99.0 88.0 58.0 
76.0 99.0 88.0 58.0 
76.0 99.0 88.0 58.0 
76.0 99.0 88.0 58.0 
76.0 99.0 88.0 58.0 
76.0 99.0 88.0 58.0 
76.0 99.0 88.0 58.0 
76.0 99.0 88.0 58.0 
76.0 99.0 88.0 58.0 
76.0 99.0 88.0 58.0 
76.0 99.0 88.0 58.0 
76.0 99.0 88.0 58.0 
76.0 99.0 88.0 58.0 
76.0 99.0 88.0 58.0 
76.0 99.0 88.0 58.0 
76.0 99.0 88.0 58.0 
76.0 99.0 88.0 58.0 
76.0 99.0 88.0 58.0 
61.0 34.0 45.0 64.0 
61.0 34.0 45.0 64.0 
61.0 34.0 45.0 64.0 
61.0 34.0 45.0 64.0 
61.0 34.0 45.0 64.0 
61.0 34.0 45.0 64.0 
61.0 34.0 45.0 64.0 
61.0 34.0 45.0 64.0 
61.0 34.0 45.0 64.0 
61.0 34.0 45.0 64.0 
61.0 34.0 45.0 64.0 
61.0 34.0 45.0 64.0 
39.0 71.0 77.0 53.0 
39.0 71.0 77.0 53.0 
30.0 24.0 95.0 67.0 
30.0 24.0 95.0 67.0 
30.0 24.0 95.0 67.0 
94.0 49.0 38.0 15.0 
94.0 49.0 38.0 15.0 
94.0 49.0 38.0 15.0 
94.0 49.0 38.0 15.0 
94.0 49.0 38.0 15.0 
94.0 49.0 38.0 15.0 
94.0 49.0 38.0 15.0 
94.0 49.0 38.0 15.0 
94.0 49.0 38.0 15.0 
94.0 49.0 38.0 15.0 
