33.0 44.0 74.0 65.0 
33.0 44.0 74.0 65.0 
33.0 44.0 74.0 65.0 
33.0 44.0 74.0 65.0 
33.0 44.0 74.0 65.0 
33.0 44.0 74.0 65.0 
33.0 44.0 74.0 65.0 
33.0 44.0 74.0 65.0 
33.0 44.0 74.0 65.0 
33.0 44.0 74.0 65.0 
33.0 44.0 74.0 65.0 
33.0 44.0 74.0 65.0 
33.0 44.0 74.0 65.0 
33.0 44.0 74.0 65.0 
33.0 44.0 74.0 65.0 
33.0 44.0 74.0 65.0 
33.0 44.0 74.0 65.0 
33.0 44.0 74.0 65.0 
33.0 44.0 74.0 65.0 
33.0 44.0 74.0 65.0 
33.0 44.0 74.0 65.0 
33.0 44.0 74.0 65.0 
33.0 44.0 74.0 65.0 
33.0 44.0 74.0 65.0 
33.0 44.0 74.0 65.0 
33.0 44.0 74.0 65.0 
33.0 44.0 74.0 65.0 
33.0 44.0 74.0 65.0 
33.0 44.0 74.0 65.0 
33.0 44.0 74.0 65.0 
33.0 44.0 74.0 65.0 
33.0 44.0 74.0 65.0 
33.0 44.0 74.0 65.0 
33.0 44.0 74.0 65.0 
33.0 44.0 74.0 65.0 
33.0 44.0 74.0 65.0 
33.0 44.0 74.0 65.0 
33.0 44.0 74.0 65.0 
33.0 44.0 74.0 65.0 
33.0 44.0 74.0 65.0 
82.0 12.0 44.0 74.0 
82.0 12.0 44.0 74.0 
82.0 12.0 44.0 74.0 
82.0 12.0 44.0 74.0 
82.0 12.0 44.0 74.0 
81.0 97.0 76.0 81.0 
81.0 97.0 76.0 81.0 
81.0 97.0 76.0 81.0 
81.0 97.0 76.0 81.0 
81.0 97.0 76.0 81.0 
81.0 97.0 76.0 81.0 
81.0 97.0 76.0 81.0 
81.0 97.0 76.0 81.0 
81.0 97.0 76.0 81.0 
81.0 97.0 76.0 81.0 
81.0 97.0 76.0 81.0 
81.0 97.0 76.0 81.0 
81.0 97.0 76.0 81.0 
81.0 97.0 76.0 81.0 
81.0 97.0 76.0 81.0 
81.0 97.0 76.0 81.0 
81.0 97.0 76.0 81.0 
81.0 97.0 76.0 81.0 
81.0 97.0 76.0 81.0 
81.0 97.0 76.0 81.0 
81.0 97.0 76.0 81.0 
81.0 97.0 76.0 81.0 
81.0 97.0 76.0 81.0 
81.0 97.0 76.0 81.0 
81.0 97.0 76.0 81.0 
81.0 97.0 76.0 81.0 
81.0 97.0 76.0 81.0 
81.0 97.0 76.0 81.0 
95.0 85.0 70.0 83.0 
95.0 85.0 70.0 83.0 
95.0 85.0 70.0 83.0 
95.0 85.0 70.0 83.0 
95.0 85.0 70.0 83.0 
95.0 85.0 70.0 83.0 
95.0 85.0 70.0 83.0 
95.0 85.0 70.0 83.0 
95.0 85.0 70.0 83.0 
95.0 85.0 70.0 83.0 
95.0 85.0 70.0 83.0 
95.0 85.0 70.0 83.0 
95.0 85.0 70.0 83.0 
95.0 85.0 70.0 83.0 
95.0 85.0 70.0 83.0 
95.0 85.0 70.0 83.0 
95.0 85.0 70.0 83.0 
95.0 85.0 70.0 83.0 
95.0 85.0 70.0 83.0 
95.0 85.0 70.0 83.0 
95.0 85.0 70.0 83.0 
95.0 85.0 70.0 83.0 
95.0 85.0 70.0 83.0 
95.0 85.0 70.0 83.0 
82.0 92.0 84.0 73.0 
82.0 92.0 84.0 73.0 
82.0 92.0 84.0 73.0 
