92.0 27.0 57.0 22.0 79.0 
92.0 27.0 57.0 22.0 79.0 
92.0 27.0 57.0 22.0 79.0 
21.0 51.0 72.0 12.0 26.0 
21.0 51.0 72.0 12.0 26.0 
21.0 51.0 72.0 12.0 26.0 
21.0 51.0 72.0 12.0 26.0 
21.0 51.0 72.0 12.0 26.0 
21.0 51.0 72.0 12.0 26.0 
21.0 51.0 72.0 12.0 26.0 
21.0 51.0 72.0 12.0 26.0 
21.0 51.0 72.0 12.0 26.0 
21.0 51.0 72.0 12.0 26.0 
21.0 51.0 72.0 12.0 26.0 
21.0 51.0 72.0 12.0 26.0 
21.0 51.0 72.0 12.0 26.0 
21.0 51.0 72.0 12.0 26.0 
21.0 51.0 72.0 12.0 26.0 
21.0 51.0 72.0 12.0 26.0 
21.0 51.0 72.0 12.0 26.0 
21.0 51.0 72.0 12.0 26.0 
21.0 51.0 72.0 12.0 26.0 
21.0 51.0 72.0 12.0 26.0 
21.0 51.0 72.0 12.0 26.0 
21.0 51.0 72.0 12.0 26.0 
21.0 51.0 72.0 12.0 26.0 
21.0 51.0 72.0 12.0 26.0 
21.0 51.0 72.0 12.0 26.0 
21.0 51.0 72.0 12.0 26.0 
21.0 51.0 72.0 12.0 26.0 
21.0 51.0 72.0 12.0 26.0 
21.0 51.0 72.0 12.0 26.0 
21.0 51.0 72.0 12.0 26.0 
21.0 51.0 72.0 12.0 26.0 
21.0 51.0 72.0 12.0 26.0 
21.0 51.0 72.0 12.0 26.0 
21.0 51.0 72.0 12.0 26.0 
21.0 51.0 72.0 12.0 26.0 
21.0 51.0 72.0 12.0 26.0 
21.0 51.0 72.0 12.0 26.0 
21.0 51.0 72.0 12.0 26.0 
21.0 51.0 72.0 12.0 26.0 
21.0 51.0 72.0 12.0 26.0 
21.0 51.0 72.0 12.0 26.0 
21.0 51.0 72.0 12.0 26.0 
21.0 51.0 72.0 12.0 26.0 
21.0 51.0 72.0 12.0 26.0 
21.0 51.0 72.0 12.0 26.0 
21.0 51.0 72.0 12.0 26.0 
21.0 51.0 72.0 12.0 26.0 
21.0 51.0 72.0 12.0 26.0 
21.0 51.0 72.0 12.0 26.0 
21.0 51.0 72.0 12.0 26.0 
21.0 51.0 72.0 12.0 26.0 
21.0 51.0 72.0 12.0 26.0 
21.0 51.0 72.0 12.0 26.0 
21.0 51.0 72.0 12.0 26.0 
21.0 51.0 72.0 12.0 26.0 
21.0 51.0 72.0 12.0 26.0 
21.0 51.0 72.0 12.0 26.0 
21.0 51.0 72.0 12.0 26.0 
21.0 51.0 72.0 12.0 26.0 
21.0 51.0 72.0 12.0 26.0 
21.0 51.0 72.0 12.0 26.0 
21.0 51.0 72.0 12.0 26.0 
21.0 51.0 72.0 12.0 26.0 
21.0 51.0 72.0 12.0 26.0 
21.0 51.0 72.0 12.0 26.0 
21.0 51.0 72.0 12.0 26.0 
21.0 51.0 72.0 12.0 26.0 
21.0 51.0 72.0 12.0 26.0 
21.0 51.0 72.0 12.0 26.0 
21.0 51.0 72.0 12.0 26.0 
21.0 51.0 72.0 12.0 26.0 
21.0 51.0 72.0 12.0 26.0 
21.0 51.0 72.0 12.0 26.0 
21.0 51.0 72.0 12.0 26.0 
21.0 51.0 72.0 12.0 26.0 
21.0 51.0 72.0 12.0 26.0 
21.0 51.0 72.0 12.0 26.0 
21.0 51.0 72.0 12.0 26.0 
21.0 51.0 72.0 12.0 26.0 
21.0 51.0 72.0 12.0 26.0 
21.0 51.0 72.0 12.0 26.0 
21.0 51.0 72.0 12.0 26.0 
93.0 15.0 92.0 42.0 73.0 
81.0 41.0 23.0 62.0 88.0 
81.0 41.0 23.0 62.0 88.0 
74.0 26.0 79.0 19.0 16.0 
74.0 26.0 79.0 19.0 16.0 
74.0 26.0 79.0 19.0 16.0 
67.0 82.0 36.0 20.0 70.0 
67.0 82.0 36.0 20.0 70.0 
67.0 82.0 36.0 20.0 70.0 
67.0 82.0 36.0 20.0 70.0 
25.0 31.0 46.0 84.0 47.0 
25.0 31.0 46.0 84.0 47.0 
25.0 31.0 46.0 84.0 47.0 
25.0 31.0 46.0 84.0 47.0 
25.0 31.0 46.0 84.0 47.0 
