59.0 82.0 16.0 
59.0 82.0 16.0 
59.0 82.0 16.0 
59.0 82.0 16.0 
59.0 82.0 16.0 
59.0 82.0 16.0 
59.0 82.0 16.0 
59.0 82.0 16.0 
59.0 82.0 16.0 
59.0 82.0 16.0 
59.0 82.0 16.0 
59.0 82.0 16.0 
59.0 82.0 16.0 
59.0 82.0 16.0 
59.0 82.0 16.0 
59.0 82.0 16.0 
59.0 82.0 16.0 
59.0 82.0 16.0 
59.0 82.0 16.0 
59.0 82.0 16.0 
59.0 82.0 16.0 
59.0 82.0 16.0 
59.0 82.0 16.0 
59.0 82.0 16.0 
59.0 82.0 16.0 
59.0 82.0 16.0 
59.0 82.0 16.0 
59.0 82.0 16.0 
59.0 82.0 16.0 
59.0 82.0 16.0 
59.0 82.0 16.0 
59.0 82.0 16.0 
59.0 82.0 16.0 
59.0 82.0 16.0 
59.0 82.0 16.0 
59.0 82.0 16.0 
59.0 82.0 16.0 
59.0 82.0 16.0 
59.0 82.0 16.0 
59.0 82.0 16.0 
59.0 82.0 16.0 
59.0 82.0 16.0 
59.0 82.0 16.0 
59.0 82.0 16.0 
59.0 82.0 16.0 
59.0 82.0 16.0 
59.0 82.0 16.0 
59.0 82.0 16.0 
59.0 82.0 16.0 
59.0 82.0 16.0 
59.0 82.0 16.0 
59.0 82.0 16.0 
59.0 82.0 16.0 
59.0 82.0 16.0 
59.0 82.0 16.0 
59.0 82.0 16.0 
59.0 82.0 16.0 
59.0 82.0 16.0 
59.0 82.0 16.0 
59.0 82.0 16.0 
59.0 82.0 16.0 
59.0 82.0 16.0 
59.0 82.0 16.0 
59.0 82.0 16.0 
59.0 82.0 16.0 
59.0 82.0 16.0 
59.0 82.0 16.0 
59.0 82.0 16.0 
59.0 82.0 16.0 
59.0 82.0 16.0 
59.0 82.0 16.0 
59.0 82.0 16.0 
59.0 82.0 16.0 
59.0 82.0 16.0 
59.0 82.0 16.0 
59.0 82.0 16.0 
59.0 82.0 16.0 
59.0 82.0 16.0 
59.0 82.0 16.0 
59.0 82.0 16.0 
59.0 82.0 16.0 
98.0 84.0 98.0 
98.0 84.0 98.0 
98.0 84.0 98.0 
98.0 84.0 98.0 
98.0 84.0 98.0 
98.0 84.0 98.0 
98.0 84.0 98.0 
98.0 84.0 98.0 
98.0 84.0 98.0 
98.0 84.0 98.0 
87.0 56.0 50.0 
87.0 56.0 50.0 
87.0 56.0 50.0 
87.0 56.0 50.0 
87.0 56.0 50.0 
87.0 56.0 50.0 
87.0 56.0 50.0 
78.0 19.0 24.0 
78.0 19.0 24.0 
