61.0 19.0 11.0 31.0 34.0 
61.0 19.0 11.0 31.0 34.0 
61.0 19.0 11.0 31.0 34.0 
61.0 19.0 11.0 31.0 34.0 
61.0 19.0 11.0 31.0 34.0 
61.0 19.0 11.0 31.0 34.0 
61.0 19.0 11.0 31.0 34.0 
61.0 19.0 11.0 31.0 34.0 
61.0 19.0 11.0 31.0 34.0 
61.0 19.0 11.0 31.0 34.0 
61.0 19.0 11.0 31.0 34.0 
61.0 19.0 11.0 31.0 34.0 
61.0 19.0 11.0 31.0 34.0 
61.0 19.0 11.0 31.0 34.0 
61.0 19.0 11.0 31.0 34.0 
61.0 19.0 11.0 31.0 34.0 
61.0 19.0 11.0 31.0 34.0 
61.0 19.0 11.0 31.0 34.0 
61.0 19.0 11.0 31.0 34.0 
61.0 19.0 11.0 31.0 34.0 
61.0 19.0 11.0 31.0 34.0 
61.0 19.0 11.0 31.0 34.0 
61.0 19.0 11.0 31.0 34.0 
61.0 19.0 11.0 31.0 34.0 
61.0 19.0 11.0 31.0 34.0 
61.0 19.0 11.0 31.0 34.0 
61.0 19.0 11.0 31.0 34.0 
61.0 19.0 11.0 31.0 34.0 
61.0 19.0 11.0 31.0 34.0 
61.0 19.0 11.0 31.0 34.0 
61.0 19.0 11.0 31.0 34.0 
61.0 19.0 11.0 31.0 34.0 
61.0 19.0 11.0 31.0 34.0 
61.0 19.0 11.0 31.0 34.0 
61.0 19.0 11.0 31.0 34.0 
61.0 19.0 11.0 31.0 34.0 
61.0 19.0 11.0 31.0 34.0 
61.0 19.0 11.0 31.0 34.0 
61.0 19.0 11.0 31.0 34.0 
70.0 67.0 42.0 64.0 23.0 
70.0 67.0 42.0 64.0 23.0 
70.0 67.0 42.0 64.0 23.0 
70.0 67.0 42.0 64.0 23.0 
70.0 67.0 42.0 64.0 23.0 
70.0 67.0 42.0 64.0 23.0 
70.0 67.0 42.0 64.0 23.0 
70.0 67.0 42.0 64.0 23.0 
70.0 67.0 42.0 64.0 23.0 
70.0 67.0 42.0 64.0 23.0 
70.0 67.0 42.0 64.0 23.0 
70.0 67.0 42.0 64.0 23.0 
70.0 67.0 42.0 64.0 23.0 
70.0 67.0 42.0 64.0 23.0 
70.0 67.0 42.0 64.0 23.0 
70.0 67.0 42.0 64.0 23.0 
70.0 67.0 42.0 64.0 23.0 
70.0 67.0 42.0 64.0 23.0 
70.0 67.0 42.0 64.0 23.0 
70.0 67.0 42.0 64.0 23.0 
70.0 67.0 42.0 64.0 23.0 
70.0 67.0 42.0 64.0 23.0 
70.0 67.0 42.0 64.0 23.0 
70.0 67.0 42.0 64.0 23.0 
70.0 67.0 42.0 64.0 23.0 
70.0 67.0 42.0 64.0 23.0 
70.0 67.0 42.0 64.0 23.0 
70.0 67.0 42.0 64.0 23.0 
70.0 67.0 42.0 64.0 23.0 
70.0 67.0 42.0 64.0 23.0 
70.0 67.0 42.0 64.0 23.0 
70.0 67.0 42.0 64.0 23.0 
70.0 67.0 42.0 64.0 23.0 
70.0 67.0 42.0 64.0 23.0 
70.0 67.0 42.0 64.0 23.0 
70.0 67.0 42.0 64.0 23.0 
70.0 67.0 42.0 64.0 23.0 
70.0 67.0 42.0 64.0 23.0 
48.0 93.0 56.0 71.0 63.0 
65.0 23.0 88.0 75.0 27.0 
65.0 23.0 88.0 75.0 27.0 
65.0 23.0 88.0 75.0 27.0 
65.0 23.0 88.0 75.0 27.0 
65.0 23.0 88.0 75.0 27.0 
65.0 23.0 88.0 75.0 27.0 
65.0 23.0 88.0 75.0 27.0 
65.0 23.0 88.0 75.0 27.0 
65.0 23.0 88.0 75.0 27.0 
65.0 23.0 88.0 75.0 27.0 
65.0 23.0 88.0 75.0 27.0 
65.0 23.0 88.0 75.0 27.0 
65.0 23.0 88.0 75.0 27.0 
65.0 23.0 88.0 75.0 27.0 
65.0 23.0 88.0 75.0 27.0 
65.0 23.0 88.0 75.0 27.0 
65.0 23.0 88.0 75.0 27.0 
65.0 23.0 88.0 75.0 27.0 
65.0 23.0 88.0 75.0 27.0 
65.0 23.0 88.0 75.0 27.0 
65.0 23.0 88.0 75.0 27.0 
65.0 23.0 88.0 75.0 27.0 
