83.0 49.0 91.0 94.0 
83.0 49.0 91.0 94.0 
36.0 37.0 74.0 73.0 
36.0 37.0 74.0 73.0 
36.0 37.0 74.0 73.0 
36.0 37.0 74.0 73.0 
36.0 37.0 74.0 73.0 
36.0 37.0 74.0 73.0 
36.0 37.0 74.0 73.0 
36.0 37.0 74.0 73.0 
36.0 37.0 74.0 73.0 
36.0 37.0 74.0 73.0 
36.0 37.0 74.0 73.0 
36.0 37.0 74.0 73.0 
36.0 37.0 74.0 73.0 
36.0 37.0 74.0 73.0 
36.0 37.0 74.0 73.0 
36.0 37.0 74.0 73.0 
36.0 37.0 74.0 73.0 
36.0 37.0 74.0 73.0 
36.0 37.0 74.0 73.0 
36.0 37.0 74.0 73.0 
36.0 37.0 74.0 73.0 
65.0 19.0 86.0 81.0 
65.0 19.0 86.0 81.0 
65.0 19.0 86.0 81.0 
65.0 19.0 86.0 81.0 
65.0 19.0 86.0 81.0 
65.0 19.0 86.0 81.0 
65.0 19.0 86.0 81.0 
65.0 19.0 86.0 81.0 
65.0 19.0 86.0 81.0 
65.0 19.0 86.0 81.0 
65.0 19.0 86.0 81.0 
65.0 19.0 86.0 81.0 
65.0 19.0 86.0 81.0 
65.0 19.0 86.0 81.0 
65.0 19.0 86.0 81.0 
65.0 19.0 86.0 81.0 
65.0 19.0 86.0 81.0 
65.0 19.0 86.0 81.0 
65.0 19.0 86.0 81.0 
65.0 19.0 86.0 81.0 
65.0 19.0 86.0 81.0 
65.0 19.0 86.0 81.0 
65.0 19.0 86.0 81.0 
65.0 19.0 86.0 81.0 
65.0 19.0 86.0 81.0 
65.0 19.0 86.0 81.0 
65.0 19.0 86.0 81.0 
65.0 19.0 86.0 81.0 
65.0 19.0 86.0 81.0 
65.0 19.0 86.0 81.0 
65.0 19.0 86.0 81.0 
65.0 19.0 86.0 81.0 
65.0 19.0 86.0 81.0 
65.0 19.0 86.0 81.0 
65.0 19.0 86.0 81.0 
65.0 19.0 86.0 81.0 
65.0 19.0 86.0 81.0 
65.0 19.0 86.0 81.0 
65.0 19.0 86.0 81.0 
65.0 19.0 86.0 81.0 
65.0 19.0 86.0 81.0 
65.0 19.0 86.0 81.0 
65.0 19.0 86.0 81.0 
65.0 19.0 86.0 81.0 
65.0 19.0 86.0 81.0 
65.0 19.0 86.0 81.0 
65.0 19.0 86.0 81.0 
65.0 19.0 86.0 81.0 
65.0 19.0 86.0 81.0 
65.0 19.0 86.0 81.0 
65.0 19.0 86.0 81.0 
65.0 19.0 86.0 81.0 
65.0 19.0 86.0 81.0 
65.0 19.0 86.0 81.0 
65.0 19.0 86.0 81.0 
65.0 19.0 86.0 81.0 
65.0 19.0 86.0 81.0 
65.0 19.0 86.0 81.0 
65.0 19.0 86.0 81.0 
65.0 19.0 86.0 81.0 
65.0 19.0 86.0 81.0 
65.0 19.0 86.0 81.0 
65.0 19.0 86.0 81.0 
65.0 19.0 86.0 81.0 
67.0 86.0 35.0 12.0 
67.0 86.0 35.0 12.0 
67.0 86.0 35.0 12.0 
67.0 86.0 35.0 12.0 
80.0 96.0 36.0 85.0 
80.0 96.0 36.0 85.0 
89.0 12.0 17.0 51.0 
95.0 92.0 11.0 58.0 
95.0 92.0 11.0 58.0 
95.0 92.0 11.0 58.0 
95.0 92.0 11.0 58.0 
95.0 92.0 11.0 58.0 
95.0 92.0 11.0 58.0 
