52.0 98.0 94.0 43.0 31.0 
52.0 98.0 94.0 43.0 31.0 
52.0 98.0 94.0 43.0 31.0 
52.0 98.0 94.0 43.0 31.0 
52.0 98.0 94.0 43.0 31.0 
52.0 98.0 94.0 43.0 31.0 
52.0 98.0 94.0 43.0 31.0 
52.0 98.0 94.0 43.0 31.0 
52.0 98.0 94.0 43.0 31.0 
52.0 98.0 94.0 43.0 31.0 
52.0 98.0 94.0 43.0 31.0 
52.0 98.0 94.0 43.0 31.0 
52.0 98.0 94.0 43.0 31.0 
52.0 98.0 94.0 43.0 31.0 
52.0 98.0 94.0 43.0 31.0 
52.0 98.0 94.0 43.0 31.0 
52.0 98.0 94.0 43.0 31.0 
52.0 98.0 94.0 43.0 31.0 
52.0 98.0 94.0 43.0 31.0 
52.0 98.0 94.0 43.0 31.0 
52.0 98.0 94.0 43.0 31.0 
52.0 98.0 94.0 43.0 31.0 
52.0 98.0 94.0 43.0 31.0 
52.0 98.0 94.0 43.0 31.0 
52.0 98.0 94.0 43.0 31.0 
52.0 98.0 94.0 43.0 31.0 
52.0 98.0 94.0 43.0 31.0 
85.0 84.0 59.0 24.0 12.0 
85.0 84.0 59.0 24.0 12.0 
85.0 84.0 59.0 24.0 12.0 
85.0 84.0 59.0 24.0 12.0 
85.0 84.0 59.0 24.0 12.0 
85.0 84.0 59.0 24.0 12.0 
97.0 89.0 87.0 39.0 24.0 
97.0 89.0 87.0 39.0 24.0 
97.0 89.0 87.0 39.0 24.0 
97.0 89.0 87.0 39.0 24.0 
97.0 89.0 87.0 39.0 24.0 
97.0 89.0 87.0 39.0 24.0 
97.0 89.0 87.0 39.0 24.0 
97.0 89.0 87.0 39.0 24.0 
97.0 89.0 87.0 39.0 24.0 
97.0 89.0 87.0 39.0 24.0 
97.0 89.0 87.0 39.0 24.0 
97.0 89.0 87.0 39.0 24.0 
97.0 89.0 87.0 39.0 24.0 
97.0 89.0 87.0 39.0 24.0 
97.0 89.0 87.0 39.0 24.0 
97.0 89.0 87.0 39.0 24.0 
97.0 89.0 87.0 39.0 24.0 
97.0 89.0 87.0 39.0 24.0 
97.0 89.0 87.0 39.0 24.0 
97.0 89.0 87.0 39.0 24.0 
97.0 89.0 87.0 39.0 24.0 
97.0 89.0 87.0 39.0 24.0 
97.0 89.0 87.0 39.0 24.0 
97.0 89.0 87.0 39.0 24.0 
97.0 89.0 87.0 39.0 24.0 
97.0 89.0 87.0 39.0 24.0 
97.0 89.0 87.0 39.0 24.0 
97.0 89.0 87.0 39.0 24.0 
97.0 89.0 87.0 39.0 24.0 
97.0 89.0 87.0 39.0 24.0 
97.0 89.0 87.0 39.0 24.0 
97.0 89.0 87.0 39.0 24.0 
97.0 89.0 87.0 39.0 24.0 
97.0 89.0 87.0 39.0 24.0 
66.0 70.0 86.0 90.0 28.0 
66.0 70.0 86.0 90.0 28.0 
50.0 68.0 50.0 35.0 66.0 
50.0 68.0 50.0 35.0 66.0 
50.0 68.0 50.0 35.0 66.0 
50.0 68.0 50.0 35.0 66.0 
50.0 68.0 50.0 35.0 66.0 
50.0 68.0 50.0 35.0 66.0 
50.0 68.0 50.0 35.0 66.0 
50.0 68.0 50.0 35.0 66.0 
50.0 68.0 50.0 35.0 66.0 
50.0 68.0 50.0 35.0 66.0 
50.0 68.0 50.0 35.0 66.0 
50.0 68.0 50.0 35.0 66.0 
50.0 68.0 50.0 35.0 66.0 
50.0 68.0 50.0 35.0 66.0 
50.0 68.0 50.0 35.0 66.0 
50.0 68.0 50.0 35.0 66.0 
50.0 68.0 50.0 35.0 66.0 
50.0 68.0 50.0 35.0 66.0 
50.0 68.0 50.0 35.0 66.0 
50.0 68.0 50.0 35.0 66.0 
50.0 68.0 50.0 35.0 66.0 
50.0 68.0 50.0 35.0 66.0 
50.0 68.0 50.0 35.0 66.0 
56.0 54.0 46.0 11.0 81.0 
74.0 15.0 50.0 64.0 43.0 
37.0 87.0 74.0 78.0 44.0 
37.0 87.0 74.0 78.0 44.0 
37.0 87.0 74.0 78.0 44.0 
37.0 87.0 74.0 78.0 44.0 
37.0 87.0 74.0 78.0 44.0 
37.0 87.0 74.0 78.0 44.0 
