93.0 22.0 92.0 61.0 60.0 
93.0 22.0 92.0 61.0 60.0 
93.0 22.0 92.0 61.0 60.0 
93.0 22.0 92.0 61.0 60.0 
93.0 22.0 92.0 61.0 60.0 
94.0 95.0 85.0 81.0 28.0 
94.0 95.0 85.0 81.0 28.0 
94.0 95.0 85.0 81.0 28.0 
94.0 95.0 85.0 81.0 28.0 
94.0 95.0 85.0 81.0 28.0 
94.0 95.0 85.0 81.0 28.0 
94.0 95.0 85.0 81.0 28.0 
94.0 95.0 85.0 81.0 28.0 
94.0 95.0 85.0 81.0 28.0 
94.0 95.0 85.0 81.0 28.0 
94.0 95.0 85.0 81.0 28.0 
94.0 95.0 85.0 81.0 28.0 
94.0 95.0 85.0 81.0 28.0 
94.0 95.0 85.0 81.0 28.0 
94.0 95.0 85.0 81.0 28.0 
94.0 95.0 85.0 81.0 28.0 
94.0 95.0 85.0 81.0 28.0 
94.0 95.0 85.0 81.0 28.0 
94.0 95.0 85.0 81.0 28.0 
94.0 95.0 85.0 81.0 28.0 
94.0 95.0 85.0 81.0 28.0 
94.0 95.0 85.0 81.0 28.0 
94.0 95.0 85.0 81.0 28.0 
94.0 95.0 85.0 81.0 28.0 
94.0 95.0 85.0 81.0 28.0 
94.0 95.0 85.0 81.0 28.0 
94.0 95.0 85.0 81.0 28.0 
94.0 95.0 85.0 81.0 28.0 
94.0 95.0 85.0 81.0 28.0 
94.0 95.0 85.0 81.0 28.0 
94.0 95.0 85.0 81.0 28.0 
94.0 95.0 85.0 81.0 28.0 
94.0 95.0 85.0 81.0 28.0 
94.0 95.0 85.0 81.0 28.0 
94.0 95.0 85.0 81.0 28.0 
94.0 95.0 85.0 81.0 28.0 
94.0 95.0 85.0 81.0 28.0 
94.0 95.0 85.0 81.0 28.0 
94.0 95.0 85.0 81.0 28.0 
94.0 95.0 85.0 81.0 28.0 
94.0 95.0 85.0 81.0 28.0 
94.0 95.0 85.0 81.0 28.0 
94.0 95.0 85.0 81.0 28.0 
94.0 95.0 85.0 81.0 28.0 
94.0 95.0 85.0 81.0 28.0 
94.0 95.0 85.0 81.0 28.0 
94.0 95.0 85.0 81.0 28.0 
94.0 95.0 85.0 81.0 28.0 
94.0 95.0 85.0 81.0 28.0 
94.0 95.0 85.0 81.0 28.0 
94.0 95.0 85.0 81.0 28.0 
94.0 95.0 85.0 81.0 28.0 
94.0 95.0 85.0 81.0 28.0 
94.0 95.0 85.0 81.0 28.0 
94.0 95.0 85.0 81.0 28.0 
94.0 95.0 85.0 81.0 28.0 
94.0 95.0 85.0 81.0 28.0 
94.0 95.0 85.0 81.0 28.0 
94.0 95.0 85.0 81.0 28.0 
94.0 95.0 85.0 81.0 28.0 
94.0 95.0 85.0 81.0 28.0 
94.0 95.0 85.0 81.0 28.0 
23.0 13.0 53.0 87.0 67.0 
23.0 13.0 53.0 87.0 67.0 
23.0 13.0 53.0 87.0 67.0 
23.0 13.0 53.0 87.0 67.0 
23.0 13.0 53.0 87.0 67.0 
23.0 13.0 53.0 87.0 67.0 
23.0 13.0 53.0 87.0 67.0 
23.0 13.0 53.0 87.0 67.0 
23.0 13.0 53.0 87.0 67.0 
23.0 53.0 31.0 43.0 39.0 
23.0 53.0 31.0 43.0 39.0 
23.0 53.0 31.0 43.0 39.0 
23.0 53.0 31.0 43.0 39.0 
23.0 53.0 31.0 43.0 39.0 
23.0 53.0 31.0 43.0 39.0 
23.0 53.0 31.0 43.0 39.0 
23.0 53.0 31.0 43.0 39.0 
23.0 53.0 31.0 43.0 39.0 
23.0 53.0 31.0 43.0 39.0 
23.0 53.0 31.0 43.0 39.0 
23.0 53.0 31.0 43.0 39.0 
23.0 53.0 31.0 43.0 39.0 
23.0 53.0 31.0 43.0 39.0 
23.0 53.0 31.0 43.0 39.0 
23.0 53.0 31.0 43.0 39.0 
23.0 53.0 31.0 43.0 39.0 
51.0 61.0 59.0 42.0 26.0 
85.0 93.0 12.0 26.0 93.0 
77.0 13.0 15.0 67.0 84.0 
77.0 13.0 15.0 67.0 84.0 
34.0 54.0 62.0 21.0 17.0 
34.0 54.0 62.0 21.0 17.0 
34.0 54.0 62.0 21.0 17.0 
