70.0 100.0 57.0 46.0 30.0 
70.0 100.0 57.0 46.0 30.0 
70.0 100.0 57.0 46.0 30.0 
70.0 100.0 57.0 46.0 30.0 
70.0 100.0 57.0 46.0 30.0 
70.0 100.0 57.0 46.0 30.0 
70.0 100.0 57.0 46.0 30.0 
70.0 100.0 57.0 46.0 30.0 
65.0 35.0 30.0 95.0 16.0 
65.0 35.0 30.0 95.0 16.0 
65.0 35.0 30.0 95.0 16.0 
65.0 35.0 30.0 95.0 16.0 
65.0 35.0 30.0 95.0 16.0 
65.0 35.0 30.0 95.0 16.0 
65.0 35.0 30.0 95.0 16.0 
65.0 35.0 30.0 95.0 16.0 
65.0 35.0 30.0 95.0 16.0 
65.0 35.0 30.0 95.0 16.0 
65.0 35.0 30.0 95.0 16.0 
65.0 35.0 30.0 95.0 16.0 
65.0 35.0 30.0 95.0 16.0 
65.0 35.0 30.0 95.0 16.0 
65.0 35.0 30.0 95.0 16.0 
65.0 35.0 30.0 95.0 16.0 
65.0 35.0 30.0 95.0 16.0 
65.0 35.0 30.0 95.0 16.0 
65.0 35.0 30.0 95.0 16.0 
65.0 35.0 30.0 95.0 16.0 
65.0 35.0 30.0 95.0 16.0 
65.0 35.0 30.0 95.0 16.0 
65.0 35.0 30.0 95.0 16.0 
65.0 35.0 30.0 95.0 16.0 
65.0 35.0 30.0 95.0 16.0 
65.0 35.0 30.0 95.0 16.0 
65.0 35.0 30.0 95.0 16.0 
65.0 35.0 30.0 95.0 16.0 
65.0 35.0 30.0 95.0 16.0 
65.0 35.0 30.0 95.0 16.0 
65.0 35.0 30.0 95.0 16.0 
65.0 35.0 30.0 95.0 16.0 
65.0 35.0 30.0 95.0 16.0 
65.0 35.0 30.0 95.0 16.0 
65.0 35.0 30.0 95.0 16.0 
65.0 35.0 30.0 95.0 16.0 
65.0 35.0 30.0 95.0 16.0 
65.0 35.0 30.0 95.0 16.0 
65.0 35.0 30.0 95.0 16.0 
65.0 35.0 30.0 95.0 16.0 
65.0 35.0 30.0 95.0 16.0 
65.0 35.0 30.0 95.0 16.0 
65.0 35.0 30.0 95.0 16.0 
65.0 35.0 30.0 95.0 16.0 
65.0 35.0 30.0 95.0 16.0 
65.0 35.0 30.0 95.0 16.0 
65.0 35.0 30.0 95.0 16.0 
65.0 35.0 30.0 95.0 16.0 
65.0 35.0 30.0 95.0 16.0 
65.0 35.0 30.0 95.0 16.0 
65.0 35.0 30.0 95.0 16.0 
65.0 35.0 30.0 95.0 16.0 
65.0 35.0 30.0 95.0 16.0 
65.0 35.0 30.0 95.0 16.0 
65.0 35.0 30.0 95.0 16.0 
65.0 35.0 30.0 95.0 16.0 
65.0 35.0 30.0 95.0 16.0 
65.0 35.0 30.0 95.0 16.0 
65.0 35.0 30.0 95.0 16.0 
65.0 35.0 30.0 95.0 16.0 
85.0 55.0 82.0 50.0 89.0 
85.0 55.0 82.0 50.0 89.0 
85.0 55.0 82.0 50.0 89.0 
85.0 55.0 82.0 50.0 89.0 
85.0 55.0 82.0 50.0 89.0 
85.0 55.0 82.0 50.0 89.0 
85.0 55.0 82.0 50.0 89.0 
85.0 55.0 82.0 50.0 89.0 
85.0 55.0 82.0 50.0 89.0 
85.0 55.0 82.0 50.0 89.0 
85.0 55.0 82.0 50.0 89.0 
56.0 46.0 37.0 28.0 54.0 
33.0 85.0 22.0 81.0 26.0 
33.0 85.0 22.0 81.0 26.0 
33.0 85.0 22.0 81.0 26.0 
33.0 85.0 22.0 81.0 26.0 
33.0 85.0 22.0 81.0 26.0 
33.0 85.0 22.0 81.0 26.0 
88.0 98.0 32.0 23.0 23.0 
88.0 98.0 32.0 23.0 23.0 
88.0 98.0 32.0 23.0 23.0 
88.0 98.0 32.0 23.0 23.0 
88.0 98.0 32.0 23.0 23.0 
88.0 98.0 32.0 23.0 23.0 
88.0 98.0 32.0 23.0 23.0 
88.0 98.0 32.0 23.0 23.0 
46.0 31.0 44.0 36.0 46.0 
46.0 31.0 44.0 36.0 46.0 
58.0 17.0 89.0 36.0 50.0 
63.0 81.0 81.0 13.0 78.0 
63.0 81.0 81.0 13.0 78.0 
63.0 81.0 81.0 13.0 78.0 
