36.0 85.0 49.0 28.0 
36.0 85.0 49.0 28.0 
36.0 85.0 49.0 28.0 
36.0 85.0 49.0 28.0 
36.0 85.0 49.0 28.0 
36.0 85.0 49.0 28.0 
36.0 85.0 49.0 28.0 
36.0 85.0 49.0 28.0 
36.0 85.0 49.0 28.0 
36.0 85.0 49.0 28.0 
36.0 85.0 49.0 28.0 
36.0 85.0 49.0 28.0 
36.0 85.0 49.0 28.0 
36.0 85.0 49.0 28.0 
36.0 85.0 49.0 28.0 
36.0 85.0 49.0 28.0 
36.0 85.0 49.0 28.0 
36.0 85.0 49.0 28.0 
36.0 85.0 49.0 28.0 
36.0 85.0 49.0 28.0 
36.0 85.0 49.0 28.0 
36.0 85.0 49.0 28.0 
36.0 85.0 49.0 28.0 
36.0 85.0 49.0 28.0 
36.0 85.0 49.0 28.0 
36.0 85.0 49.0 28.0 
36.0 85.0 49.0 28.0 
36.0 85.0 49.0 28.0 
36.0 85.0 49.0 28.0 
36.0 85.0 49.0 28.0 
36.0 85.0 49.0 28.0 
36.0 85.0 49.0 28.0 
36.0 85.0 49.0 28.0 
36.0 85.0 49.0 28.0 
36.0 85.0 49.0 28.0 
36.0 85.0 49.0 28.0 
36.0 85.0 49.0 28.0 
36.0 85.0 49.0 28.0 
36.0 85.0 49.0 28.0 
36.0 85.0 49.0 28.0 
36.0 85.0 49.0 28.0 
36.0 85.0 49.0 28.0 
36.0 85.0 49.0 28.0 
36.0 85.0 49.0 28.0 
36.0 85.0 49.0 28.0 
36.0 85.0 49.0 28.0 
36.0 85.0 49.0 28.0 
36.0 85.0 49.0 28.0 
36.0 85.0 49.0 28.0 
36.0 85.0 49.0 28.0 
36.0 85.0 49.0 28.0 
36.0 85.0 49.0 28.0 
32.0 89.0 48.0 22.0 
32.0 89.0 48.0 22.0 
32.0 89.0 48.0 22.0 
32.0 89.0 48.0 22.0 
32.0 89.0 48.0 22.0 
32.0 89.0 48.0 22.0 
32.0 89.0 48.0 22.0 
32.0 89.0 48.0 22.0 
32.0 89.0 48.0 22.0 
32.0 89.0 48.0 22.0 
32.0 89.0 48.0 22.0 
32.0 89.0 48.0 22.0 
92.0 19.0 73.0 22.0 
92.0 19.0 73.0 22.0 
92.0 19.0 73.0 22.0 
92.0 19.0 73.0 22.0 
92.0 19.0 73.0 22.0 
92.0 19.0 73.0 22.0 
92.0 19.0 73.0 22.0 
92.0 19.0 73.0 22.0 
92.0 19.0 73.0 22.0 
92.0 19.0 73.0 22.0 
92.0 19.0 73.0 22.0 
92.0 19.0 73.0 22.0 
67.0 89.0 72.0 55.0 
67.0 89.0 72.0 55.0 
67.0 89.0 72.0 55.0 
67.0 89.0 72.0 55.0 
67.0 89.0 72.0 55.0 
67.0 89.0 72.0 55.0 
67.0 89.0 72.0 55.0 
67.0 89.0 72.0 55.0 
67.0 89.0 72.0 55.0 
67.0 89.0 72.0 55.0 
67.0 89.0 72.0 55.0 
67.0 89.0 72.0 55.0 
67.0 89.0 72.0 55.0 
67.0 89.0 72.0 55.0 
67.0 89.0 72.0 55.0 
67.0 89.0 72.0 55.0 
67.0 89.0 72.0 55.0 
67.0 89.0 72.0 55.0 
67.0 89.0 72.0 55.0 
67.0 89.0 72.0 55.0 
67.0 89.0 72.0 55.0 
67.0 89.0 72.0 55.0 
67.0 89.0 72.0 55.0 
67.0 89.0 72.0 55.0 
