84.0 16.0 38.0 
84.0 16.0 38.0 
84.0 16.0 38.0 
84.0 16.0 38.0 
84.0 16.0 38.0 
84.0 16.0 38.0 
84.0 16.0 38.0 
84.0 16.0 38.0 
84.0 16.0 38.0 
84.0 16.0 38.0 
84.0 16.0 38.0 
84.0 16.0 38.0 
84.0 16.0 38.0 
84.0 16.0 38.0 
84.0 16.0 38.0 
84.0 16.0 38.0 
84.0 16.0 38.0 
84.0 16.0 38.0 
84.0 16.0 38.0 
84.0 16.0 38.0 
84.0 16.0 38.0 
84.0 16.0 38.0 
84.0 16.0 38.0 
84.0 16.0 38.0 
84.0 16.0 38.0 
84.0 16.0 38.0 
84.0 16.0 38.0 
84.0 16.0 38.0 
84.0 16.0 38.0 
84.0 16.0 38.0 
84.0 16.0 38.0 
84.0 16.0 38.0 
84.0 16.0 38.0 
84.0 16.0 38.0 
84.0 16.0 38.0 
84.0 16.0 38.0 
84.0 16.0 38.0 
84.0 16.0 38.0 
84.0 16.0 38.0 
84.0 16.0 38.0 
84.0 16.0 38.0 
84.0 16.0 38.0 
84.0 16.0 38.0 
84.0 16.0 38.0 
84.0 16.0 38.0 
84.0 16.0 38.0 
84.0 16.0 38.0 
84.0 16.0 38.0 
84.0 16.0 38.0 
84.0 16.0 38.0 
84.0 16.0 38.0 
84.0 16.0 38.0 
84.0 16.0 38.0 
84.0 16.0 38.0 
84.0 16.0 38.0 
84.0 16.0 38.0 
84.0 16.0 38.0 
84.0 16.0 38.0 
84.0 16.0 38.0 
84.0 16.0 38.0 
84.0 16.0 38.0 
84.0 16.0 38.0 
84.0 16.0 38.0 
84.0 16.0 38.0 
84.0 16.0 38.0 
84.0 16.0 38.0 
84.0 16.0 38.0 
84.0 16.0 38.0 
84.0 16.0 38.0 
84.0 16.0 38.0 
84.0 16.0 38.0 
84.0 16.0 38.0 
84.0 16.0 38.0 
84.0 16.0 38.0 
84.0 16.0 38.0 
84.0 16.0 38.0 
84.0 16.0 38.0 
84.0 16.0 38.0 
84.0 16.0 38.0 
84.0 16.0 38.0 
84.0 16.0 38.0 
84.0 16.0 38.0 
84.0 16.0 38.0 
84.0 16.0 38.0 
84.0 16.0 38.0 
84.0 16.0 38.0 
84.0 16.0 38.0 
84.0 16.0 38.0 
28.0 26.0 74.0 
28.0 26.0 74.0 
25.0 75.0 75.0 
25.0 75.0 75.0 
21.0 19.0 75.0 
21.0 19.0 75.0 
21.0 19.0 75.0 
21.0 19.0 75.0 
21.0 19.0 75.0 
58.0 38.0 94.0 
58.0 38.0 94.0 
58.0 38.0 94.0 
