45.0 66.0 50.0 74.0 36.0 
45.0 66.0 50.0 74.0 36.0 
45.0 66.0 50.0 74.0 36.0 
45.0 66.0 50.0 74.0 36.0 
45.0 66.0 50.0 74.0 36.0 
45.0 66.0 50.0 74.0 36.0 
45.0 66.0 50.0 74.0 36.0 
45.0 66.0 50.0 74.0 36.0 
81.0 87.0 35.0 16.0 14.0 
81.0 87.0 35.0 16.0 14.0 
81.0 87.0 35.0 16.0 14.0 
81.0 87.0 35.0 16.0 14.0 
81.0 87.0 35.0 16.0 14.0 
81.0 87.0 35.0 16.0 14.0 
81.0 87.0 35.0 16.0 14.0 
81.0 87.0 35.0 16.0 14.0 
81.0 87.0 35.0 16.0 14.0 
81.0 87.0 35.0 16.0 14.0 
81.0 87.0 35.0 16.0 14.0 
81.0 87.0 35.0 16.0 14.0 
81.0 87.0 35.0 16.0 14.0 
81.0 87.0 35.0 16.0 14.0 
81.0 87.0 35.0 16.0 14.0 
81.0 87.0 35.0 16.0 14.0 
81.0 87.0 35.0 16.0 14.0 
81.0 87.0 35.0 16.0 14.0 
81.0 87.0 35.0 16.0 14.0 
81.0 87.0 35.0 16.0 14.0 
56.0 61.0 59.0 18.0 35.0 
56.0 61.0 59.0 18.0 35.0 
56.0 61.0 59.0 18.0 35.0 
56.0 61.0 59.0 18.0 35.0 
56.0 61.0 59.0 18.0 35.0 
56.0 61.0 59.0 18.0 35.0 
56.0 61.0 59.0 18.0 35.0 
56.0 61.0 59.0 18.0 35.0 
56.0 61.0 59.0 18.0 35.0 
56.0 61.0 59.0 18.0 35.0 
56.0 61.0 59.0 18.0 35.0 
56.0 61.0 59.0 18.0 35.0 
56.0 61.0 59.0 18.0 35.0 
56.0 61.0 59.0 18.0 35.0 
56.0 61.0 59.0 18.0 35.0 
56.0 61.0 59.0 18.0 35.0 
56.0 61.0 59.0 18.0 35.0 
56.0 61.0 59.0 18.0 35.0 
56.0 61.0 59.0 18.0 35.0 
56.0 61.0 59.0 18.0 35.0 
56.0 61.0 59.0 18.0 35.0 
56.0 61.0 59.0 18.0 35.0 
56.0 61.0 59.0 18.0 35.0 
56.0 61.0 59.0 18.0 35.0 
56.0 61.0 59.0 18.0 35.0 
86.0 12.0 67.0 58.0 15.0 
86.0 12.0 67.0 58.0 15.0 
86.0 12.0 67.0 58.0 15.0 
86.0 12.0 67.0 58.0 15.0 
86.0 12.0 67.0 58.0 15.0 
86.0 12.0 67.0 58.0 15.0 
86.0 12.0 67.0 58.0 15.0 
86.0 12.0 67.0 58.0 15.0 
86.0 12.0 67.0 58.0 15.0 
86.0 12.0 67.0 58.0 15.0 
86.0 12.0 67.0 58.0 15.0 
86.0 12.0 67.0 58.0 15.0 
86.0 12.0 67.0 58.0 15.0 
86.0 12.0 67.0 58.0 15.0 
86.0 12.0 67.0 58.0 15.0 
86.0 12.0 67.0 58.0 15.0 
86.0 12.0 67.0 58.0 15.0 
86.0 12.0 67.0 58.0 15.0 
86.0 12.0 67.0 58.0 15.0 
86.0 12.0 67.0 58.0 15.0 
86.0 12.0 67.0 58.0 15.0 
86.0 12.0 67.0 58.0 15.0 
86.0 12.0 67.0 58.0 15.0 
86.0 12.0 67.0 58.0 15.0 
86.0 12.0 67.0 58.0 15.0 
85.0 68.0 47.0 100.0 82.0 
85.0 68.0 47.0 100.0 82.0 
85.0 68.0 47.0 100.0 82.0 
85.0 68.0 47.0 100.0 82.0 
85.0 68.0 47.0 100.0 82.0 
85.0 68.0 47.0 100.0 82.0 
85.0 68.0 47.0 100.0 82.0 
85.0 68.0 47.0 100.0 82.0 
85.0 68.0 47.0 100.0 82.0 
89.0 30.0 46.0 92.0 58.0 
89.0 30.0 46.0 92.0 58.0 
89.0 30.0 46.0 92.0 58.0 
89.0 30.0 46.0 92.0 58.0 
89.0 30.0 46.0 92.0 58.0 
89.0 30.0 46.0 92.0 58.0 
89.0 30.0 46.0 92.0 58.0 
89.0 30.0 46.0 92.0 58.0 
89.0 30.0 46.0 92.0 58.0 
89.0 30.0 46.0 92.0 58.0 
89.0 30.0 46.0 92.0 58.0 
89.0 30.0 46.0 92.0 58.0 
89.0 30.0 46.0 92.0 58.0 
