92.0 66.0 78.0 
92.0 66.0 78.0 
92.0 66.0 78.0 
92.0 66.0 78.0 
92.0 66.0 78.0 
92.0 66.0 78.0 
92.0 66.0 78.0 
92.0 66.0 78.0 
92.0 66.0 78.0 
92.0 66.0 78.0 
92.0 66.0 78.0 
92.0 66.0 78.0 
92.0 66.0 78.0 
92.0 66.0 78.0 
92.0 66.0 78.0 
92.0 66.0 78.0 
92.0 66.0 78.0 
92.0 66.0 78.0 
33.0 87.0 58.0 
27.0 71.0 16.0 
27.0 71.0 16.0 
27.0 71.0 16.0 
27.0 71.0 16.0 
27.0 71.0 16.0 
27.0 71.0 16.0 
27.0 71.0 16.0 
27.0 71.0 16.0 
27.0 71.0 16.0 
27.0 71.0 16.0 
27.0 71.0 16.0 
27.0 71.0 16.0 
27.0 71.0 16.0 
27.0 71.0 16.0 
27.0 71.0 16.0 
27.0 71.0 16.0 
27.0 71.0 16.0 
27.0 71.0 16.0 
27.0 71.0 16.0 
27.0 71.0 16.0 
26.0 68.0 75.0 
26.0 68.0 75.0 
43.0 65.0 27.0 
43.0 65.0 27.0 
43.0 65.0 27.0 
43.0 65.0 27.0 
43.0 65.0 27.0 
43.0 65.0 27.0 
43.0 65.0 27.0 
43.0 65.0 27.0 
43.0 65.0 27.0 
43.0 65.0 27.0 
43.0 65.0 27.0 
43.0 65.0 27.0 
43.0 65.0 27.0 
43.0 65.0 27.0 
43.0 65.0 27.0 
43.0 65.0 27.0 
43.0 65.0 27.0 
43.0 65.0 27.0 
43.0 65.0 27.0 
43.0 65.0 27.0 
43.0 65.0 27.0 
43.0 65.0 27.0 
43.0 65.0 27.0 
43.0 65.0 27.0 
43.0 65.0 27.0 
43.0 65.0 27.0 
43.0 65.0 27.0 
43.0 65.0 27.0 
43.0 65.0 27.0 
43.0 65.0 27.0 
43.0 65.0 27.0 
43.0 65.0 27.0 
43.0 65.0 27.0 
43.0 65.0 27.0 
21.0 31.0 52.0 
21.0 31.0 52.0 
21.0 31.0 52.0 
21.0 31.0 52.0 
21.0 31.0 52.0 
21.0 31.0 52.0 
21.0 31.0 52.0 
21.0 31.0 52.0 
21.0 31.0 52.0 
40.0 70.0 71.0 
53.0 34.0 33.0 
53.0 34.0 33.0 
53.0 34.0 33.0 
78.0 86.0 56.0 
40.0 97.0 65.0 
40.0 97.0 65.0 
40.0 97.0 65.0 
40.0 97.0 65.0 
40.0 97.0 65.0 
40.0 97.0 65.0 
40.0 97.0 65.0 
40.0 97.0 65.0 
40.0 97.0 65.0 
40.0 97.0 65.0 
40.0 97.0 65.0 
