55.0 93.0 93.0 47.0 
55.0 93.0 93.0 47.0 
55.0 93.0 93.0 47.0 
55.0 93.0 93.0 47.0 
55.0 93.0 93.0 47.0 
55.0 93.0 93.0 47.0 
55.0 93.0 93.0 47.0 
55.0 93.0 93.0 47.0 
55.0 93.0 93.0 47.0 
55.0 93.0 93.0 47.0 
55.0 93.0 93.0 47.0 
55.0 93.0 93.0 47.0 
55.0 93.0 93.0 47.0 
55.0 93.0 93.0 47.0 
55.0 93.0 93.0 47.0 
55.0 93.0 93.0 47.0 
55.0 93.0 93.0 47.0 
55.0 93.0 93.0 47.0 
55.0 93.0 93.0 47.0 
55.0 93.0 93.0 47.0 
55.0 93.0 93.0 47.0 
55.0 93.0 93.0 47.0 
55.0 93.0 93.0 47.0 
55.0 93.0 93.0 47.0 
55.0 93.0 93.0 47.0 
55.0 93.0 93.0 47.0 
55.0 93.0 93.0 47.0 
55.0 93.0 93.0 47.0 
55.0 93.0 93.0 47.0 
55.0 93.0 93.0 47.0 
55.0 93.0 93.0 47.0 
55.0 93.0 93.0 47.0 
55.0 93.0 93.0 47.0 
55.0 93.0 93.0 47.0 
55.0 93.0 93.0 47.0 
55.0 93.0 93.0 47.0 
55.0 93.0 93.0 47.0 
55.0 93.0 93.0 47.0 
55.0 93.0 93.0 47.0 
55.0 93.0 93.0 47.0 
55.0 93.0 93.0 47.0 
55.0 93.0 93.0 47.0 
55.0 93.0 93.0 47.0 
55.0 93.0 93.0 47.0 
55.0 93.0 93.0 47.0 
55.0 93.0 93.0 47.0 
55.0 93.0 93.0 47.0 
55.0 93.0 93.0 47.0 
55.0 93.0 93.0 47.0 
55.0 93.0 93.0 47.0 
55.0 93.0 93.0 47.0 
55.0 93.0 93.0 47.0 
55.0 93.0 93.0 47.0 
55.0 93.0 93.0 47.0 
55.0 93.0 93.0 47.0 
55.0 93.0 93.0 47.0 
55.0 93.0 93.0 47.0 
55.0 93.0 93.0 47.0 
55.0 93.0 93.0 47.0 
55.0 93.0 93.0 47.0 
55.0 93.0 93.0 47.0 
55.0 93.0 93.0 47.0 
55.0 93.0 93.0 47.0 
55.0 93.0 93.0 47.0 
55.0 93.0 93.0 47.0 
55.0 93.0 93.0 47.0 
55.0 93.0 93.0 47.0 
55.0 93.0 93.0 47.0 
55.0 93.0 93.0 47.0 
55.0 93.0 93.0 47.0 
55.0 93.0 93.0 47.0 
55.0 93.0 93.0 47.0 
55.0 93.0 93.0 47.0 
55.0 93.0 93.0 47.0 
55.0 93.0 93.0 47.0 
55.0 93.0 93.0 47.0 
55.0 93.0 93.0 47.0 
55.0 93.0 93.0 47.0 
55.0 93.0 93.0 47.0 
55.0 93.0 93.0 47.0 
55.0 93.0 93.0 47.0 
55.0 93.0 93.0 47.0 
55.0 93.0 93.0 47.0 
55.0 93.0 93.0 47.0 
55.0 93.0 93.0 47.0 
55.0 93.0 93.0 47.0 
55.0 93.0 93.0 47.0 
55.0 93.0 93.0 47.0 
55.0 93.0 93.0 47.0 
55.0 93.0 93.0 47.0 
61.0 64.0 78.0 70.0 
61.0 64.0 78.0 70.0 
100.0 26.0 59.0 18.0 
100.0 26.0 59.0 18.0 
100.0 26.0 59.0 18.0 
55.0 66.0 20.0 18.0 
79.0 19.0 40.0 72.0 
37.0 86.0 66.0 92.0 
63.0 90.0 24.0 23.0 
63.0 90.0 24.0 23.0 
