63.0 98.0 13.0 
63.0 98.0 13.0 
63.0 98.0 13.0 
63.0 98.0 13.0 
63.0 98.0 13.0 
63.0 98.0 13.0 
63.0 98.0 13.0 
63.0 98.0 13.0 
63.0 98.0 13.0 
63.0 98.0 13.0 
63.0 98.0 13.0 
63.0 98.0 13.0 
63.0 98.0 13.0 
63.0 98.0 13.0 
63.0 98.0 13.0 
63.0 98.0 13.0 
63.0 98.0 13.0 
63.0 98.0 13.0 
63.0 98.0 13.0 
63.0 98.0 13.0 
63.0 98.0 13.0 
63.0 98.0 13.0 
63.0 98.0 13.0 
63.0 98.0 13.0 
63.0 98.0 13.0 
63.0 98.0 13.0 
63.0 98.0 13.0 
63.0 98.0 13.0 
63.0 98.0 13.0 
63.0 98.0 13.0 
63.0 98.0 13.0 
63.0 98.0 13.0 
63.0 98.0 13.0 
63.0 98.0 13.0 
63.0 98.0 13.0 
63.0 98.0 13.0 
63.0 98.0 13.0 
63.0 98.0 13.0 
63.0 98.0 13.0 
63.0 98.0 13.0 
63.0 98.0 13.0 
63.0 98.0 13.0 
63.0 98.0 13.0 
63.0 98.0 13.0 
63.0 98.0 13.0 
63.0 98.0 13.0 
63.0 98.0 13.0 
63.0 98.0 13.0 
63.0 98.0 13.0 
63.0 98.0 13.0 
63.0 98.0 13.0 
63.0 98.0 13.0 
63.0 98.0 13.0 
63.0 98.0 13.0 
63.0 98.0 13.0 
63.0 98.0 13.0 
63.0 98.0 13.0 
63.0 98.0 13.0 
63.0 98.0 13.0 
63.0 98.0 13.0 
63.0 98.0 13.0 
63.0 98.0 13.0 
63.0 98.0 13.0 
63.0 98.0 13.0 
63.0 98.0 13.0 
63.0 98.0 13.0 
63.0 98.0 13.0 
63.0 98.0 13.0 
15.0 46.0 15.0 
15.0 46.0 15.0 
15.0 46.0 15.0 
15.0 46.0 15.0 
15.0 46.0 15.0 
15.0 46.0 15.0 
15.0 46.0 15.0 
15.0 46.0 15.0 
15.0 46.0 15.0 
15.0 46.0 15.0 
15.0 46.0 15.0 
15.0 46.0 15.0 
15.0 46.0 15.0 
15.0 46.0 15.0 
15.0 46.0 15.0 
15.0 46.0 15.0 
15.0 46.0 15.0 
15.0 46.0 15.0 
15.0 46.0 15.0 
15.0 46.0 15.0 
15.0 46.0 15.0 
15.0 46.0 15.0 
15.0 46.0 15.0 
15.0 46.0 15.0 
41.0 93.0 60.0 
41.0 93.0 60.0 
41.0 93.0 60.0 
11.0 82.0 95.0 
11.0 82.0 95.0 
11.0 82.0 95.0 
57.0 37.0 76.0 
57.0 37.0 76.0 
