21.0 39.0 29.0 
21.0 39.0 29.0 
21.0 39.0 29.0 
21.0 39.0 29.0 
21.0 39.0 29.0 
21.0 39.0 29.0 
21.0 39.0 29.0 
21.0 39.0 29.0 
21.0 39.0 29.0 
21.0 39.0 29.0 
21.0 39.0 29.0 
21.0 39.0 29.0 
21.0 39.0 29.0 
21.0 39.0 29.0 
21.0 39.0 29.0 
21.0 39.0 29.0 
21.0 39.0 29.0 
21.0 39.0 29.0 
21.0 39.0 29.0 
21.0 39.0 29.0 
21.0 39.0 29.0 
21.0 39.0 29.0 
21.0 39.0 29.0 
21.0 39.0 29.0 
21.0 39.0 29.0 
21.0 39.0 29.0 
21.0 39.0 29.0 
21.0 39.0 29.0 
21.0 39.0 29.0 
21.0 39.0 29.0 
21.0 39.0 29.0 
21.0 39.0 29.0 
21.0 39.0 29.0 
21.0 39.0 29.0 
21.0 39.0 29.0 
21.0 39.0 29.0 
21.0 39.0 29.0 
21.0 39.0 29.0 
21.0 39.0 29.0 
21.0 39.0 29.0 
21.0 39.0 29.0 
21.0 39.0 29.0 
21.0 39.0 29.0 
21.0 39.0 29.0 
21.0 39.0 29.0 
21.0 39.0 29.0 
21.0 39.0 29.0 
21.0 39.0 29.0 
21.0 39.0 29.0 
21.0 39.0 29.0 
21.0 39.0 29.0 
21.0 39.0 29.0 
21.0 39.0 29.0 
21.0 39.0 29.0 
21.0 39.0 29.0 
21.0 39.0 29.0 
21.0 39.0 29.0 
21.0 39.0 29.0 
21.0 39.0 29.0 
21.0 39.0 29.0 
21.0 39.0 29.0 
21.0 39.0 29.0 
21.0 39.0 29.0 
21.0 39.0 29.0 
14.0 84.0 42.0 
14.0 84.0 42.0 
14.0 84.0 42.0 
14.0 84.0 42.0 
14.0 84.0 42.0 
14.0 84.0 42.0 
14.0 84.0 42.0 
14.0 84.0 42.0 
64.0 74.0 35.0 
64.0 74.0 35.0 
43.0 58.0 91.0 
43.0 58.0 91.0 
43.0 58.0 91.0 
43.0 58.0 91.0 
43.0 58.0 91.0 
43.0 58.0 91.0 
43.0 58.0 91.0 
43.0 58.0 91.0 
43.0 58.0 91.0 
43.0 58.0 91.0 
43.0 58.0 91.0 
43.0 58.0 91.0 
40.0 37.0 57.0 
40.0 37.0 57.0 
40.0 37.0 57.0 
40.0 37.0 57.0 
50.0 93.0 76.0 
50.0 93.0 76.0 
50.0 93.0 76.0 
15.0 24.0 38.0 
15.0 24.0 38.0 
15.0 24.0 38.0 
15.0 24.0 38.0 
78.0 76.0 18.0 
90.0 91.0 85.0 
90.0 91.0 85.0 
