94.0 72.0 44.0 93.0 24.0 
94.0 72.0 44.0 93.0 24.0 
94.0 72.0 44.0 93.0 24.0 
94.0 72.0 44.0 93.0 24.0 
94.0 72.0 44.0 93.0 24.0 
94.0 72.0 44.0 93.0 24.0 
94.0 72.0 44.0 93.0 24.0 
94.0 72.0 44.0 93.0 24.0 
94.0 72.0 44.0 93.0 24.0 
94.0 72.0 44.0 93.0 24.0 
94.0 72.0 44.0 93.0 24.0 
94.0 72.0 44.0 93.0 24.0 
94.0 72.0 44.0 93.0 24.0 
94.0 72.0 44.0 93.0 24.0 
94.0 72.0 44.0 93.0 24.0 
94.0 72.0 44.0 93.0 24.0 
94.0 72.0 44.0 93.0 24.0 
94.0 72.0 44.0 93.0 24.0 
94.0 72.0 44.0 93.0 24.0 
94.0 72.0 44.0 93.0 24.0 
94.0 72.0 44.0 93.0 24.0 
94.0 72.0 44.0 93.0 24.0 
94.0 72.0 44.0 93.0 24.0 
94.0 72.0 44.0 93.0 24.0 
94.0 72.0 44.0 93.0 24.0 
94.0 72.0 44.0 93.0 24.0 
94.0 72.0 44.0 93.0 24.0 
94.0 72.0 44.0 93.0 24.0 
94.0 72.0 44.0 93.0 24.0 
94.0 72.0 44.0 93.0 24.0 
94.0 72.0 44.0 93.0 24.0 
94.0 72.0 44.0 93.0 24.0 
94.0 72.0 44.0 93.0 24.0 
94.0 72.0 44.0 93.0 24.0 
94.0 72.0 44.0 93.0 24.0 
94.0 72.0 44.0 93.0 24.0 
94.0 72.0 44.0 93.0 24.0 
94.0 72.0 44.0 93.0 24.0 
94.0 72.0 44.0 93.0 24.0 
94.0 72.0 44.0 93.0 24.0 
94.0 72.0 44.0 93.0 24.0 
94.0 72.0 44.0 93.0 24.0 
94.0 72.0 44.0 93.0 24.0 
94.0 72.0 44.0 93.0 24.0 
94.0 72.0 44.0 93.0 24.0 
94.0 72.0 44.0 93.0 24.0 
94.0 72.0 44.0 93.0 24.0 
94.0 72.0 44.0 93.0 24.0 
94.0 72.0 44.0 93.0 24.0 
94.0 72.0 44.0 93.0 24.0 
94.0 72.0 44.0 93.0 24.0 
75.0 76.0 41.0 32.0 26.0 
75.0 76.0 41.0 32.0 26.0 
75.0 76.0 41.0 32.0 26.0 
75.0 76.0 41.0 32.0 26.0 
75.0 76.0 41.0 32.0 26.0 
75.0 76.0 41.0 32.0 26.0 
75.0 76.0 41.0 32.0 26.0 
75.0 76.0 41.0 32.0 26.0 
75.0 76.0 41.0 32.0 26.0 
75.0 76.0 41.0 32.0 26.0 
75.0 76.0 41.0 32.0 26.0 
75.0 76.0 41.0 32.0 26.0 
75.0 76.0 41.0 32.0 26.0 
75.0 76.0 41.0 32.0 26.0 
75.0 76.0 41.0 32.0 26.0 
75.0 76.0 41.0 32.0 26.0 
75.0 76.0 41.0 32.0 26.0 
75.0 76.0 41.0 32.0 26.0 
75.0 76.0 41.0 32.0 26.0 
75.0 76.0 41.0 32.0 26.0 
75.0 76.0 41.0 32.0 26.0 
75.0 76.0 41.0 32.0 26.0 
75.0 76.0 41.0 32.0 26.0 
75.0 76.0 41.0 32.0 26.0 
75.0 76.0 41.0 32.0 26.0 
75.0 76.0 41.0 32.0 26.0 
84.0 20.0 27.0 65.0 49.0 
84.0 20.0 27.0 65.0 49.0 
84.0 20.0 27.0 65.0 49.0 
84.0 20.0 27.0 65.0 49.0 
84.0 20.0 27.0 65.0 49.0 
84.0 20.0 27.0 65.0 49.0 
84.0 20.0 27.0 65.0 49.0 
84.0 20.0 27.0 65.0 49.0 
84.0 20.0 27.0 65.0 49.0 
31.0 89.0 35.0 35.0 86.0 
31.0 89.0 35.0 35.0 86.0 
88.0 25.0 19.0 81.0 70.0 
66.0 15.0 72.0 90.0 89.0 
66.0 15.0 72.0 90.0 89.0 
66.0 15.0 72.0 90.0 89.0 
66.0 15.0 72.0 90.0 89.0 
66.0 15.0 72.0 90.0 89.0 
66.0 15.0 72.0 90.0 89.0 
66.0 15.0 72.0 90.0 89.0 
66.0 15.0 72.0 90.0 89.0 
66.0 15.0 72.0 90.0 89.0 
66.0 15.0 72.0 90.0 89.0 
66.0 15.0 72.0 90.0 89.0 
