38.0 48.0 18.0 77.0 
38.0 48.0 18.0 77.0 
38.0 48.0 18.0 77.0 
38.0 48.0 18.0 77.0 
38.0 48.0 18.0 77.0 
38.0 48.0 18.0 77.0 
38.0 48.0 18.0 77.0 
38.0 48.0 18.0 77.0 
38.0 48.0 18.0 77.0 
38.0 48.0 18.0 77.0 
38.0 48.0 18.0 77.0 
38.0 48.0 18.0 77.0 
34.0 37.0 39.0 34.0 
34.0 37.0 39.0 34.0 
34.0 37.0 39.0 34.0 
34.0 37.0 39.0 34.0 
34.0 37.0 39.0 34.0 
34.0 37.0 39.0 34.0 
34.0 37.0 39.0 34.0 
34.0 37.0 39.0 34.0 
34.0 37.0 39.0 34.0 
34.0 37.0 39.0 34.0 
69.0 74.0 93.0 24.0 
69.0 74.0 93.0 24.0 
69.0 74.0 93.0 24.0 
69.0 74.0 93.0 24.0 
69.0 74.0 93.0 24.0 
69.0 74.0 93.0 24.0 
69.0 74.0 93.0 24.0 
69.0 74.0 93.0 24.0 
69.0 74.0 93.0 24.0 
69.0 74.0 93.0 24.0 
69.0 74.0 93.0 24.0 
69.0 74.0 93.0 24.0 
69.0 74.0 93.0 24.0 
69.0 74.0 93.0 24.0 
69.0 74.0 93.0 24.0 
69.0 74.0 93.0 24.0 
69.0 74.0 93.0 24.0 
69.0 74.0 93.0 24.0 
69.0 74.0 93.0 24.0 
69.0 74.0 93.0 24.0 
69.0 74.0 93.0 24.0 
69.0 74.0 93.0 24.0 
69.0 74.0 93.0 24.0 
69.0 74.0 93.0 24.0 
69.0 74.0 93.0 24.0 
69.0 74.0 93.0 24.0 
69.0 74.0 93.0 24.0 
69.0 74.0 93.0 24.0 
69.0 74.0 93.0 24.0 
69.0 74.0 93.0 24.0 
69.0 74.0 93.0 24.0 
69.0 74.0 93.0 24.0 
69.0 74.0 93.0 24.0 
69.0 74.0 93.0 24.0 
69.0 74.0 93.0 24.0 
69.0 74.0 93.0 24.0 
69.0 74.0 93.0 24.0 
69.0 74.0 93.0 24.0 
69.0 74.0 93.0 24.0 
69.0 74.0 93.0 24.0 
69.0 74.0 93.0 24.0 
69.0 74.0 93.0 24.0 
69.0 74.0 93.0 24.0 
69.0 74.0 93.0 24.0 
69.0 74.0 93.0 24.0 
69.0 74.0 93.0 24.0 
69.0 74.0 93.0 24.0 
69.0 74.0 93.0 24.0 
69.0 74.0 93.0 24.0 
69.0 74.0 93.0 24.0 
69.0 74.0 93.0 24.0 
69.0 74.0 93.0 24.0 
69.0 74.0 93.0 24.0 
69.0 74.0 93.0 24.0 
69.0 74.0 93.0 24.0 
69.0 74.0 93.0 24.0 
69.0 74.0 93.0 24.0 
69.0 74.0 93.0 24.0 
69.0 74.0 93.0 24.0 
69.0 74.0 93.0 24.0 
69.0 74.0 93.0 24.0 
69.0 74.0 93.0 24.0 
69.0 74.0 93.0 24.0 
69.0 74.0 93.0 24.0 
69.0 74.0 93.0 24.0 
69.0 74.0 93.0 24.0 
69.0 74.0 93.0 24.0 
69.0 74.0 93.0 24.0 
69.0 74.0 93.0 24.0 
46.0 43.0 70.0 23.0 
46.0 43.0 70.0 23.0 
46.0 43.0 70.0 23.0 
46.0 43.0 70.0 23.0 
46.0 43.0 70.0 23.0 
46.0 43.0 70.0 23.0 
37.0 50.0 92.0 34.0 
37.0 50.0 92.0 34.0 
37.0 50.0 92.0 34.0 
