19.0 33.0 49.0 
19.0 33.0 49.0 
19.0 33.0 49.0 
19.0 33.0 49.0 
19.0 33.0 49.0 
19.0 33.0 49.0 
19.0 33.0 49.0 
19.0 33.0 49.0 
19.0 33.0 49.0 
19.0 33.0 49.0 
19.0 33.0 49.0 
19.0 33.0 49.0 
19.0 33.0 49.0 
19.0 33.0 49.0 
19.0 33.0 49.0 
19.0 33.0 49.0 
19.0 33.0 49.0 
19.0 33.0 49.0 
19.0 33.0 49.0 
19.0 33.0 49.0 
19.0 33.0 49.0 
19.0 33.0 49.0 
19.0 33.0 49.0 
19.0 33.0 49.0 
19.0 33.0 49.0 
19.0 33.0 49.0 
19.0 33.0 49.0 
19.0 33.0 49.0 
19.0 33.0 49.0 
19.0 33.0 49.0 
19.0 33.0 49.0 
19.0 33.0 49.0 
19.0 33.0 49.0 
19.0 33.0 49.0 
19.0 33.0 49.0 
19.0 33.0 49.0 
19.0 33.0 49.0 
19.0 33.0 49.0 
19.0 33.0 49.0 
19.0 33.0 49.0 
19.0 33.0 49.0 
19.0 33.0 49.0 
19.0 33.0 49.0 
19.0 33.0 49.0 
19.0 33.0 49.0 
19.0 33.0 49.0 
19.0 33.0 49.0 
19.0 33.0 49.0 
19.0 33.0 49.0 
19.0 33.0 49.0 
39.0 29.0 67.0 
39.0 29.0 67.0 
39.0 29.0 67.0 
39.0 29.0 67.0 
39.0 29.0 67.0 
39.0 29.0 67.0 
39.0 29.0 67.0 
39.0 29.0 67.0 
39.0 29.0 67.0 
39.0 29.0 67.0 
39.0 29.0 67.0 
39.0 29.0 67.0 
39.0 29.0 67.0 
39.0 29.0 67.0 
39.0 29.0 67.0 
39.0 29.0 67.0 
39.0 29.0 67.0 
39.0 29.0 67.0 
39.0 29.0 67.0 
39.0 29.0 67.0 
39.0 29.0 67.0 
39.0 29.0 67.0 
39.0 29.0 67.0 
39.0 29.0 67.0 
65.0 11.0 65.0 
65.0 11.0 65.0 
65.0 11.0 65.0 
65.0 11.0 65.0 
65.0 11.0 65.0 
21.0 59.0 34.0 
21.0 59.0 34.0 
21.0 59.0 34.0 
77.0 94.0 26.0 
77.0 94.0 26.0 
77.0 94.0 26.0 
77.0 94.0 26.0 
77.0 94.0 26.0 
77.0 94.0 26.0 
77.0 94.0 26.0 
77.0 94.0 26.0 
77.0 94.0 26.0 
77.0 94.0 26.0 
77.0 94.0 26.0 
29.0 85.0 32.0 
29.0 85.0 32.0 
29.0 85.0 32.0 
29.0 85.0 32.0 
29.0 85.0 32.0 
29.0 85.0 32.0 
29.0 85.0 32.0 
