51.0 90.0 57.0 59.0 46.0 
51.0 90.0 57.0 59.0 46.0 
51.0 90.0 57.0 59.0 46.0 
51.0 90.0 57.0 59.0 46.0 
51.0 90.0 57.0 59.0 46.0 
51.0 90.0 57.0 59.0 46.0 
51.0 90.0 57.0 59.0 46.0 
51.0 90.0 57.0 59.0 46.0 
51.0 90.0 57.0 59.0 46.0 
51.0 90.0 57.0 59.0 46.0 
51.0 90.0 57.0 59.0 46.0 
51.0 90.0 57.0 59.0 46.0 
51.0 90.0 57.0 59.0 46.0 
55.0 59.0 79.0 56.0 43.0 
55.0 59.0 79.0 56.0 43.0 
55.0 59.0 79.0 56.0 43.0 
55.0 59.0 79.0 56.0 43.0 
55.0 59.0 79.0 56.0 43.0 
55.0 59.0 79.0 56.0 43.0 
55.0 59.0 79.0 56.0 43.0 
55.0 59.0 79.0 56.0 43.0 
55.0 59.0 79.0 56.0 43.0 
55.0 59.0 79.0 56.0 43.0 
55.0 59.0 79.0 56.0 43.0 
55.0 59.0 79.0 56.0 43.0 
55.0 59.0 79.0 56.0 43.0 
55.0 59.0 79.0 56.0 43.0 
55.0 59.0 79.0 56.0 43.0 
55.0 59.0 79.0 56.0 43.0 
55.0 59.0 79.0 56.0 43.0 
55.0 59.0 79.0 56.0 43.0 
55.0 59.0 79.0 56.0 43.0 
55.0 59.0 79.0 56.0 43.0 
55.0 59.0 79.0 56.0 43.0 
55.0 59.0 79.0 56.0 43.0 
55.0 59.0 79.0 56.0 43.0 
55.0 59.0 79.0 56.0 43.0 
55.0 59.0 79.0 56.0 43.0 
55.0 59.0 79.0 56.0 43.0 
55.0 59.0 79.0 56.0 43.0 
55.0 59.0 79.0 56.0 43.0 
55.0 59.0 79.0 56.0 43.0 
55.0 59.0 79.0 56.0 43.0 
55.0 59.0 79.0 56.0 43.0 
55.0 59.0 79.0 56.0 43.0 
55.0 59.0 79.0 56.0 43.0 
55.0 59.0 79.0 56.0 43.0 
55.0 59.0 79.0 56.0 43.0 
55.0 59.0 79.0 56.0 43.0 
55.0 59.0 79.0 56.0 43.0 
55.0 59.0 79.0 56.0 43.0 
55.0 59.0 79.0 56.0 43.0 
55.0 59.0 79.0 56.0 43.0 
55.0 59.0 79.0 56.0 43.0 
55.0 59.0 79.0 56.0 43.0 
55.0 59.0 79.0 56.0 43.0 
55.0 59.0 79.0 56.0 43.0 
55.0 59.0 79.0 56.0 43.0 
55.0 59.0 79.0 56.0 43.0 
55.0 59.0 79.0 56.0 43.0 
55.0 59.0 79.0 56.0 43.0 
55.0 59.0 79.0 56.0 43.0 
55.0 59.0 79.0 56.0 43.0 
55.0 59.0 79.0 56.0 43.0 
55.0 59.0 79.0 56.0 43.0 
55.0 59.0 79.0 56.0 43.0 
55.0 59.0 79.0 56.0 43.0 
55.0 59.0 79.0 56.0 43.0 
55.0 59.0 79.0 56.0 43.0 
55.0 59.0 79.0 56.0 43.0 
55.0 59.0 79.0 56.0 43.0 
55.0 59.0 79.0 56.0 43.0 
55.0 59.0 79.0 56.0 43.0 
55.0 59.0 79.0 56.0 43.0 
80.0 71.0 55.0 79.0 15.0 
80.0 71.0 55.0 79.0 15.0 
80.0 71.0 55.0 79.0 15.0 
80.0 71.0 55.0 79.0 15.0 
80.0 71.0 55.0 79.0 15.0 
80.0 71.0 55.0 79.0 15.0 
80.0 71.0 55.0 79.0 15.0 
80.0 71.0 55.0 79.0 15.0 
80.0 71.0 55.0 79.0 15.0 
80.0 71.0 55.0 79.0 15.0 
80.0 71.0 55.0 79.0 15.0 
80.0 71.0 55.0 79.0 15.0 
80.0 71.0 55.0 79.0 15.0 
80.0 71.0 55.0 79.0 15.0 
80.0 71.0 55.0 79.0 15.0 
80.0 71.0 55.0 79.0 15.0 
80.0 75.0 88.0 100.0 39.0 
80.0 75.0 88.0 100.0 39.0 
80.0 75.0 88.0 100.0 39.0 
80.0 75.0 88.0 100.0 39.0 
80.0 75.0 88.0 100.0 39.0 
80.0 75.0 88.0 100.0 39.0 
80.0 75.0 88.0 100.0 39.0 
80.0 75.0 88.0 100.0 39.0 
80.0 75.0 88.0 100.0 39.0 
80.0 75.0 88.0 100.0 39.0 
