14.0 15.0 25.0 22.0 
14.0 15.0 25.0 22.0 
14.0 15.0 25.0 22.0 
14.0 15.0 25.0 22.0 
14.0 15.0 25.0 22.0 
14.0 15.0 25.0 22.0 
14.0 15.0 25.0 22.0 
14.0 15.0 25.0 22.0 
14.0 15.0 25.0 22.0 
14.0 15.0 25.0 22.0 
14.0 15.0 25.0 22.0 
14.0 15.0 25.0 22.0 
14.0 15.0 25.0 22.0 
14.0 15.0 25.0 22.0 
14.0 15.0 25.0 22.0 
14.0 15.0 25.0 22.0 
14.0 15.0 25.0 22.0 
14.0 15.0 25.0 22.0 
14.0 15.0 25.0 22.0 
14.0 15.0 25.0 22.0 
14.0 15.0 25.0 22.0 
14.0 15.0 25.0 22.0 
69.0 34.0 41.0 30.0 
69.0 34.0 41.0 30.0 
69.0 34.0 41.0 30.0 
69.0 34.0 41.0 30.0 
69.0 34.0 41.0 30.0 
69.0 34.0 41.0 30.0 
69.0 34.0 41.0 30.0 
69.0 34.0 41.0 30.0 
69.0 34.0 41.0 30.0 
69.0 34.0 41.0 30.0 
69.0 34.0 41.0 30.0 
69.0 34.0 41.0 30.0 
69.0 34.0 41.0 30.0 
69.0 34.0 41.0 30.0 
69.0 34.0 41.0 30.0 
69.0 34.0 41.0 30.0 
69.0 34.0 41.0 30.0 
69.0 34.0 41.0 30.0 
69.0 34.0 41.0 30.0 
69.0 34.0 41.0 30.0 
69.0 34.0 41.0 30.0 
69.0 34.0 41.0 30.0 
69.0 34.0 41.0 30.0 
69.0 34.0 41.0 30.0 
69.0 34.0 41.0 30.0 
69.0 34.0 41.0 30.0 
69.0 34.0 41.0 30.0 
69.0 34.0 41.0 30.0 
69.0 34.0 41.0 30.0 
69.0 34.0 41.0 30.0 
69.0 34.0 41.0 30.0 
69.0 34.0 41.0 30.0 
69.0 34.0 41.0 30.0 
69.0 34.0 41.0 30.0 
69.0 34.0 41.0 30.0 
69.0 34.0 41.0 30.0 
69.0 34.0 41.0 30.0 
69.0 34.0 41.0 30.0 
69.0 34.0 41.0 30.0 
69.0 34.0 41.0 30.0 
69.0 34.0 41.0 30.0 
69.0 34.0 41.0 30.0 
69.0 34.0 41.0 30.0 
69.0 34.0 41.0 30.0 
69.0 34.0 41.0 30.0 
69.0 34.0 41.0 30.0 
69.0 34.0 41.0 30.0 
69.0 34.0 41.0 30.0 
69.0 34.0 41.0 30.0 
69.0 34.0 41.0 30.0 
69.0 34.0 41.0 30.0 
69.0 34.0 41.0 30.0 
69.0 34.0 41.0 30.0 
69.0 34.0 41.0 30.0 
69.0 34.0 41.0 30.0 
69.0 34.0 41.0 30.0 
69.0 34.0 41.0 30.0 
69.0 34.0 41.0 30.0 
69.0 34.0 41.0 30.0 
69.0 34.0 41.0 30.0 
69.0 34.0 41.0 30.0 
69.0 34.0 41.0 30.0 
69.0 34.0 41.0 30.0 
69.0 34.0 41.0 30.0 
69.0 34.0 41.0 30.0 
69.0 34.0 41.0 30.0 
69.0 34.0 41.0 30.0 
69.0 34.0 41.0 30.0 
57.0 26.0 37.0 72.0 
57.0 26.0 37.0 72.0 
57.0 26.0 37.0 72.0 
57.0 26.0 37.0 72.0 
54.0 81.0 91.0 52.0 
54.0 81.0 91.0 52.0 
54.0 81.0 91.0 52.0 
99.0 14.0 17.0 77.0 
46.0 21.0 31.0 62.0 
46.0 21.0 31.0 62.0 
