82.0 80.0 94.0 88.0 
82.0 80.0 94.0 88.0 
82.0 80.0 94.0 88.0 
82.0 80.0 94.0 88.0 
82.0 80.0 94.0 88.0 
82.0 80.0 94.0 88.0 
82.0 80.0 94.0 88.0 
82.0 80.0 94.0 88.0 
82.0 80.0 94.0 88.0 
82.0 80.0 94.0 88.0 
82.0 80.0 94.0 88.0 
82.0 80.0 94.0 88.0 
82.0 80.0 94.0 88.0 
82.0 80.0 94.0 88.0 
82.0 80.0 94.0 88.0 
82.0 80.0 94.0 88.0 
82.0 80.0 94.0 88.0 
82.0 80.0 94.0 88.0 
82.0 80.0 94.0 88.0 
82.0 80.0 94.0 88.0 
82.0 80.0 94.0 88.0 
82.0 80.0 94.0 88.0 
82.0 80.0 94.0 88.0 
82.0 80.0 94.0 88.0 
82.0 80.0 94.0 88.0 
82.0 80.0 94.0 88.0 
82.0 80.0 94.0 88.0 
82.0 80.0 94.0 88.0 
82.0 80.0 94.0 88.0 
82.0 80.0 94.0 88.0 
82.0 80.0 94.0 88.0 
82.0 80.0 94.0 88.0 
82.0 80.0 94.0 88.0 
44.0 87.0 64.0 21.0 
44.0 87.0 64.0 21.0 
44.0 87.0 64.0 21.0 
44.0 87.0 64.0 21.0 
24.0 100.0 94.0 79.0 
24.0 100.0 94.0 79.0 
24.0 100.0 94.0 79.0 
24.0 100.0 94.0 79.0 
24.0 100.0 94.0 79.0 
24.0 100.0 94.0 79.0 
24.0 100.0 94.0 79.0 
24.0 100.0 94.0 79.0 
24.0 100.0 94.0 79.0 
24.0 100.0 94.0 79.0 
24.0 100.0 94.0 79.0 
24.0 100.0 94.0 79.0 
24.0 100.0 94.0 79.0 
83.0 11.0 81.0 92.0 
83.0 11.0 81.0 92.0 
83.0 11.0 81.0 92.0 
83.0 11.0 81.0 92.0 
83.0 11.0 81.0 92.0 
83.0 11.0 81.0 92.0 
83.0 11.0 81.0 92.0 
83.0 11.0 81.0 92.0 
83.0 11.0 81.0 92.0 
83.0 11.0 81.0 92.0 
83.0 11.0 81.0 92.0 
83.0 11.0 81.0 92.0 
83.0 11.0 81.0 92.0 
83.0 11.0 81.0 92.0 
83.0 11.0 81.0 92.0 
83.0 11.0 81.0 92.0 
83.0 11.0 81.0 92.0 
83.0 11.0 81.0 92.0 
83.0 11.0 81.0 92.0 
83.0 11.0 81.0 92.0 
83.0 11.0 81.0 92.0 
83.0 11.0 81.0 92.0 
83.0 11.0 81.0 92.0 
83.0 11.0 81.0 92.0 
83.0 11.0 81.0 92.0 
83.0 11.0 81.0 92.0 
83.0 11.0 81.0 92.0 
83.0 11.0 81.0 92.0 
83.0 11.0 81.0 92.0 
83.0 11.0 81.0 92.0 
83.0 11.0 81.0 92.0 
83.0 11.0 81.0 92.0 
83.0 11.0 81.0 92.0 
83.0 11.0 81.0 92.0 
83.0 11.0 81.0 92.0 
83.0 11.0 81.0 92.0 
83.0 11.0 81.0 92.0 
83.0 11.0 81.0 92.0 
83.0 11.0 81.0 92.0 
46.0 61.0 82.0 99.0 
46.0 61.0 82.0 99.0 
46.0 61.0 82.0 99.0 
46.0 61.0 82.0 99.0 
46.0 61.0 82.0 99.0 
46.0 61.0 82.0 99.0 
46.0 61.0 82.0 99.0 
46.0 61.0 82.0 99.0 
67.0 49.0 81.0 43.0 
67.0 49.0 81.0 43.0 
67.0 49.0 81.0 43.0 
