18.0 100.0 86.0 
18.0 100.0 86.0 
18.0 100.0 86.0 
18.0 100.0 86.0 
18.0 100.0 86.0 
18.0 100.0 86.0 
18.0 100.0 86.0 
18.0 100.0 86.0 
18.0 100.0 86.0 
18.0 100.0 86.0 
18.0 100.0 86.0 
18.0 100.0 86.0 
18.0 100.0 86.0 
18.0 100.0 86.0 
18.0 100.0 86.0 
18.0 100.0 86.0 
18.0 100.0 86.0 
18.0 100.0 86.0 
18.0 100.0 86.0 
18.0 100.0 86.0 
18.0 100.0 86.0 
18.0 100.0 86.0 
18.0 100.0 86.0 
18.0 100.0 86.0 
18.0 100.0 86.0 
18.0 100.0 86.0 
18.0 100.0 86.0 
18.0 100.0 86.0 
18.0 100.0 86.0 
18.0 100.0 86.0 
18.0 100.0 86.0 
18.0 100.0 86.0 
18.0 100.0 86.0 
18.0 100.0 86.0 
18.0 100.0 86.0 
18.0 100.0 86.0 
18.0 100.0 86.0 
18.0 100.0 86.0 
18.0 100.0 86.0 
18.0 100.0 86.0 
18.0 100.0 86.0 
18.0 100.0 86.0 
18.0 100.0 86.0 
18.0 100.0 86.0 
18.0 100.0 86.0 
18.0 100.0 86.0 
18.0 100.0 86.0 
18.0 100.0 86.0 
18.0 100.0 86.0 
18.0 100.0 86.0 
18.0 100.0 86.0 
18.0 100.0 86.0 
18.0 100.0 86.0 
18.0 100.0 86.0 
18.0 100.0 86.0 
18.0 100.0 86.0 
18.0 100.0 86.0 
18.0 100.0 86.0 
18.0 100.0 86.0 
18.0 100.0 86.0 
18.0 100.0 86.0 
18.0 100.0 86.0 
18.0 100.0 86.0 
18.0 100.0 86.0 
18.0 100.0 86.0 
18.0 100.0 86.0 
18.0 100.0 86.0 
18.0 100.0 86.0 
18.0 100.0 86.0 
18.0 100.0 86.0 
18.0 100.0 86.0 
18.0 100.0 86.0 
18.0 100.0 86.0 
18.0 100.0 86.0 
18.0 100.0 86.0 
18.0 100.0 86.0 
18.0 100.0 86.0 
18.0 100.0 86.0 
18.0 100.0 86.0 
18.0 100.0 86.0 
18.0 100.0 86.0 
18.0 100.0 86.0 
13.0 36.0 76.0 
13.0 36.0 76.0 
13.0 36.0 76.0 
13.0 36.0 76.0 
13.0 36.0 76.0 
13.0 36.0 76.0 
13.0 36.0 76.0 
13.0 36.0 76.0 
13.0 36.0 76.0 
94.0 53.0 93.0 
78.0 57.0 73.0 
78.0 57.0 73.0 
46.0 31.0 16.0 
17.0 55.0 16.0 
54.0 22.0 95.0 
79.0 71.0 35.0 
29.0 48.0 76.0 
29.0 48.0 76.0 
