38.0 50.0 76.0 
38.0 50.0 76.0 
38.0 50.0 76.0 
38.0 50.0 76.0 
38.0 50.0 76.0 
38.0 50.0 76.0 
38.0 50.0 76.0 
38.0 50.0 76.0 
38.0 50.0 76.0 
38.0 50.0 76.0 
38.0 50.0 76.0 
38.0 50.0 76.0 
38.0 50.0 76.0 
38.0 50.0 76.0 
38.0 50.0 76.0 
38.0 50.0 76.0 
38.0 50.0 76.0 
40.0 78.0 43.0 
40.0 78.0 43.0 
40.0 78.0 43.0 
40.0 78.0 43.0 
40.0 78.0 43.0 
40.0 78.0 43.0 
40.0 78.0 43.0 
40.0 78.0 43.0 
40.0 78.0 43.0 
40.0 78.0 43.0 
40.0 78.0 43.0 
40.0 78.0 43.0 
40.0 78.0 43.0 
40.0 78.0 43.0 
40.0 78.0 43.0 
40.0 78.0 43.0 
40.0 78.0 43.0 
40.0 78.0 43.0 
40.0 78.0 43.0 
40.0 78.0 43.0 
40.0 78.0 43.0 
40.0 78.0 43.0 
40.0 78.0 43.0 
40.0 78.0 43.0 
40.0 78.0 43.0 
40.0 78.0 43.0 
40.0 78.0 43.0 
40.0 78.0 43.0 
40.0 78.0 43.0 
40.0 78.0 43.0 
40.0 78.0 43.0 
40.0 78.0 43.0 
40.0 78.0 43.0 
40.0 78.0 43.0 
40.0 78.0 43.0 
40.0 78.0 43.0 
40.0 78.0 43.0 
40.0 78.0 43.0 
40.0 78.0 43.0 
40.0 78.0 43.0 
40.0 78.0 43.0 
40.0 78.0 43.0 
40.0 78.0 43.0 
40.0 78.0 43.0 
40.0 78.0 43.0 
40.0 78.0 43.0 
40.0 78.0 43.0 
40.0 78.0 43.0 
40.0 78.0 43.0 
40.0 78.0 43.0 
40.0 78.0 43.0 
40.0 78.0 43.0 
40.0 78.0 43.0 
40.0 78.0 43.0 
40.0 78.0 43.0 
40.0 78.0 43.0 
40.0 78.0 43.0 
40.0 78.0 43.0 
40.0 78.0 43.0 
40.0 78.0 43.0 
40.0 78.0 43.0 
40.0 78.0 43.0 
40.0 78.0 43.0 
40.0 78.0 43.0 
40.0 78.0 43.0 
84.0 55.0 47.0 
84.0 55.0 47.0 
84.0 55.0 47.0 
84.0 55.0 47.0 
84.0 55.0 47.0 
84.0 55.0 47.0 
84.0 55.0 47.0 
84.0 55.0 47.0 
66.0 77.0 30.0 
66.0 77.0 30.0 
66.0 77.0 30.0 
66.0 77.0 30.0 
66.0 77.0 30.0 
66.0 77.0 30.0 
66.0 77.0 30.0 
66.0 77.0 30.0 
66.0 77.0 30.0 
66.0 77.0 30.0 
