71.0 65.0 57.0 27.0 67.0 
71.0 65.0 57.0 27.0 67.0 
71.0 65.0 57.0 27.0 67.0 
71.0 65.0 57.0 27.0 67.0 
71.0 65.0 57.0 27.0 67.0 
71.0 65.0 57.0 27.0 67.0 
71.0 65.0 57.0 27.0 67.0 
71.0 65.0 57.0 27.0 67.0 
71.0 65.0 57.0 27.0 67.0 
71.0 65.0 57.0 27.0 67.0 
71.0 65.0 57.0 27.0 67.0 
71.0 65.0 57.0 27.0 67.0 
71.0 65.0 57.0 27.0 67.0 
71.0 65.0 57.0 27.0 67.0 
71.0 65.0 57.0 27.0 67.0 
71.0 65.0 57.0 27.0 67.0 
71.0 65.0 57.0 27.0 67.0 
71.0 65.0 57.0 27.0 67.0 
71.0 65.0 57.0 27.0 67.0 
71.0 65.0 57.0 27.0 67.0 
71.0 65.0 57.0 27.0 67.0 
71.0 65.0 57.0 27.0 67.0 
71.0 65.0 57.0 27.0 67.0 
71.0 65.0 57.0 27.0 67.0 
71.0 65.0 57.0 27.0 67.0 
99.0 52.0 55.0 100.0 59.0 
99.0 52.0 55.0 100.0 59.0 
99.0 52.0 55.0 100.0 59.0 
99.0 52.0 55.0 100.0 59.0 
99.0 52.0 55.0 100.0 59.0 
99.0 52.0 55.0 100.0 59.0 
99.0 52.0 55.0 100.0 59.0 
99.0 52.0 55.0 100.0 59.0 
99.0 52.0 55.0 100.0 59.0 
99.0 52.0 55.0 100.0 59.0 
99.0 52.0 55.0 100.0 59.0 
99.0 52.0 55.0 100.0 59.0 
99.0 52.0 55.0 100.0 59.0 
99.0 52.0 55.0 100.0 59.0 
99.0 52.0 55.0 100.0 59.0 
99.0 52.0 55.0 100.0 59.0 
99.0 52.0 55.0 100.0 59.0 
99.0 52.0 55.0 100.0 59.0 
99.0 52.0 55.0 100.0 59.0 
99.0 52.0 55.0 100.0 59.0 
99.0 52.0 55.0 100.0 59.0 
99.0 52.0 55.0 100.0 59.0 
99.0 52.0 55.0 100.0 59.0 
99.0 52.0 55.0 100.0 59.0 
99.0 52.0 55.0 100.0 59.0 
99.0 52.0 55.0 100.0 59.0 
99.0 52.0 55.0 100.0 59.0 
99.0 52.0 55.0 100.0 59.0 
99.0 52.0 55.0 100.0 59.0 
99.0 52.0 55.0 100.0 59.0 
99.0 52.0 55.0 100.0 59.0 
99.0 52.0 55.0 100.0 59.0 
99.0 52.0 55.0 100.0 59.0 
99.0 52.0 55.0 100.0 59.0 
99.0 52.0 55.0 100.0 59.0 
99.0 52.0 55.0 100.0 59.0 
99.0 52.0 55.0 100.0 59.0 
99.0 52.0 55.0 100.0 59.0 
99.0 52.0 55.0 100.0 59.0 
99.0 52.0 55.0 100.0 59.0 
99.0 52.0 55.0 100.0 59.0 
99.0 52.0 55.0 100.0 59.0 
99.0 52.0 55.0 100.0 59.0 
99.0 52.0 55.0 100.0 59.0 
99.0 52.0 55.0 100.0 59.0 
99.0 52.0 55.0 100.0 59.0 
99.0 52.0 55.0 100.0 59.0 
99.0 52.0 55.0 100.0 59.0 
99.0 52.0 55.0 100.0 59.0 
99.0 52.0 55.0 100.0 59.0 
99.0 52.0 55.0 100.0 59.0 
99.0 52.0 55.0 100.0 59.0 
99.0 52.0 55.0 100.0 59.0 
99.0 52.0 55.0 100.0 59.0 
74.0 94.0 51.0 47.0 23.0 
47.0 70.0 86.0 17.0 83.0 
47.0 70.0 86.0 17.0 83.0 
47.0 70.0 86.0 17.0 83.0 
47.0 70.0 86.0 17.0 83.0 
47.0 70.0 86.0 17.0 83.0 
47.0 70.0 86.0 17.0 83.0 
47.0 70.0 86.0 17.0 83.0 
47.0 70.0 86.0 17.0 83.0 
47.0 70.0 86.0 17.0 83.0 
47.0 70.0 86.0 17.0 83.0 
47.0 70.0 86.0 17.0 83.0 
47.0 70.0 86.0 17.0 83.0 
47.0 70.0 86.0 17.0 83.0 
35.0 99.0 89.0 53.0 88.0 
35.0 99.0 89.0 53.0 88.0 
65.0 75.0 25.0 34.0 96.0 
53.0 85.0 54.0 100.0 29.0 
53.0 85.0 54.0 100.0 29.0 
30.0 33.0 43.0 15.0 85.0 
30.0 33.0 43.0 15.0 85.0 
