58.0 25.0 41.0 36.0 
58.0 25.0 41.0 36.0 
58.0 25.0 41.0 36.0 
58.0 25.0 41.0 36.0 
58.0 25.0 41.0 36.0 
58.0 25.0 41.0 36.0 
58.0 25.0 41.0 36.0 
58.0 25.0 41.0 36.0 
58.0 25.0 41.0 36.0 
58.0 25.0 41.0 36.0 
58.0 25.0 41.0 36.0 
58.0 25.0 41.0 36.0 
58.0 25.0 41.0 36.0 
58.0 25.0 41.0 36.0 
58.0 25.0 41.0 36.0 
58.0 25.0 41.0 36.0 
58.0 25.0 41.0 36.0 
58.0 25.0 41.0 36.0 
58.0 25.0 41.0 36.0 
58.0 25.0 41.0 36.0 
58.0 25.0 41.0 36.0 
58.0 25.0 41.0 36.0 
58.0 25.0 41.0 36.0 
58.0 25.0 41.0 36.0 
58.0 25.0 41.0 36.0 
58.0 25.0 41.0 36.0 
58.0 25.0 41.0 36.0 
58.0 25.0 41.0 36.0 
58.0 25.0 41.0 36.0 
58.0 25.0 41.0 36.0 
58.0 25.0 41.0 36.0 
58.0 25.0 41.0 36.0 
58.0 25.0 41.0 36.0 
58.0 25.0 41.0 36.0 
58.0 25.0 41.0 36.0 
58.0 25.0 41.0 36.0 
58.0 25.0 41.0 36.0 
58.0 25.0 41.0 36.0 
58.0 25.0 41.0 36.0 
58.0 25.0 41.0 36.0 
58.0 25.0 41.0 36.0 
58.0 25.0 41.0 36.0 
58.0 25.0 41.0 36.0 
58.0 25.0 41.0 36.0 
58.0 25.0 41.0 36.0 
58.0 25.0 41.0 36.0 
58.0 25.0 41.0 36.0 
58.0 25.0 41.0 36.0 
87.0 21.0 54.0 48.0 
87.0 21.0 54.0 48.0 
87.0 21.0 54.0 48.0 
87.0 21.0 54.0 48.0 
87.0 21.0 54.0 48.0 
87.0 21.0 54.0 48.0 
87.0 21.0 54.0 48.0 
87.0 21.0 54.0 48.0 
87.0 21.0 54.0 48.0 
87.0 21.0 54.0 48.0 
87.0 21.0 54.0 48.0 
87.0 21.0 54.0 48.0 
87.0 21.0 54.0 48.0 
87.0 21.0 54.0 48.0 
87.0 21.0 54.0 48.0 
87.0 21.0 54.0 48.0 
87.0 21.0 54.0 48.0 
87.0 21.0 54.0 48.0 
87.0 21.0 54.0 48.0 
87.0 21.0 54.0 48.0 
87.0 21.0 54.0 48.0 
87.0 21.0 54.0 48.0 
87.0 21.0 54.0 48.0 
87.0 21.0 54.0 48.0 
87.0 21.0 54.0 48.0 
87.0 21.0 54.0 48.0 
87.0 21.0 54.0 48.0 
87.0 21.0 54.0 48.0 
87.0 21.0 54.0 48.0 
87.0 21.0 54.0 48.0 
87.0 21.0 54.0 48.0 
87.0 21.0 54.0 48.0 
87.0 21.0 54.0 48.0 
87.0 21.0 54.0 48.0 
87.0 21.0 54.0 48.0 
87.0 21.0 54.0 48.0 
87.0 21.0 54.0 48.0 
87.0 21.0 54.0 48.0 
87.0 21.0 54.0 48.0 
87.0 21.0 54.0 48.0 
87.0 21.0 54.0 48.0 
87.0 21.0 54.0 48.0 
84.0 80.0 88.0 51.0 
84.0 80.0 88.0 51.0 
84.0 80.0 88.0 51.0 
31.0 46.0 77.0 42.0 
31.0 46.0 77.0 42.0 
31.0 46.0 77.0 42.0 
30.0 46.0 67.0 27.0 
69.0 54.0 85.0 85.0 
88.0 88.0 11.0 92.0 
88.0 88.0 11.0 92.0 
