92.0 82.0 47.0 21.0 71.0 
92.0 82.0 47.0 21.0 71.0 
92.0 82.0 47.0 21.0 71.0 
92.0 82.0 47.0 21.0 71.0 
92.0 82.0 47.0 21.0 71.0 
92.0 82.0 47.0 21.0 71.0 
92.0 82.0 47.0 21.0 71.0 
92.0 82.0 47.0 21.0 71.0 
92.0 82.0 47.0 21.0 71.0 
92.0 82.0 47.0 21.0 71.0 
92.0 82.0 47.0 21.0 71.0 
92.0 82.0 47.0 21.0 71.0 
92.0 82.0 47.0 21.0 71.0 
92.0 82.0 47.0 21.0 71.0 
92.0 82.0 47.0 21.0 71.0 
92.0 82.0 47.0 21.0 71.0 
92.0 82.0 47.0 21.0 71.0 
92.0 82.0 47.0 21.0 71.0 
92.0 82.0 47.0 21.0 71.0 
92.0 82.0 47.0 21.0 71.0 
92.0 82.0 47.0 21.0 71.0 
92.0 82.0 47.0 21.0 71.0 
92.0 82.0 47.0 21.0 71.0 
92.0 82.0 47.0 21.0 71.0 
92.0 82.0 47.0 21.0 71.0 
92.0 82.0 47.0 21.0 71.0 
92.0 82.0 47.0 21.0 71.0 
92.0 82.0 47.0 21.0 71.0 
92.0 82.0 47.0 21.0 71.0 
92.0 82.0 47.0 21.0 71.0 
92.0 82.0 47.0 21.0 71.0 
92.0 82.0 47.0 21.0 71.0 
92.0 82.0 47.0 21.0 71.0 
92.0 82.0 47.0 21.0 71.0 
92.0 82.0 47.0 21.0 71.0 
92.0 82.0 47.0 21.0 71.0 
92.0 82.0 47.0 21.0 71.0 
92.0 82.0 47.0 21.0 71.0 
92.0 82.0 47.0 21.0 71.0 
92.0 82.0 47.0 21.0 71.0 
92.0 82.0 47.0 21.0 71.0 
92.0 82.0 47.0 21.0 71.0 
92.0 82.0 47.0 21.0 71.0 
92.0 82.0 47.0 21.0 71.0 
92.0 82.0 47.0 21.0 71.0 
92.0 82.0 47.0 21.0 71.0 
92.0 82.0 47.0 21.0 71.0 
92.0 82.0 47.0 21.0 71.0 
92.0 82.0 47.0 21.0 71.0 
92.0 82.0 47.0 21.0 71.0 
92.0 82.0 47.0 21.0 71.0 
92.0 82.0 47.0 21.0 71.0 
92.0 82.0 47.0 21.0 71.0 
100.0 62.0 44.0 64.0 17.0 
100.0 62.0 44.0 64.0 17.0 
100.0 62.0 44.0 64.0 17.0 
100.0 62.0 44.0 64.0 17.0 
100.0 62.0 44.0 64.0 17.0 
100.0 62.0 44.0 64.0 17.0 
100.0 62.0 44.0 64.0 17.0 
100.0 62.0 44.0 64.0 17.0 
100.0 62.0 44.0 64.0 17.0 
100.0 62.0 44.0 64.0 17.0 
100.0 62.0 44.0 64.0 17.0 
100.0 62.0 44.0 64.0 17.0 
100.0 62.0 44.0 64.0 17.0 
100.0 62.0 44.0 64.0 17.0 
100.0 62.0 44.0 64.0 17.0 
100.0 62.0 44.0 64.0 17.0 
100.0 62.0 44.0 64.0 17.0 
100.0 62.0 44.0 64.0 17.0 
100.0 62.0 44.0 64.0 17.0 
100.0 62.0 44.0 64.0 17.0 
100.0 62.0 44.0 64.0 17.0 
100.0 62.0 44.0 64.0 17.0 
100.0 62.0 44.0 64.0 17.0 
100.0 62.0 44.0 64.0 17.0 
100.0 62.0 44.0 64.0 17.0 
100.0 62.0 44.0 64.0 17.0 
100.0 62.0 44.0 64.0 17.0 
100.0 62.0 44.0 64.0 17.0 
100.0 62.0 44.0 64.0 17.0 
100.0 62.0 44.0 64.0 17.0 
100.0 62.0 44.0 64.0 17.0 
100.0 62.0 44.0 64.0 17.0 
100.0 62.0 44.0 64.0 17.0 
100.0 62.0 44.0 64.0 17.0 
100.0 62.0 44.0 64.0 17.0 
55.0 83.0 62.0 86.0 33.0 
45.0 30.0 82.0 40.0 28.0 
29.0 56.0 64.0 68.0 70.0 
29.0 56.0 64.0 68.0 70.0 
29.0 56.0 64.0 68.0 70.0 
19.0 86.0 16.0 54.0 46.0 
23.0 75.0 42.0 45.0 40.0 
83.0 53.0 36.0 58.0 62.0 
83.0 53.0 36.0 58.0 62.0 
28.0 30.0 86.0 47.0 76.0 
53.0 19.0 51.0 86.0 21.0 
53.0 19.0 51.0 86.0 21.0 
