89.0 80.0 16.0 
89.0 80.0 16.0 
89.0 80.0 16.0 
89.0 80.0 16.0 
89.0 80.0 16.0 
89.0 80.0 16.0 
89.0 80.0 16.0 
89.0 80.0 16.0 
89.0 80.0 16.0 
89.0 80.0 16.0 
89.0 80.0 16.0 
89.0 80.0 16.0 
89.0 80.0 16.0 
89.0 80.0 16.0 
89.0 80.0 16.0 
89.0 80.0 16.0 
89.0 80.0 16.0 
89.0 80.0 16.0 
89.0 80.0 16.0 
89.0 80.0 16.0 
89.0 80.0 16.0 
89.0 80.0 16.0 
89.0 80.0 16.0 
89.0 80.0 16.0 
89.0 80.0 16.0 
89.0 80.0 16.0 
89.0 80.0 16.0 
89.0 80.0 16.0 
89.0 80.0 16.0 
89.0 80.0 16.0 
89.0 80.0 16.0 
89.0 80.0 16.0 
89.0 80.0 16.0 
89.0 80.0 16.0 
89.0 80.0 16.0 
89.0 80.0 16.0 
89.0 80.0 16.0 
89.0 80.0 16.0 
89.0 80.0 16.0 
89.0 80.0 16.0 
89.0 80.0 16.0 
89.0 80.0 16.0 
89.0 80.0 16.0 
89.0 80.0 16.0 
89.0 80.0 16.0 
89.0 80.0 16.0 
89.0 80.0 16.0 
89.0 80.0 16.0 
89.0 80.0 16.0 
89.0 80.0 16.0 
89.0 80.0 16.0 
89.0 80.0 16.0 
89.0 80.0 16.0 
89.0 80.0 16.0 
89.0 80.0 16.0 
89.0 80.0 16.0 
89.0 80.0 16.0 
89.0 80.0 16.0 
60.0 49.0 34.0 
60.0 49.0 34.0 
60.0 49.0 34.0 
60.0 49.0 34.0 
60.0 49.0 34.0 
60.0 49.0 34.0 
60.0 49.0 34.0 
11.0 23.0 17.0 
11.0 23.0 17.0 
11.0 23.0 17.0 
11.0 23.0 17.0 
93.0 63.0 84.0 
93.0 63.0 84.0 
93.0 63.0 84.0 
93.0 63.0 84.0 
93.0 63.0 84.0 
93.0 63.0 84.0 
93.0 63.0 84.0 
93.0 63.0 84.0 
93.0 63.0 84.0 
93.0 63.0 84.0 
93.0 63.0 84.0 
93.0 63.0 84.0 
93.0 63.0 84.0 
93.0 63.0 84.0 
93.0 63.0 84.0 
93.0 63.0 84.0 
93.0 63.0 84.0 
93.0 63.0 84.0 
93.0 63.0 84.0 
93.0 63.0 84.0 
93.0 63.0 84.0 
93.0 63.0 84.0 
93.0 63.0 84.0 
93.0 63.0 84.0 
93.0 63.0 84.0 
93.0 63.0 84.0 
93.0 63.0 84.0 
93.0 63.0 84.0 
93.0 63.0 84.0 
93.0 63.0 84.0 
93.0 63.0 84.0 
