48.0 45.0 63.0 
48.0 45.0 63.0 
48.0 45.0 63.0 
48.0 45.0 63.0 
48.0 45.0 63.0 
48.0 45.0 63.0 
48.0 45.0 63.0 
48.0 45.0 63.0 
48.0 45.0 63.0 
48.0 45.0 63.0 
48.0 45.0 63.0 
48.0 45.0 63.0 
48.0 45.0 63.0 
48.0 45.0 63.0 
48.0 45.0 63.0 
48.0 45.0 63.0 
48.0 45.0 63.0 
48.0 45.0 63.0 
48.0 45.0 63.0 
48.0 45.0 63.0 
48.0 45.0 63.0 
48.0 45.0 63.0 
48.0 45.0 63.0 
48.0 45.0 63.0 
48.0 45.0 63.0 
48.0 45.0 63.0 
48.0 45.0 63.0 
48.0 45.0 63.0 
48.0 45.0 63.0 
48.0 45.0 63.0 
48.0 45.0 63.0 
30.0 48.0 89.0 
30.0 48.0 89.0 
61.0 91.0 11.0 
61.0 91.0 11.0 
61.0 91.0 11.0 
61.0 91.0 11.0 
61.0 91.0 11.0 
61.0 91.0 11.0 
61.0 91.0 11.0 
61.0 91.0 11.0 
61.0 91.0 11.0 
61.0 91.0 11.0 
61.0 91.0 11.0 
61.0 91.0 11.0 
61.0 91.0 11.0 
61.0 91.0 11.0 
61.0 91.0 11.0 
61.0 91.0 11.0 
61.0 91.0 11.0 
61.0 91.0 11.0 
61.0 91.0 11.0 
61.0 91.0 11.0 
61.0 91.0 11.0 
61.0 91.0 11.0 
61.0 91.0 11.0 
61.0 91.0 11.0 
61.0 91.0 11.0 
61.0 91.0 11.0 
61.0 91.0 11.0 
61.0 91.0 11.0 
61.0 91.0 11.0 
61.0 91.0 11.0 
61.0 91.0 11.0 
61.0 91.0 11.0 
61.0 91.0 11.0 
61.0 91.0 11.0 
61.0 91.0 11.0 
61.0 91.0 11.0 
61.0 91.0 11.0 
61.0 91.0 11.0 
61.0 91.0 11.0 
61.0 91.0 11.0 
61.0 91.0 11.0 
61.0 91.0 11.0 
61.0 91.0 11.0 
61.0 91.0 11.0 
61.0 91.0 11.0 
61.0 91.0 11.0 
61.0 91.0 11.0 
61.0 91.0 11.0 
61.0 91.0 11.0 
61.0 91.0 11.0 
61.0 91.0 11.0 
61.0 91.0 11.0 
61.0 91.0 11.0 
58.0 21.0 79.0 
58.0 21.0 79.0 
80.0 21.0 95.0 
80.0 21.0 95.0 
80.0 21.0 95.0 
80.0 21.0 95.0 
80.0 21.0 95.0 
21.0 41.0 100.0 
21.0 41.0 100.0 
21.0 41.0 100.0 
21.0 41.0 100.0 
21.0 41.0 100.0 
40.0 29.0 43.0 
40.0 29.0 43.0 
