65.0 64.0 91.0 14.0 
65.0 64.0 91.0 14.0 
65.0 64.0 91.0 14.0 
65.0 64.0 91.0 14.0 
65.0 64.0 91.0 14.0 
65.0 64.0 91.0 14.0 
65.0 64.0 91.0 14.0 
65.0 64.0 91.0 14.0 
65.0 64.0 91.0 14.0 
65.0 64.0 91.0 14.0 
65.0 64.0 91.0 14.0 
65.0 64.0 91.0 14.0 
65.0 64.0 91.0 14.0 
65.0 64.0 91.0 14.0 
65.0 64.0 91.0 14.0 
65.0 64.0 91.0 14.0 
65.0 64.0 91.0 14.0 
65.0 64.0 91.0 14.0 
65.0 64.0 91.0 14.0 
65.0 64.0 91.0 14.0 
65.0 64.0 91.0 14.0 
65.0 64.0 91.0 14.0 
65.0 64.0 91.0 14.0 
65.0 64.0 91.0 14.0 
65.0 64.0 91.0 14.0 
65.0 64.0 91.0 14.0 
65.0 64.0 91.0 14.0 
65.0 64.0 91.0 14.0 
65.0 64.0 91.0 14.0 
65.0 64.0 91.0 14.0 
65.0 64.0 91.0 14.0 
65.0 64.0 91.0 14.0 
65.0 64.0 91.0 14.0 
65.0 64.0 91.0 14.0 
65.0 64.0 91.0 14.0 
65.0 64.0 91.0 14.0 
65.0 64.0 91.0 14.0 
65.0 64.0 91.0 14.0 
65.0 64.0 91.0 14.0 
65.0 64.0 91.0 14.0 
65.0 64.0 91.0 14.0 
65.0 64.0 91.0 14.0 
65.0 64.0 91.0 14.0 
65.0 64.0 91.0 14.0 
65.0 64.0 91.0 14.0 
65.0 64.0 91.0 14.0 
65.0 64.0 91.0 14.0 
65.0 64.0 91.0 14.0 
65.0 64.0 91.0 14.0 
65.0 64.0 91.0 14.0 
65.0 64.0 91.0 14.0 
65.0 64.0 91.0 14.0 
65.0 64.0 91.0 14.0 
65.0 64.0 91.0 14.0 
65.0 64.0 91.0 14.0 
65.0 64.0 91.0 14.0 
65.0 64.0 91.0 14.0 
65.0 64.0 91.0 14.0 
65.0 64.0 91.0 14.0 
65.0 64.0 91.0 14.0 
65.0 64.0 91.0 14.0 
65.0 64.0 91.0 14.0 
65.0 64.0 91.0 14.0 
65.0 64.0 91.0 14.0 
65.0 64.0 91.0 14.0 
65.0 64.0 91.0 14.0 
28.0 69.0 76.0 12.0 
24.0 55.0 88.0 15.0 
24.0 55.0 88.0 15.0 
24.0 55.0 88.0 15.0 
24.0 55.0 88.0 15.0 
24.0 55.0 88.0 15.0 
24.0 55.0 88.0 15.0 
40.0 60.0 77.0 47.0 
40.0 60.0 77.0 47.0 
89.0 83.0 38.0 43.0 
89.0 83.0 38.0 43.0 
89.0 83.0 38.0 43.0 
89.0 83.0 38.0 43.0 
89.0 83.0 38.0 43.0 
89.0 83.0 38.0 43.0 
89.0 83.0 38.0 43.0 
89.0 83.0 38.0 43.0 
89.0 83.0 38.0 43.0 
89.0 83.0 38.0 43.0 
89.0 83.0 38.0 43.0 
89.0 83.0 38.0 43.0 
89.0 83.0 38.0 43.0 
89.0 83.0 38.0 43.0 
89.0 83.0 38.0 43.0 
89.0 83.0 38.0 43.0 
93.0 60.0 73.0 34.0 
57.0 50.0 20.0 53.0 
57.0 50.0 20.0 53.0 
57.0 50.0 20.0 53.0 
80.0 99.0 50.0 34.0 
80.0 99.0 50.0 34.0 
80.0 55.0 21.0 54.0 
98.0 86.0 87.0 34.0 
98.0 86.0 87.0 34.0 
