16.0 99.0 37.0 47.0 45.0 
16.0 99.0 37.0 47.0 45.0 
16.0 99.0 37.0 47.0 45.0 
16.0 99.0 37.0 47.0 45.0 
16.0 99.0 37.0 47.0 45.0 
16.0 99.0 37.0 47.0 45.0 
16.0 99.0 37.0 47.0 45.0 
16.0 99.0 37.0 47.0 45.0 
16.0 99.0 37.0 47.0 45.0 
16.0 99.0 37.0 47.0 45.0 
16.0 99.0 37.0 47.0 45.0 
16.0 99.0 37.0 47.0 45.0 
16.0 99.0 37.0 47.0 45.0 
16.0 99.0 37.0 47.0 45.0 
35.0 78.0 43.0 47.0 41.0 
35.0 78.0 43.0 47.0 41.0 
35.0 78.0 43.0 47.0 41.0 
35.0 78.0 43.0 47.0 41.0 
35.0 78.0 43.0 47.0 41.0 
35.0 78.0 43.0 47.0 41.0 
35.0 78.0 43.0 47.0 41.0 
35.0 78.0 43.0 47.0 41.0 
35.0 78.0 43.0 47.0 41.0 
35.0 78.0 43.0 47.0 41.0 
35.0 78.0 43.0 47.0 41.0 
13.0 54.0 65.0 57.0 18.0 
13.0 54.0 65.0 57.0 18.0 
13.0 54.0 65.0 57.0 18.0 
13.0 54.0 65.0 57.0 18.0 
13.0 54.0 65.0 57.0 18.0 
13.0 54.0 65.0 57.0 18.0 
13.0 54.0 65.0 57.0 18.0 
13.0 54.0 65.0 57.0 18.0 
13.0 54.0 65.0 57.0 18.0 
13.0 54.0 65.0 57.0 18.0 
13.0 54.0 65.0 57.0 18.0 
13.0 54.0 65.0 57.0 18.0 
13.0 54.0 65.0 57.0 18.0 
13.0 54.0 65.0 57.0 18.0 
13.0 54.0 65.0 57.0 18.0 
13.0 54.0 65.0 57.0 18.0 
13.0 54.0 65.0 57.0 18.0 
13.0 54.0 65.0 57.0 18.0 
13.0 54.0 65.0 57.0 18.0 
13.0 54.0 65.0 57.0 18.0 
13.0 54.0 65.0 57.0 18.0 
13.0 54.0 65.0 57.0 18.0 
13.0 54.0 65.0 57.0 18.0 
13.0 54.0 65.0 57.0 18.0 
13.0 54.0 65.0 57.0 18.0 
13.0 54.0 65.0 57.0 18.0 
13.0 54.0 65.0 57.0 18.0 
13.0 54.0 65.0 57.0 18.0 
13.0 54.0 65.0 57.0 18.0 
13.0 54.0 65.0 57.0 18.0 
13.0 54.0 65.0 57.0 18.0 
13.0 54.0 65.0 57.0 18.0 
13.0 54.0 65.0 57.0 18.0 
13.0 54.0 65.0 57.0 18.0 
13.0 54.0 65.0 57.0 18.0 
13.0 54.0 65.0 57.0 18.0 
13.0 54.0 65.0 57.0 18.0 
13.0 54.0 65.0 57.0 18.0 
13.0 54.0 65.0 57.0 18.0 
13.0 54.0 65.0 57.0 18.0 
13.0 54.0 65.0 57.0 18.0 
13.0 54.0 65.0 57.0 18.0 
13.0 54.0 65.0 57.0 18.0 
13.0 54.0 65.0 57.0 18.0 
13.0 54.0 65.0 57.0 18.0 
13.0 54.0 65.0 57.0 18.0 
13.0 54.0 65.0 57.0 18.0 
13.0 54.0 65.0 57.0 18.0 
13.0 54.0 65.0 57.0 18.0 
13.0 54.0 65.0 57.0 18.0 
13.0 54.0 65.0 57.0 18.0 
13.0 54.0 65.0 57.0 18.0 
13.0 54.0 65.0 57.0 18.0 
13.0 54.0 65.0 57.0 18.0 
13.0 54.0 65.0 57.0 18.0 
13.0 54.0 65.0 57.0 18.0 
13.0 54.0 65.0 57.0 18.0 
13.0 54.0 65.0 57.0 18.0 
13.0 54.0 65.0 57.0 18.0 
13.0 54.0 65.0 57.0 18.0 
22.0 12.0 67.0 56.0 65.0 
22.0 12.0 67.0 56.0 65.0 
22.0 12.0 67.0 56.0 65.0 
22.0 12.0 67.0 56.0 65.0 
22.0 12.0 67.0 56.0 65.0 
22.0 12.0 67.0 56.0 65.0 
22.0 12.0 67.0 56.0 65.0 
22.0 12.0 67.0 56.0 65.0 
22.0 12.0 67.0 56.0 65.0 
22.0 12.0 67.0 56.0 65.0 
22.0 12.0 67.0 56.0 65.0 
90.0 79.0 80.0 75.0 30.0 
73.0 88.0 13.0 22.0 22.0 
89.0 48.0 39.0 45.0 46.0 
89.0 48.0 39.0 45.0 46.0 
