45.0 83.0 94.0 85.0 
45.0 83.0 94.0 85.0 
45.0 83.0 94.0 85.0 
45.0 83.0 94.0 85.0 
45.0 83.0 94.0 85.0 
45.0 83.0 94.0 85.0 
45.0 83.0 94.0 85.0 
45.0 83.0 94.0 85.0 
45.0 83.0 94.0 85.0 
45.0 83.0 94.0 85.0 
50.0 71.0 71.0 57.0 
50.0 71.0 71.0 57.0 
50.0 71.0 71.0 57.0 
50.0 71.0 71.0 57.0 
50.0 71.0 71.0 57.0 
50.0 71.0 71.0 57.0 
50.0 71.0 71.0 57.0 
50.0 71.0 71.0 57.0 
50.0 71.0 71.0 57.0 
50.0 71.0 71.0 57.0 
50.0 71.0 71.0 57.0 
50.0 71.0 71.0 57.0 
50.0 71.0 71.0 57.0 
50.0 71.0 71.0 57.0 
50.0 71.0 71.0 57.0 
50.0 71.0 71.0 57.0 
50.0 71.0 71.0 57.0 
50.0 71.0 71.0 57.0 
50.0 71.0 71.0 57.0 
50.0 71.0 71.0 57.0 
50.0 71.0 71.0 57.0 
50.0 71.0 71.0 57.0 
50.0 71.0 71.0 57.0 
50.0 71.0 71.0 57.0 
50.0 71.0 71.0 57.0 
50.0 71.0 71.0 57.0 
50.0 71.0 71.0 57.0 
50.0 71.0 71.0 57.0 
50.0 71.0 71.0 57.0 
50.0 71.0 71.0 57.0 
50.0 71.0 71.0 57.0 
50.0 71.0 71.0 57.0 
50.0 71.0 71.0 57.0 
50.0 71.0 71.0 57.0 
50.0 71.0 71.0 57.0 
50.0 71.0 71.0 57.0 
50.0 71.0 71.0 57.0 
50.0 71.0 71.0 57.0 
50.0 71.0 71.0 57.0 
50.0 71.0 71.0 57.0 
50.0 71.0 71.0 57.0 
50.0 71.0 71.0 57.0 
50.0 71.0 71.0 57.0 
50.0 71.0 71.0 57.0 
50.0 71.0 71.0 57.0 
50.0 71.0 71.0 57.0 
50.0 71.0 71.0 57.0 
50.0 71.0 71.0 57.0 
50.0 71.0 71.0 57.0 
50.0 71.0 71.0 57.0 
50.0 71.0 71.0 57.0 
50.0 71.0 71.0 57.0 
50.0 71.0 71.0 57.0 
50.0 71.0 71.0 57.0 
50.0 71.0 71.0 57.0 
50.0 71.0 71.0 57.0 
50.0 71.0 71.0 57.0 
50.0 71.0 71.0 57.0 
50.0 71.0 71.0 57.0 
50.0 71.0 71.0 57.0 
50.0 71.0 71.0 57.0 
50.0 71.0 71.0 57.0 
50.0 71.0 71.0 57.0 
16.0 40.0 31.0 54.0 
16.0 40.0 31.0 54.0 
16.0 40.0 31.0 54.0 
98.0 99.0 70.0 65.0 
98.0 99.0 70.0 65.0 
98.0 99.0 70.0 65.0 
98.0 99.0 70.0 65.0 
98.0 99.0 70.0 65.0 
98.0 99.0 70.0 65.0 
98.0 99.0 70.0 65.0 
98.0 99.0 70.0 65.0 
98.0 99.0 70.0 65.0 
98.0 99.0 70.0 65.0 
98.0 99.0 70.0 65.0 
98.0 99.0 70.0 65.0 
98.0 99.0 70.0 65.0 
78.0 57.0 24.0 41.0 
78.0 57.0 24.0 41.0 
78.0 57.0 24.0 41.0 
78.0 57.0 24.0 41.0 
78.0 57.0 24.0 41.0 
78.0 57.0 24.0 41.0 
38.0 75.0 13.0 92.0 
20.0 47.0 25.0 30.0 
20.0 47.0 25.0 30.0 
83.0 74.0 37.0 93.0 
83.0 74.0 37.0 93.0 
