64.0 51.0 15.0 21.0 
64.0 51.0 15.0 21.0 
64.0 51.0 15.0 21.0 
64.0 51.0 15.0 21.0 
64.0 51.0 15.0 21.0 
64.0 51.0 15.0 21.0 
64.0 51.0 15.0 21.0 
64.0 51.0 15.0 21.0 
64.0 51.0 15.0 21.0 
64.0 51.0 15.0 21.0 
64.0 51.0 15.0 21.0 
64.0 51.0 15.0 21.0 
64.0 51.0 15.0 21.0 
64.0 51.0 15.0 21.0 
64.0 51.0 15.0 21.0 
64.0 51.0 15.0 21.0 
64.0 51.0 15.0 21.0 
64.0 51.0 15.0 21.0 
64.0 51.0 15.0 21.0 
64.0 51.0 15.0 21.0 
64.0 51.0 15.0 21.0 
64.0 51.0 15.0 21.0 
64.0 51.0 15.0 21.0 
64.0 51.0 15.0 21.0 
64.0 51.0 15.0 21.0 
64.0 51.0 15.0 21.0 
64.0 51.0 15.0 21.0 
64.0 51.0 15.0 21.0 
64.0 51.0 15.0 21.0 
64.0 51.0 15.0 21.0 
64.0 51.0 15.0 21.0 
64.0 51.0 15.0 21.0 
64.0 51.0 15.0 21.0 
64.0 51.0 15.0 21.0 
64.0 51.0 15.0 21.0 
64.0 51.0 15.0 21.0 
64.0 51.0 15.0 21.0 
64.0 51.0 15.0 21.0 
64.0 51.0 15.0 21.0 
64.0 51.0 15.0 21.0 
64.0 51.0 15.0 21.0 
64.0 51.0 15.0 21.0 
64.0 51.0 15.0 21.0 
64.0 51.0 15.0 21.0 
64.0 51.0 15.0 21.0 
64.0 51.0 15.0 21.0 
64.0 51.0 15.0 21.0 
64.0 51.0 15.0 21.0 
64.0 51.0 15.0 21.0 
64.0 51.0 15.0 21.0 
64.0 51.0 15.0 21.0 
64.0 51.0 15.0 21.0 
64.0 51.0 15.0 21.0 
64.0 51.0 15.0 21.0 
64.0 51.0 15.0 21.0 
64.0 51.0 15.0 21.0 
64.0 51.0 15.0 21.0 
64.0 51.0 15.0 21.0 
64.0 51.0 15.0 21.0 
64.0 51.0 15.0 21.0 
64.0 51.0 15.0 21.0 
64.0 51.0 15.0 21.0 
64.0 51.0 15.0 21.0 
64.0 51.0 15.0 21.0 
64.0 51.0 15.0 21.0 
64.0 51.0 15.0 21.0 
64.0 51.0 15.0 21.0 
64.0 51.0 15.0 21.0 
64.0 51.0 15.0 21.0 
64.0 51.0 15.0 21.0 
64.0 51.0 15.0 21.0 
64.0 51.0 15.0 21.0 
64.0 51.0 15.0 21.0 
64.0 51.0 15.0 21.0 
64.0 51.0 15.0 21.0 
64.0 51.0 15.0 21.0 
64.0 51.0 15.0 21.0 
64.0 51.0 15.0 21.0 
64.0 51.0 15.0 21.0 
64.0 51.0 15.0 21.0 
64.0 51.0 15.0 21.0 
64.0 51.0 15.0 21.0 
64.0 51.0 15.0 21.0 
64.0 51.0 15.0 21.0 
64.0 51.0 15.0 21.0 
64.0 51.0 15.0 21.0 
64.0 51.0 15.0 21.0 
64.0 51.0 15.0 21.0 
64.0 51.0 15.0 21.0 
64.0 51.0 15.0 21.0 
47.0 78.0 16.0 78.0 
47.0 78.0 16.0 78.0 
47.0 78.0 16.0 78.0 
47.0 78.0 16.0 78.0 
47.0 78.0 16.0 78.0 
14.0 96.0 80.0 75.0 
14.0 96.0 80.0 75.0 
29.0 63.0 58.0 13.0 
53.0 38.0 23.0 28.0 
53.0 38.0 23.0 28.0 
