44.0 61.0 77.0 20.0 16.0 
44.0 61.0 77.0 20.0 16.0 
44.0 61.0 77.0 20.0 16.0 
44.0 61.0 77.0 20.0 16.0 
44.0 61.0 77.0 20.0 16.0 
44.0 61.0 77.0 20.0 16.0 
44.0 61.0 77.0 20.0 16.0 
44.0 61.0 77.0 20.0 16.0 
44.0 61.0 77.0 20.0 16.0 
44.0 61.0 77.0 20.0 16.0 
44.0 61.0 77.0 20.0 16.0 
44.0 61.0 77.0 20.0 16.0 
44.0 61.0 77.0 20.0 16.0 
44.0 61.0 77.0 20.0 16.0 
44.0 61.0 77.0 20.0 16.0 
44.0 61.0 77.0 20.0 16.0 
44.0 61.0 77.0 20.0 16.0 
44.0 61.0 77.0 20.0 16.0 
44.0 61.0 77.0 20.0 16.0 
44.0 61.0 77.0 20.0 16.0 
44.0 61.0 77.0 20.0 16.0 
44.0 61.0 77.0 20.0 16.0 
44.0 61.0 77.0 20.0 16.0 
44.0 61.0 77.0 20.0 16.0 
44.0 61.0 77.0 20.0 16.0 
44.0 61.0 77.0 20.0 16.0 
44.0 61.0 77.0 20.0 16.0 
44.0 61.0 77.0 20.0 16.0 
44.0 61.0 77.0 20.0 16.0 
44.0 61.0 77.0 20.0 16.0 
44.0 61.0 77.0 20.0 16.0 
44.0 61.0 77.0 20.0 16.0 
44.0 61.0 77.0 20.0 16.0 
44.0 61.0 77.0 20.0 16.0 
44.0 61.0 77.0 20.0 16.0 
44.0 61.0 77.0 20.0 16.0 
44.0 61.0 77.0 20.0 16.0 
44.0 61.0 77.0 20.0 16.0 
44.0 61.0 77.0 20.0 16.0 
44.0 61.0 77.0 20.0 16.0 
44.0 61.0 77.0 20.0 16.0 
44.0 61.0 77.0 20.0 16.0 
44.0 61.0 77.0 20.0 16.0 
44.0 61.0 77.0 20.0 16.0 
44.0 61.0 77.0 20.0 16.0 
44.0 61.0 77.0 20.0 16.0 
44.0 61.0 77.0 20.0 16.0 
44.0 61.0 77.0 20.0 16.0 
44.0 61.0 77.0 20.0 16.0 
44.0 61.0 77.0 20.0 16.0 
44.0 61.0 77.0 20.0 16.0 
44.0 61.0 77.0 20.0 16.0 
44.0 61.0 77.0 20.0 16.0 
44.0 61.0 77.0 20.0 16.0 
44.0 61.0 77.0 20.0 16.0 
44.0 61.0 77.0 20.0 16.0 
44.0 61.0 77.0 20.0 16.0 
44.0 61.0 77.0 20.0 16.0 
44.0 61.0 77.0 20.0 16.0 
44.0 61.0 77.0 20.0 16.0 
44.0 61.0 77.0 20.0 16.0 
44.0 61.0 77.0 20.0 16.0 
44.0 61.0 77.0 20.0 16.0 
44.0 61.0 77.0 20.0 16.0 
44.0 61.0 77.0 20.0 16.0 
44.0 61.0 77.0 20.0 16.0 
44.0 61.0 77.0 20.0 16.0 
44.0 61.0 77.0 20.0 16.0 
44.0 61.0 77.0 20.0 16.0 
44.0 61.0 77.0 20.0 16.0 
44.0 61.0 77.0 20.0 16.0 
44.0 61.0 77.0 20.0 16.0 
44.0 61.0 77.0 20.0 16.0 
44.0 61.0 77.0 20.0 16.0 
44.0 61.0 77.0 20.0 16.0 
44.0 61.0 77.0 20.0 16.0 
44.0 61.0 77.0 20.0 16.0 
44.0 61.0 77.0 20.0 16.0 
44.0 61.0 77.0 20.0 16.0 
44.0 61.0 77.0 20.0 16.0 
44.0 61.0 77.0 20.0 16.0 
44.0 61.0 77.0 20.0 16.0 
71.0 68.0 23.0 45.0 38.0 
71.0 68.0 23.0 45.0 38.0 
71.0 68.0 23.0 45.0 38.0 
71.0 68.0 23.0 45.0 38.0 
71.0 68.0 23.0 45.0 38.0 
71.0 68.0 23.0 45.0 38.0 
71.0 68.0 23.0 45.0 38.0 
71.0 68.0 23.0 45.0 38.0 
53.0 18.0 18.0 29.0 70.0 
53.0 18.0 18.0 29.0 70.0 
53.0 18.0 18.0 29.0 70.0 
40.0 43.0 60.0 93.0 25.0 
40.0 43.0 60.0 93.0 25.0 
40.0 43.0 60.0 93.0 25.0 
40.0 43.0 60.0 93.0 25.0 
25.0 100.0 28.0 73.0 15.0 
25.0 100.0 28.0 73.0 15.0 
25.0 100.0 28.0 73.0 15.0 
