86.0 92.0 90.0 
86.0 92.0 90.0 
86.0 92.0 90.0 
86.0 92.0 90.0 
86.0 92.0 90.0 
86.0 92.0 90.0 
86.0 92.0 90.0 
86.0 92.0 90.0 
86.0 92.0 90.0 
86.0 92.0 90.0 
86.0 92.0 90.0 
86.0 92.0 90.0 
86.0 92.0 90.0 
86.0 92.0 90.0 
86.0 92.0 90.0 
86.0 92.0 90.0 
86.0 92.0 90.0 
86.0 92.0 90.0 
86.0 92.0 90.0 
86.0 92.0 90.0 
86.0 92.0 90.0 
86.0 92.0 90.0 
86.0 92.0 90.0 
86.0 92.0 90.0 
86.0 92.0 90.0 
86.0 92.0 90.0 
86.0 92.0 90.0 
86.0 92.0 90.0 
86.0 92.0 90.0 
86.0 92.0 90.0 
86.0 92.0 90.0 
86.0 92.0 90.0 
86.0 92.0 90.0 
86.0 92.0 90.0 
86.0 92.0 90.0 
86.0 92.0 90.0 
86.0 92.0 90.0 
86.0 92.0 90.0 
86.0 92.0 90.0 
86.0 92.0 90.0 
86.0 92.0 90.0 
86.0 92.0 90.0 
86.0 92.0 90.0 
86.0 92.0 90.0 
86.0 92.0 90.0 
86.0 92.0 90.0 
86.0 92.0 90.0 
86.0 92.0 90.0 
86.0 92.0 90.0 
86.0 92.0 90.0 
86.0 92.0 90.0 
86.0 92.0 90.0 
86.0 92.0 90.0 
86.0 92.0 90.0 
86.0 92.0 90.0 
86.0 92.0 90.0 
86.0 92.0 90.0 
86.0 92.0 90.0 
86.0 92.0 90.0 
86.0 92.0 90.0 
86.0 92.0 90.0 
86.0 92.0 90.0 
86.0 92.0 90.0 
86.0 92.0 90.0 
86.0 92.0 90.0 
86.0 92.0 90.0 
86.0 92.0 90.0 
86.0 92.0 90.0 
86.0 92.0 90.0 
86.0 92.0 90.0 
86.0 92.0 90.0 
86.0 92.0 90.0 
26.0 62.0 82.0 
75.0 68.0 55.0 
75.0 68.0 55.0 
75.0 68.0 55.0 
75.0 68.0 55.0 
75.0 68.0 55.0 
75.0 68.0 55.0 
75.0 68.0 55.0 
75.0 68.0 55.0 
75.0 68.0 55.0 
75.0 68.0 55.0 
75.0 68.0 55.0 
75.0 68.0 55.0 
75.0 68.0 55.0 
75.0 68.0 55.0 
75.0 68.0 55.0 
75.0 68.0 55.0 
75.0 68.0 55.0 
75.0 68.0 55.0 
75.0 68.0 55.0 
75.0 68.0 55.0 
75.0 68.0 55.0 
22.0 17.0 16.0 
66.0 13.0 44.0 
29.0 13.0 39.0 
16.0 62.0 26.0 
56.0 38.0 83.0 
56.0 38.0 83.0 
