17.0 52.0 37.0 
17.0 52.0 37.0 
17.0 52.0 37.0 
17.0 52.0 37.0 
17.0 52.0 37.0 
17.0 52.0 37.0 
17.0 52.0 37.0 
17.0 52.0 37.0 
17.0 52.0 37.0 
17.0 52.0 37.0 
17.0 52.0 37.0 
17.0 52.0 37.0 
17.0 52.0 37.0 
17.0 52.0 37.0 
17.0 52.0 37.0 
17.0 52.0 37.0 
17.0 52.0 37.0 
17.0 52.0 37.0 
17.0 52.0 37.0 
17.0 52.0 37.0 
17.0 52.0 37.0 
17.0 52.0 37.0 
17.0 52.0 37.0 
17.0 52.0 37.0 
17.0 52.0 37.0 
17.0 52.0 37.0 
17.0 52.0 37.0 
17.0 52.0 37.0 
17.0 52.0 37.0 
17.0 52.0 37.0 
17.0 52.0 37.0 
17.0 52.0 37.0 
17.0 52.0 37.0 
17.0 52.0 37.0 
17.0 52.0 37.0 
17.0 52.0 37.0 
17.0 52.0 37.0 
17.0 52.0 37.0 
17.0 52.0 37.0 
17.0 52.0 37.0 
17.0 52.0 37.0 
17.0 52.0 37.0 
17.0 52.0 37.0 
17.0 52.0 37.0 
17.0 52.0 37.0 
17.0 52.0 37.0 
17.0 52.0 37.0 
17.0 52.0 37.0 
17.0 52.0 37.0 
17.0 52.0 37.0 
17.0 52.0 37.0 
30.0 34.0 70.0 
30.0 34.0 70.0 
30.0 34.0 70.0 
30.0 34.0 70.0 
30.0 34.0 70.0 
30.0 34.0 70.0 
30.0 34.0 70.0 
30.0 34.0 70.0 
30.0 34.0 70.0 
30.0 34.0 70.0 
30.0 34.0 70.0 
30.0 34.0 70.0 
30.0 34.0 70.0 
30.0 34.0 70.0 
30.0 34.0 70.0 
30.0 34.0 70.0 
30.0 34.0 70.0 
30.0 34.0 70.0 
30.0 34.0 70.0 
30.0 34.0 70.0 
30.0 34.0 70.0 
30.0 34.0 70.0 
30.0 34.0 70.0 
30.0 34.0 70.0 
30.0 34.0 70.0 
30.0 34.0 70.0 
30.0 34.0 70.0 
30.0 34.0 70.0 
30.0 34.0 70.0 
30.0 34.0 70.0 
30.0 34.0 70.0 
30.0 34.0 70.0 
30.0 34.0 70.0 
30.0 34.0 70.0 
30.0 34.0 70.0 
30.0 34.0 70.0 
30.0 34.0 70.0 
30.0 34.0 70.0 
30.0 34.0 70.0 
30.0 34.0 70.0 
30.0 34.0 70.0 
30.0 34.0 70.0 
30.0 34.0 70.0 
85.0 42.0 30.0 
85.0 42.0 30.0 
46.0 24.0 11.0 
46.0 24.0 11.0 
46.0 24.0 11.0 
46.0 24.0 11.0 
