42.0 28.0 40.0 42.0 
42.0 28.0 40.0 42.0 
42.0 28.0 40.0 42.0 
42.0 28.0 40.0 42.0 
42.0 28.0 40.0 42.0 
42.0 28.0 40.0 42.0 
42.0 28.0 40.0 42.0 
42.0 28.0 40.0 42.0 
43.0 48.0 65.0 20.0 
43.0 48.0 65.0 20.0 
43.0 48.0 65.0 20.0 
43.0 48.0 65.0 20.0 
43.0 48.0 65.0 20.0 
43.0 48.0 65.0 20.0 
43.0 48.0 65.0 20.0 
43.0 48.0 65.0 20.0 
43.0 48.0 65.0 20.0 
43.0 48.0 65.0 20.0 
43.0 48.0 65.0 20.0 
43.0 48.0 65.0 20.0 
43.0 48.0 65.0 20.0 
43.0 48.0 65.0 20.0 
43.0 48.0 65.0 20.0 
43.0 48.0 65.0 20.0 
43.0 48.0 65.0 20.0 
43.0 48.0 65.0 20.0 
43.0 48.0 65.0 20.0 
43.0 48.0 65.0 20.0 
43.0 48.0 65.0 20.0 
43.0 48.0 65.0 20.0 
43.0 48.0 65.0 20.0 
43.0 48.0 65.0 20.0 
43.0 48.0 65.0 20.0 
43.0 48.0 65.0 20.0 
43.0 48.0 65.0 20.0 
43.0 48.0 65.0 20.0 
43.0 48.0 65.0 20.0 
43.0 48.0 65.0 20.0 
43.0 48.0 65.0 20.0 
43.0 48.0 65.0 20.0 
43.0 48.0 65.0 20.0 
43.0 48.0 65.0 20.0 
43.0 48.0 65.0 20.0 
35.0 91.0 26.0 52.0 
35.0 91.0 26.0 52.0 
35.0 91.0 26.0 52.0 
35.0 91.0 26.0 52.0 
35.0 91.0 26.0 52.0 
35.0 91.0 26.0 52.0 
35.0 91.0 26.0 52.0 
35.0 91.0 26.0 52.0 
35.0 91.0 26.0 52.0 
35.0 91.0 26.0 52.0 
35.0 91.0 26.0 52.0 
35.0 91.0 26.0 52.0 
35.0 91.0 26.0 52.0 
35.0 91.0 26.0 52.0 
35.0 91.0 26.0 52.0 
35.0 91.0 26.0 52.0 
35.0 91.0 26.0 52.0 
35.0 91.0 26.0 52.0 
35.0 91.0 26.0 52.0 
35.0 91.0 26.0 52.0 
35.0 91.0 26.0 52.0 
35.0 91.0 26.0 52.0 
35.0 91.0 26.0 52.0 
35.0 91.0 26.0 52.0 
35.0 91.0 26.0 52.0 
35.0 91.0 26.0 52.0 
35.0 91.0 26.0 52.0 
35.0 91.0 26.0 52.0 
35.0 91.0 26.0 52.0 
35.0 91.0 26.0 52.0 
35.0 91.0 26.0 52.0 
35.0 91.0 26.0 52.0 
35.0 91.0 26.0 52.0 
35.0 91.0 26.0 52.0 
35.0 91.0 26.0 52.0 
35.0 91.0 26.0 52.0 
35.0 91.0 26.0 52.0 
64.0 86.0 36.0 48.0 
64.0 86.0 36.0 48.0 
64.0 86.0 36.0 48.0 
64.0 86.0 36.0 48.0 
64.0 86.0 36.0 48.0 
64.0 86.0 36.0 48.0 
64.0 86.0 36.0 48.0 
64.0 86.0 36.0 48.0 
35.0 66.0 58.0 31.0 
88.0 41.0 77.0 75.0 
88.0 41.0 77.0 75.0 
88.0 41.0 77.0 75.0 
88.0 41.0 77.0 75.0 
88.0 41.0 77.0 75.0 
88.0 41.0 77.0 75.0 
35.0 73.0 45.0 16.0 
73.0 45.0 58.0 26.0 
88.0 88.0 97.0 41.0 
73.0 62.0 85.0 64.0 
73.0 62.0 85.0 64.0 
