86.0 78.0 48.0 27.0 
86.0 78.0 48.0 27.0 
86.0 78.0 48.0 27.0 
86.0 78.0 48.0 27.0 
86.0 78.0 48.0 27.0 
86.0 78.0 48.0 27.0 
86.0 78.0 48.0 27.0 
86.0 78.0 48.0 27.0 
86.0 78.0 48.0 27.0 
86.0 78.0 48.0 27.0 
86.0 78.0 48.0 27.0 
86.0 78.0 48.0 27.0 
34.0 82.0 46.0 69.0 
34.0 82.0 46.0 69.0 
34.0 82.0 46.0 69.0 
34.0 82.0 46.0 69.0 
34.0 82.0 46.0 69.0 
34.0 82.0 46.0 69.0 
34.0 82.0 46.0 69.0 
34.0 82.0 46.0 69.0 
34.0 82.0 46.0 69.0 
34.0 82.0 46.0 69.0 
34.0 82.0 46.0 69.0 
34.0 82.0 46.0 69.0 
34.0 82.0 46.0 69.0 
34.0 82.0 46.0 69.0 
34.0 82.0 46.0 69.0 
34.0 82.0 46.0 69.0 
34.0 82.0 46.0 69.0 
34.0 82.0 46.0 69.0 
34.0 82.0 46.0 69.0 
34.0 82.0 46.0 69.0 
34.0 82.0 46.0 69.0 
34.0 82.0 46.0 69.0 
34.0 82.0 46.0 69.0 
34.0 82.0 46.0 69.0 
34.0 82.0 46.0 69.0 
34.0 82.0 46.0 69.0 
34.0 82.0 46.0 69.0 
34.0 82.0 46.0 69.0 
86.0 15.0 55.0 23.0 
86.0 15.0 55.0 23.0 
86.0 15.0 55.0 23.0 
86.0 15.0 55.0 23.0 
86.0 15.0 55.0 23.0 
86.0 15.0 55.0 23.0 
86.0 15.0 55.0 23.0 
86.0 15.0 55.0 23.0 
86.0 15.0 55.0 23.0 
86.0 15.0 55.0 23.0 
86.0 15.0 55.0 23.0 
86.0 15.0 55.0 23.0 
86.0 15.0 55.0 23.0 
86.0 15.0 55.0 23.0 
86.0 15.0 55.0 23.0 
86.0 15.0 55.0 23.0 
86.0 15.0 55.0 23.0 
86.0 15.0 55.0 23.0 
86.0 15.0 55.0 23.0 
86.0 15.0 55.0 23.0 
86.0 15.0 55.0 23.0 
86.0 15.0 55.0 23.0 
86.0 15.0 55.0 23.0 
86.0 15.0 55.0 23.0 
86.0 15.0 55.0 23.0 
86.0 15.0 55.0 23.0 
86.0 15.0 55.0 23.0 
86.0 15.0 55.0 23.0 
86.0 15.0 55.0 23.0 
86.0 15.0 55.0 23.0 
86.0 15.0 55.0 23.0 
86.0 15.0 55.0 23.0 
86.0 15.0 55.0 23.0 
86.0 15.0 55.0 23.0 
86.0 15.0 55.0 23.0 
86.0 15.0 55.0 23.0 
86.0 15.0 55.0 23.0 
86.0 15.0 55.0 23.0 
86.0 15.0 55.0 23.0 
86.0 15.0 55.0 23.0 
86.0 15.0 55.0 23.0 
86.0 15.0 55.0 23.0 
86.0 15.0 55.0 23.0 
86.0 15.0 55.0 23.0 
86.0 15.0 55.0 23.0 
86.0 15.0 55.0 23.0 
86.0 15.0 55.0 23.0 
86.0 15.0 55.0 23.0 
86.0 15.0 55.0 23.0 
86.0 15.0 55.0 23.0 
86.0 15.0 55.0 23.0 
86.0 15.0 55.0 23.0 
86.0 15.0 55.0 23.0 
86.0 15.0 55.0 23.0 
81.0 97.0 95.0 27.0 
81.0 97.0 95.0 27.0 
99.0 93.0 59.0 59.0 
99.0 93.0 59.0 59.0 
99.0 93.0 59.0 59.0 
99.0 93.0 59.0 59.0 
