58.0 57.0 36.0 29.0 
58.0 57.0 36.0 29.0 
58.0 57.0 36.0 29.0 
58.0 57.0 36.0 29.0 
58.0 57.0 36.0 29.0 
58.0 57.0 36.0 29.0 
58.0 57.0 36.0 29.0 
58.0 57.0 36.0 29.0 
58.0 57.0 36.0 29.0 
58.0 57.0 36.0 29.0 
58.0 57.0 36.0 29.0 
58.0 57.0 36.0 29.0 
58.0 57.0 36.0 29.0 
58.0 57.0 36.0 29.0 
58.0 57.0 36.0 29.0 
58.0 57.0 36.0 29.0 
58.0 57.0 36.0 29.0 
58.0 57.0 36.0 29.0 
58.0 57.0 36.0 29.0 
58.0 57.0 36.0 29.0 
58.0 57.0 36.0 29.0 
58.0 57.0 36.0 29.0 
58.0 57.0 36.0 29.0 
58.0 57.0 36.0 29.0 
58.0 57.0 36.0 29.0 
58.0 57.0 36.0 29.0 
58.0 57.0 36.0 29.0 
58.0 57.0 36.0 29.0 
58.0 57.0 36.0 29.0 
58.0 57.0 36.0 29.0 
58.0 57.0 36.0 29.0 
58.0 57.0 36.0 29.0 
58.0 57.0 36.0 29.0 
58.0 57.0 36.0 29.0 
58.0 57.0 36.0 29.0 
58.0 57.0 36.0 29.0 
58.0 57.0 36.0 29.0 
58.0 57.0 36.0 29.0 
58.0 57.0 36.0 29.0 
58.0 57.0 36.0 29.0 
58.0 57.0 36.0 29.0 
58.0 57.0 36.0 29.0 
58.0 57.0 36.0 29.0 
58.0 57.0 36.0 29.0 
58.0 57.0 36.0 29.0 
58.0 57.0 36.0 29.0 
58.0 57.0 36.0 29.0 
58.0 57.0 36.0 29.0 
58.0 57.0 36.0 29.0 
58.0 57.0 36.0 29.0 
58.0 57.0 36.0 29.0 
58.0 57.0 36.0 29.0 
58.0 57.0 36.0 29.0 
58.0 57.0 36.0 29.0 
58.0 57.0 36.0 29.0 
58.0 57.0 36.0 29.0 
58.0 57.0 36.0 29.0 
58.0 57.0 36.0 29.0 
58.0 57.0 36.0 29.0 
58.0 57.0 36.0 29.0 
58.0 57.0 36.0 29.0 
58.0 57.0 36.0 29.0 
58.0 57.0 36.0 29.0 
58.0 57.0 36.0 29.0 
58.0 57.0 36.0 29.0 
58.0 57.0 36.0 29.0 
58.0 57.0 36.0 29.0 
58.0 57.0 36.0 29.0 
58.0 57.0 36.0 29.0 
58.0 57.0 36.0 29.0 
58.0 57.0 36.0 29.0 
58.0 57.0 36.0 29.0 
58.0 57.0 36.0 29.0 
58.0 57.0 36.0 29.0 
58.0 57.0 36.0 29.0 
58.0 57.0 36.0 29.0 
58.0 57.0 36.0 29.0 
58.0 57.0 36.0 29.0 
58.0 57.0 36.0 29.0 
58.0 57.0 36.0 29.0 
58.0 57.0 36.0 29.0 
58.0 57.0 36.0 29.0 
58.0 57.0 36.0 29.0 
58.0 57.0 36.0 29.0 
58.0 57.0 36.0 29.0 
58.0 57.0 36.0 29.0 
58.0 57.0 36.0 29.0 
58.0 57.0 36.0 29.0 
71.0 56.0 93.0 50.0 
71.0 56.0 93.0 50.0 
81.0 37.0 13.0 88.0 
81.0 37.0 13.0 88.0 
81.0 37.0 13.0 88.0 
81.0 37.0 13.0 88.0 
57.0 33.0 74.0 48.0 
74.0 68.0 68.0 99.0 
12.0 65.0 61.0 82.0 
47.0 11.0 84.0 81.0 
90.0 20.0 23.0 40.0 
90.0 20.0 23.0 40.0 
