60.0 85.0 21.0 81.0 72.0 
60.0 85.0 21.0 81.0 72.0 
60.0 85.0 21.0 81.0 72.0 
60.0 85.0 21.0 81.0 72.0 
60.0 85.0 21.0 81.0 72.0 
60.0 85.0 21.0 81.0 72.0 
60.0 85.0 21.0 81.0 72.0 
60.0 85.0 21.0 81.0 72.0 
60.0 85.0 21.0 81.0 72.0 
60.0 85.0 21.0 81.0 72.0 
60.0 85.0 21.0 81.0 72.0 
60.0 85.0 21.0 81.0 72.0 
60.0 85.0 21.0 81.0 72.0 
60.0 85.0 21.0 81.0 72.0 
60.0 85.0 21.0 81.0 72.0 
60.0 85.0 21.0 81.0 72.0 
60.0 85.0 21.0 81.0 72.0 
19.0 16.0 26.0 28.0 100.0 
19.0 16.0 26.0 28.0 100.0 
19.0 16.0 26.0 28.0 100.0 
19.0 16.0 26.0 28.0 100.0 
19.0 16.0 26.0 28.0 100.0 
19.0 16.0 26.0 28.0 100.0 
19.0 16.0 26.0 28.0 100.0 
19.0 16.0 26.0 28.0 100.0 
19.0 16.0 26.0 28.0 100.0 
19.0 16.0 26.0 28.0 100.0 
19.0 16.0 26.0 28.0 100.0 
19.0 16.0 26.0 28.0 100.0 
19.0 16.0 26.0 28.0 100.0 
19.0 16.0 26.0 28.0 100.0 
19.0 16.0 26.0 28.0 100.0 
19.0 16.0 26.0 28.0 100.0 
19.0 16.0 26.0 28.0 100.0 
19.0 16.0 26.0 28.0 100.0 
19.0 16.0 26.0 28.0 100.0 
19.0 16.0 26.0 28.0 100.0 
19.0 16.0 26.0 28.0 100.0 
19.0 16.0 26.0 28.0 100.0 
19.0 16.0 26.0 28.0 100.0 
19.0 16.0 26.0 28.0 100.0 
19.0 16.0 26.0 28.0 100.0 
19.0 16.0 26.0 28.0 100.0 
19.0 16.0 26.0 28.0 100.0 
19.0 16.0 26.0 28.0 100.0 
19.0 16.0 26.0 28.0 100.0 
19.0 16.0 26.0 28.0 100.0 
19.0 16.0 26.0 28.0 100.0 
19.0 16.0 26.0 28.0 100.0 
19.0 16.0 26.0 28.0 100.0 
19.0 16.0 26.0 28.0 100.0 
19.0 16.0 26.0 28.0 100.0 
19.0 16.0 26.0 28.0 100.0 
19.0 16.0 26.0 28.0 100.0 
19.0 16.0 26.0 28.0 100.0 
19.0 16.0 26.0 28.0 100.0 
19.0 16.0 26.0 28.0 100.0 
19.0 16.0 26.0 28.0 100.0 
19.0 16.0 26.0 28.0 100.0 
19.0 16.0 26.0 28.0 100.0 
19.0 16.0 26.0 28.0 100.0 
19.0 16.0 26.0 28.0 100.0 
19.0 16.0 26.0 28.0 100.0 
19.0 16.0 26.0 28.0 100.0 
19.0 16.0 26.0 28.0 100.0 
19.0 16.0 26.0 28.0 100.0 
19.0 16.0 26.0 28.0 100.0 
19.0 16.0 26.0 28.0 100.0 
19.0 16.0 26.0 28.0 100.0 
19.0 16.0 26.0 28.0 100.0 
19.0 16.0 26.0 28.0 100.0 
19.0 16.0 26.0 28.0 100.0 
19.0 16.0 26.0 28.0 100.0 
19.0 16.0 26.0 28.0 100.0 
19.0 16.0 26.0 28.0 100.0 
19.0 16.0 26.0 28.0 100.0 
19.0 16.0 26.0 28.0 100.0 
19.0 16.0 26.0 28.0 100.0 
19.0 16.0 26.0 28.0 100.0 
19.0 16.0 26.0 28.0 100.0 
19.0 16.0 26.0 28.0 100.0 
19.0 16.0 26.0 28.0 100.0 
19.0 16.0 26.0 28.0 100.0 
19.0 16.0 26.0 28.0 100.0 
19.0 16.0 26.0 28.0 100.0 
19.0 16.0 26.0 28.0 100.0 
19.0 16.0 26.0 28.0 100.0 
19.0 16.0 26.0 28.0 100.0 
19.0 16.0 26.0 28.0 100.0 
19.0 16.0 26.0 28.0 100.0 
19.0 16.0 26.0 28.0 100.0 
19.0 16.0 26.0 28.0 100.0 
85.0 50.0 44.0 63.0 11.0 
85.0 50.0 44.0 63.0 11.0 
85.0 50.0 44.0 63.0 11.0 
85.0 50.0 44.0 63.0 11.0 
93.0 53.0 20.0 43.0 48.0 
85.0 33.0 58.0 37.0 41.0 
31.0 26.0 53.0 21.0 63.0 
31.0 26.0 53.0 21.0 63.0 
