15.0 81.0 96.0 
15.0 81.0 96.0 
15.0 81.0 96.0 
15.0 81.0 96.0 
15.0 81.0 96.0 
15.0 81.0 96.0 
15.0 81.0 96.0 
15.0 81.0 96.0 
15.0 81.0 96.0 
15.0 81.0 96.0 
15.0 81.0 96.0 
15.0 81.0 96.0 
15.0 81.0 96.0 
15.0 81.0 96.0 
15.0 81.0 96.0 
15.0 81.0 96.0 
15.0 81.0 96.0 
15.0 81.0 96.0 
15.0 81.0 96.0 
15.0 81.0 96.0 
15.0 81.0 96.0 
15.0 81.0 96.0 
15.0 81.0 96.0 
15.0 81.0 96.0 
15.0 81.0 96.0 
15.0 81.0 96.0 
15.0 81.0 96.0 
15.0 81.0 96.0 
59.0 50.0 86.0 
59.0 50.0 86.0 
59.0 50.0 86.0 
59.0 50.0 86.0 
59.0 50.0 86.0 
59.0 50.0 86.0 
59.0 50.0 86.0 
59.0 50.0 86.0 
59.0 50.0 86.0 
59.0 50.0 86.0 
59.0 50.0 86.0 
59.0 50.0 86.0 
59.0 50.0 86.0 
59.0 50.0 86.0 
59.0 50.0 86.0 
59.0 50.0 86.0 
59.0 50.0 86.0 
59.0 50.0 86.0 
59.0 50.0 86.0 
59.0 50.0 86.0 
59.0 50.0 86.0 
59.0 50.0 86.0 
59.0 50.0 86.0 
59.0 50.0 86.0 
59.0 50.0 86.0 
59.0 50.0 86.0 
59.0 50.0 86.0 
59.0 50.0 86.0 
59.0 50.0 86.0 
59.0 50.0 86.0 
59.0 50.0 86.0 
59.0 50.0 86.0 
59.0 50.0 86.0 
59.0 50.0 86.0 
59.0 50.0 86.0 
59.0 50.0 86.0 
59.0 50.0 86.0 
59.0 50.0 86.0 
59.0 50.0 86.0 
59.0 50.0 86.0 
59.0 50.0 86.0 
59.0 50.0 86.0 
59.0 50.0 86.0 
59.0 50.0 86.0 
59.0 50.0 86.0 
59.0 50.0 86.0 
59.0 50.0 86.0 
59.0 50.0 86.0 
59.0 50.0 86.0 
59.0 50.0 86.0 
59.0 50.0 86.0 
59.0 50.0 86.0 
59.0 50.0 86.0 
59.0 50.0 86.0 
59.0 50.0 86.0 
59.0 50.0 86.0 
59.0 50.0 86.0 
59.0 50.0 86.0 
43.0 33.0 39.0 
43.0 33.0 39.0 
43.0 33.0 39.0 
43.0 33.0 39.0 
43.0 33.0 39.0 
43.0 33.0 39.0 
43.0 33.0 39.0 
43.0 33.0 39.0 
43.0 33.0 39.0 
43.0 33.0 39.0 
43.0 33.0 39.0 
76.0 93.0 30.0 
91.0 16.0 80.0 
91.0 16.0 80.0 
