95.0 20.0 91.0 52.0 45.0 
95.0 20.0 91.0 52.0 45.0 
95.0 20.0 91.0 52.0 45.0 
95.0 20.0 91.0 52.0 45.0 
95.0 20.0 91.0 52.0 45.0 
95.0 20.0 91.0 52.0 45.0 
95.0 20.0 91.0 52.0 45.0 
95.0 20.0 91.0 52.0 45.0 
95.0 20.0 91.0 52.0 45.0 
95.0 20.0 91.0 52.0 45.0 
95.0 20.0 91.0 52.0 45.0 
95.0 20.0 91.0 52.0 45.0 
95.0 20.0 91.0 52.0 45.0 
95.0 20.0 91.0 52.0 45.0 
95.0 20.0 91.0 52.0 45.0 
95.0 20.0 91.0 52.0 45.0 
95.0 20.0 91.0 52.0 45.0 
95.0 20.0 91.0 52.0 45.0 
95.0 20.0 91.0 52.0 45.0 
95.0 20.0 91.0 52.0 45.0 
95.0 20.0 91.0 52.0 45.0 
95.0 20.0 91.0 52.0 45.0 
95.0 20.0 91.0 52.0 45.0 
95.0 20.0 91.0 52.0 45.0 
95.0 20.0 91.0 52.0 45.0 
95.0 20.0 91.0 52.0 45.0 
95.0 20.0 91.0 52.0 45.0 
95.0 20.0 91.0 52.0 45.0 
95.0 20.0 91.0 52.0 45.0 
95.0 20.0 91.0 52.0 45.0 
95.0 20.0 91.0 52.0 45.0 
95.0 20.0 91.0 52.0 45.0 
95.0 20.0 91.0 52.0 45.0 
95.0 20.0 91.0 52.0 45.0 
95.0 20.0 91.0 52.0 45.0 
95.0 20.0 91.0 52.0 45.0 
95.0 20.0 91.0 52.0 45.0 
95.0 20.0 91.0 52.0 45.0 
95.0 20.0 91.0 52.0 45.0 
95.0 20.0 91.0 52.0 45.0 
95.0 20.0 91.0 52.0 45.0 
95.0 20.0 91.0 52.0 45.0 
95.0 20.0 91.0 52.0 45.0 
95.0 20.0 91.0 52.0 45.0 
95.0 20.0 91.0 52.0 45.0 
95.0 20.0 91.0 52.0 45.0 
95.0 20.0 91.0 52.0 45.0 
95.0 20.0 91.0 52.0 45.0 
95.0 20.0 91.0 52.0 45.0 
95.0 20.0 91.0 52.0 45.0 
76.0 42.0 76.0 87.0 73.0 
76.0 42.0 76.0 87.0 73.0 
76.0 42.0 76.0 87.0 73.0 
76.0 42.0 76.0 87.0 73.0 
76.0 42.0 76.0 87.0 73.0 
76.0 42.0 76.0 87.0 73.0 
76.0 42.0 76.0 87.0 73.0 
76.0 42.0 76.0 87.0 73.0 
76.0 42.0 76.0 87.0 73.0 
76.0 42.0 76.0 87.0 73.0 
76.0 42.0 76.0 87.0 73.0 
76.0 42.0 76.0 87.0 73.0 
76.0 42.0 76.0 87.0 73.0 
76.0 42.0 76.0 87.0 73.0 
76.0 42.0 76.0 87.0 73.0 
76.0 42.0 76.0 87.0 73.0 
76.0 42.0 76.0 87.0 73.0 
76.0 42.0 76.0 87.0 73.0 
76.0 42.0 76.0 87.0 73.0 
76.0 42.0 76.0 87.0 73.0 
76.0 42.0 76.0 87.0 73.0 
76.0 42.0 76.0 87.0 73.0 
76.0 42.0 76.0 87.0 73.0 
76.0 42.0 76.0 87.0 73.0 
76.0 42.0 76.0 87.0 73.0 
76.0 42.0 76.0 87.0 73.0 
49.0 77.0 100.0 83.0 46.0 
49.0 77.0 100.0 83.0 46.0 
49.0 77.0 100.0 83.0 46.0 
49.0 77.0 100.0 83.0 46.0 
49.0 77.0 100.0 83.0 46.0 
49.0 77.0 100.0 83.0 46.0 
49.0 77.0 100.0 83.0 46.0 
49.0 77.0 100.0 83.0 46.0 
49.0 77.0 100.0 83.0 46.0 
49.0 77.0 100.0 83.0 46.0 
49.0 77.0 100.0 83.0 46.0 
49.0 77.0 100.0 83.0 46.0 
49.0 77.0 100.0 83.0 46.0 
49.0 77.0 100.0 83.0 46.0 
49.0 77.0 100.0 83.0 46.0 
49.0 77.0 100.0 83.0 46.0 
49.0 77.0 100.0 83.0 46.0 
49.0 77.0 100.0 83.0 46.0 
19.0 26.0 16.0 90.0 66.0 
19.0 26.0 16.0 90.0 66.0 
19.0 26.0 16.0 90.0 66.0 
19.0 26.0 16.0 90.0 66.0 
19.0 26.0 16.0 90.0 66.0 
19.0 26.0 16.0 90.0 66.0 
