42.0 21.0 94.0 
42.0 21.0 94.0 
42.0 21.0 94.0 
42.0 21.0 94.0 
42.0 21.0 94.0 
42.0 21.0 94.0 
42.0 21.0 94.0 
42.0 21.0 94.0 
42.0 21.0 94.0 
42.0 21.0 94.0 
42.0 21.0 94.0 
42.0 21.0 94.0 
42.0 21.0 94.0 
42.0 21.0 94.0 
42.0 21.0 94.0 
42.0 21.0 94.0 
42.0 21.0 94.0 
42.0 21.0 94.0 
42.0 21.0 94.0 
42.0 21.0 94.0 
42.0 21.0 94.0 
42.0 21.0 94.0 
42.0 21.0 94.0 
42.0 21.0 94.0 
42.0 21.0 94.0 
42.0 21.0 94.0 
42.0 21.0 94.0 
42.0 21.0 94.0 
42.0 21.0 94.0 
42.0 21.0 94.0 
42.0 21.0 94.0 
42.0 21.0 94.0 
42.0 21.0 94.0 
42.0 21.0 94.0 
42.0 21.0 94.0 
42.0 21.0 94.0 
42.0 21.0 94.0 
42.0 21.0 94.0 
42.0 21.0 94.0 
42.0 21.0 94.0 
42.0 21.0 94.0 
42.0 21.0 94.0 
42.0 21.0 94.0 
42.0 21.0 94.0 
42.0 21.0 94.0 
42.0 21.0 94.0 
42.0 21.0 94.0 
42.0 21.0 94.0 
42.0 21.0 94.0 
42.0 21.0 94.0 
42.0 21.0 94.0 
42.0 21.0 94.0 
42.0 21.0 94.0 
42.0 21.0 94.0 
42.0 21.0 94.0 
42.0 21.0 94.0 
42.0 21.0 94.0 
42.0 21.0 94.0 
42.0 21.0 94.0 
42.0 21.0 94.0 
42.0 21.0 94.0 
42.0 21.0 94.0 
42.0 21.0 94.0 
42.0 21.0 94.0 
42.0 21.0 94.0 
42.0 21.0 94.0 
42.0 21.0 94.0 
42.0 21.0 94.0 
42.0 21.0 94.0 
93.0 45.0 28.0 
93.0 45.0 28.0 
93.0 45.0 28.0 
93.0 45.0 28.0 
93.0 45.0 28.0 
93.0 45.0 28.0 
93.0 45.0 28.0 
93.0 45.0 28.0 
93.0 45.0 28.0 
93.0 45.0 28.0 
93.0 45.0 28.0 
93.0 45.0 28.0 
93.0 45.0 28.0 
93.0 45.0 28.0 
84.0 28.0 90.0 
84.0 28.0 90.0 
84.0 28.0 90.0 
29.0 56.0 53.0 
29.0 56.0 53.0 
29.0 56.0 53.0 
29.0 56.0 53.0 
29.0 56.0 53.0 
29.0 56.0 53.0 
29.0 56.0 53.0 
35.0 22.0 47.0 
35.0 22.0 47.0 
35.0 22.0 47.0 
35.0 22.0 47.0 
35.0 22.0 47.0 
35.0 22.0 47.0 
35.0 22.0 47.0 
