57.0 40.0 79.0 53.0 
57.0 40.0 79.0 53.0 
57.0 40.0 79.0 53.0 
57.0 40.0 79.0 53.0 
57.0 40.0 79.0 53.0 
57.0 40.0 79.0 53.0 
57.0 40.0 79.0 53.0 
57.0 40.0 79.0 53.0 
57.0 40.0 79.0 53.0 
57.0 40.0 79.0 53.0 
57.0 40.0 79.0 53.0 
57.0 40.0 79.0 53.0 
57.0 40.0 79.0 53.0 
57.0 40.0 79.0 53.0 
57.0 40.0 79.0 53.0 
57.0 40.0 79.0 53.0 
57.0 40.0 79.0 53.0 
57.0 40.0 79.0 53.0 
57.0 40.0 79.0 53.0 
57.0 40.0 79.0 53.0 
57.0 40.0 79.0 53.0 
57.0 40.0 79.0 53.0 
57.0 40.0 79.0 53.0 
57.0 40.0 79.0 53.0 
57.0 40.0 79.0 53.0 
57.0 40.0 79.0 53.0 
57.0 40.0 79.0 53.0 
57.0 40.0 79.0 53.0 
57.0 40.0 79.0 53.0 
57.0 40.0 79.0 53.0 
57.0 40.0 79.0 53.0 
57.0 40.0 79.0 53.0 
57.0 40.0 79.0 53.0 
57.0 40.0 79.0 53.0 
57.0 40.0 79.0 53.0 
57.0 40.0 79.0 53.0 
57.0 40.0 79.0 53.0 
57.0 40.0 79.0 53.0 
57.0 40.0 79.0 53.0 
57.0 40.0 79.0 53.0 
57.0 40.0 79.0 53.0 
57.0 40.0 79.0 53.0 
57.0 40.0 79.0 53.0 
57.0 40.0 79.0 53.0 
57.0 40.0 79.0 53.0 
57.0 40.0 79.0 53.0 
57.0 40.0 79.0 53.0 
57.0 40.0 79.0 53.0 
57.0 40.0 79.0 53.0 
57.0 40.0 79.0 53.0 
57.0 40.0 79.0 53.0 
57.0 40.0 79.0 53.0 
57.0 40.0 79.0 53.0 
57.0 40.0 79.0 53.0 
57.0 40.0 79.0 53.0 
57.0 40.0 79.0 53.0 
57.0 40.0 79.0 53.0 
57.0 40.0 79.0 53.0 
57.0 40.0 79.0 53.0 
57.0 40.0 79.0 53.0 
57.0 40.0 79.0 53.0 
57.0 40.0 79.0 53.0 
57.0 40.0 79.0 53.0 
57.0 40.0 79.0 53.0 
57.0 40.0 79.0 53.0 
57.0 40.0 79.0 53.0 
57.0 40.0 79.0 53.0 
57.0 40.0 79.0 53.0 
57.0 40.0 79.0 53.0 
57.0 40.0 79.0 53.0 
57.0 40.0 79.0 53.0 
57.0 40.0 79.0 53.0 
57.0 40.0 79.0 53.0 
57.0 40.0 79.0 53.0 
57.0 40.0 79.0 53.0 
57.0 40.0 79.0 53.0 
57.0 40.0 79.0 53.0 
57.0 40.0 79.0 53.0 
57.0 40.0 79.0 53.0 
57.0 40.0 79.0 53.0 
57.0 40.0 79.0 53.0 
57.0 40.0 79.0 53.0 
57.0 40.0 79.0 53.0 
57.0 40.0 79.0 53.0 
57.0 40.0 79.0 53.0 
57.0 40.0 79.0 53.0 
69.0 98.0 98.0 20.0 
69.0 98.0 98.0 20.0 
95.0 19.0 30.0 60.0 
95.0 19.0 30.0 60.0 
95.0 19.0 30.0 60.0 
97.0 90.0 94.0 12.0 
97.0 90.0 94.0 12.0 
53.0 12.0 33.0 76.0 
46.0 18.0 51.0 45.0 
83.0 56.0 16.0 54.0 
54.0 60.0 36.0 78.0 
32.0 71.0 64.0 28.0 
99.0 96.0 51.0 51.0 
99.0 96.0 51.0 51.0 
