88.0 81.0 39.0 20.0 
88.0 81.0 39.0 20.0 
88.0 81.0 39.0 20.0 
88.0 81.0 39.0 20.0 
88.0 81.0 39.0 20.0 
88.0 81.0 39.0 20.0 
88.0 81.0 39.0 20.0 
88.0 81.0 39.0 20.0 
88.0 81.0 39.0 20.0 
88.0 81.0 39.0 20.0 
88.0 81.0 39.0 20.0 
88.0 81.0 39.0 20.0 
88.0 81.0 39.0 20.0 
88.0 81.0 39.0 20.0 
72.0 86.0 78.0 55.0 
72.0 86.0 78.0 55.0 
72.0 86.0 78.0 55.0 
72.0 86.0 78.0 55.0 
72.0 86.0 78.0 55.0 
72.0 86.0 78.0 55.0 
72.0 86.0 78.0 55.0 
72.0 86.0 78.0 55.0 
72.0 86.0 78.0 55.0 
72.0 86.0 78.0 55.0 
72.0 86.0 78.0 55.0 
72.0 86.0 78.0 55.0 
72.0 86.0 78.0 55.0 
72.0 86.0 78.0 55.0 
72.0 86.0 78.0 55.0 
72.0 86.0 78.0 55.0 
72.0 86.0 78.0 55.0 
72.0 86.0 78.0 55.0 
72.0 86.0 78.0 55.0 
72.0 86.0 78.0 55.0 
72.0 86.0 78.0 55.0 
72.0 86.0 78.0 55.0 
72.0 86.0 78.0 55.0 
72.0 86.0 78.0 55.0 
72.0 86.0 78.0 55.0 
72.0 86.0 78.0 55.0 
72.0 86.0 78.0 55.0 
72.0 86.0 78.0 55.0 
72.0 86.0 78.0 55.0 
72.0 86.0 78.0 55.0 
72.0 86.0 78.0 55.0 
72.0 86.0 78.0 55.0 
72.0 86.0 78.0 55.0 
72.0 86.0 78.0 55.0 
72.0 86.0 78.0 55.0 
72.0 86.0 78.0 55.0 
72.0 86.0 78.0 55.0 
72.0 86.0 78.0 55.0 
72.0 86.0 78.0 55.0 
72.0 86.0 78.0 55.0 
72.0 86.0 78.0 55.0 
72.0 86.0 78.0 55.0 
72.0 86.0 78.0 55.0 
72.0 86.0 78.0 55.0 
72.0 86.0 78.0 55.0 
72.0 86.0 78.0 55.0 
72.0 86.0 78.0 55.0 
72.0 86.0 78.0 55.0 
72.0 86.0 78.0 55.0 
72.0 86.0 78.0 55.0 
72.0 86.0 78.0 55.0 
72.0 86.0 78.0 55.0 
72.0 86.0 78.0 55.0 
72.0 86.0 78.0 55.0 
72.0 86.0 78.0 55.0 
98.0 45.0 45.0 64.0 
98.0 45.0 45.0 64.0 
98.0 45.0 45.0 64.0 
98.0 45.0 45.0 64.0 
98.0 45.0 45.0 64.0 
98.0 45.0 45.0 64.0 
98.0 45.0 45.0 64.0 
98.0 45.0 45.0 64.0 
94.0 69.0 53.0 12.0 
94.0 69.0 53.0 12.0 
94.0 69.0 53.0 12.0 
94.0 69.0 53.0 12.0 
94.0 69.0 53.0 12.0 
94.0 69.0 53.0 12.0 
94.0 69.0 53.0 12.0 
94.0 69.0 53.0 12.0 
94.0 69.0 53.0 12.0 
94.0 69.0 53.0 12.0 
94.0 69.0 53.0 12.0 
94.0 69.0 53.0 12.0 
94.0 69.0 53.0 12.0 
94.0 69.0 53.0 12.0 
94.0 69.0 53.0 12.0 
94.0 69.0 53.0 12.0 
94.0 69.0 53.0 12.0 
94.0 69.0 53.0 12.0 
94.0 69.0 53.0 12.0 
94.0 69.0 53.0 12.0 
94.0 69.0 53.0 12.0 
94.0 69.0 53.0 12.0 
94.0 69.0 53.0 12.0 
