61.0 22.0 44.0 48.0 
61.0 22.0 44.0 48.0 
61.0 22.0 44.0 48.0 
61.0 22.0 44.0 48.0 
61.0 22.0 44.0 48.0 
61.0 22.0 44.0 48.0 
61.0 22.0 44.0 48.0 
61.0 22.0 44.0 48.0 
61.0 22.0 44.0 48.0 
61.0 22.0 44.0 48.0 
61.0 22.0 44.0 48.0 
61.0 22.0 44.0 48.0 
61.0 22.0 44.0 48.0 
61.0 22.0 44.0 48.0 
61.0 22.0 44.0 48.0 
61.0 22.0 44.0 48.0 
61.0 22.0 44.0 48.0 
61.0 22.0 44.0 48.0 
61.0 22.0 44.0 48.0 
61.0 22.0 44.0 48.0 
61.0 22.0 44.0 48.0 
61.0 22.0 44.0 48.0 
61.0 22.0 44.0 48.0 
61.0 22.0 44.0 48.0 
61.0 22.0 44.0 48.0 
61.0 22.0 44.0 48.0 
61.0 22.0 44.0 48.0 
61.0 22.0 44.0 48.0 
61.0 22.0 44.0 48.0 
61.0 22.0 44.0 48.0 
61.0 22.0 44.0 48.0 
61.0 22.0 44.0 48.0 
61.0 22.0 44.0 48.0 
61.0 22.0 44.0 48.0 
61.0 22.0 44.0 48.0 
61.0 22.0 44.0 48.0 
61.0 22.0 44.0 48.0 
61.0 22.0 44.0 48.0 
61.0 22.0 44.0 48.0 
61.0 22.0 44.0 48.0 
61.0 22.0 44.0 48.0 
61.0 22.0 44.0 48.0 
61.0 22.0 44.0 48.0 
61.0 22.0 44.0 48.0 
61.0 22.0 44.0 48.0 
61.0 22.0 44.0 48.0 
61.0 22.0 44.0 48.0 
61.0 22.0 44.0 48.0 
61.0 22.0 44.0 48.0 
61.0 22.0 44.0 48.0 
61.0 22.0 44.0 48.0 
61.0 22.0 44.0 48.0 
61.0 22.0 44.0 48.0 
61.0 22.0 44.0 48.0 
61.0 22.0 44.0 48.0 
61.0 22.0 44.0 48.0 
61.0 22.0 44.0 48.0 
61.0 22.0 44.0 48.0 
61.0 22.0 44.0 48.0 
61.0 22.0 44.0 48.0 
61.0 22.0 44.0 48.0 
61.0 22.0 44.0 48.0 
61.0 22.0 44.0 48.0 
61.0 22.0 44.0 48.0 
61.0 22.0 44.0 48.0 
61.0 22.0 44.0 48.0 
61.0 22.0 44.0 48.0 
61.0 22.0 44.0 48.0 
61.0 22.0 44.0 48.0 
61.0 22.0 44.0 48.0 
61.0 22.0 44.0 48.0 
61.0 22.0 44.0 48.0 
61.0 22.0 44.0 48.0 
61.0 22.0 44.0 48.0 
61.0 22.0 44.0 48.0 
61.0 22.0 44.0 48.0 
61.0 22.0 44.0 48.0 
61.0 22.0 44.0 48.0 
61.0 22.0 44.0 48.0 
61.0 22.0 44.0 48.0 
61.0 22.0 44.0 48.0 
61.0 22.0 44.0 48.0 
61.0 22.0 44.0 48.0 
61.0 22.0 44.0 48.0 
61.0 22.0 44.0 48.0 
61.0 22.0 44.0 48.0 
61.0 22.0 44.0 48.0 
61.0 22.0 44.0 48.0 
61.0 22.0 44.0 48.0 
61.0 22.0 44.0 48.0 
31.0 63.0 79.0 71.0 
31.0 63.0 79.0 71.0 
31.0 63.0 79.0 71.0 
31.0 63.0 79.0 71.0 
31.0 63.0 79.0 71.0 
91.0 62.0 70.0 100.0 
98.0 57.0 28.0 12.0 
98.0 57.0 28.0 12.0 
98.0 57.0 28.0 12.0 
98.0 57.0 28.0 12.0 
