11.0 70.0 12.0 41.0 41.0 
11.0 70.0 12.0 41.0 41.0 
11.0 70.0 12.0 41.0 41.0 
11.0 70.0 12.0 41.0 41.0 
11.0 70.0 12.0 41.0 41.0 
11.0 70.0 12.0 41.0 41.0 
11.0 70.0 12.0 41.0 41.0 
11.0 70.0 12.0 41.0 41.0 
11.0 70.0 12.0 41.0 41.0 
11.0 70.0 12.0 41.0 41.0 
11.0 70.0 12.0 41.0 41.0 
11.0 70.0 12.0 41.0 41.0 
11.0 70.0 12.0 41.0 41.0 
11.0 70.0 12.0 41.0 41.0 
11.0 70.0 12.0 41.0 41.0 
11.0 70.0 12.0 41.0 41.0 
11.0 70.0 12.0 41.0 41.0 
11.0 70.0 12.0 41.0 41.0 
11.0 70.0 12.0 41.0 41.0 
11.0 70.0 12.0 41.0 41.0 
11.0 70.0 12.0 41.0 41.0 
11.0 70.0 12.0 41.0 41.0 
11.0 70.0 12.0 41.0 41.0 
11.0 70.0 12.0 41.0 41.0 
11.0 70.0 12.0 41.0 41.0 
11.0 70.0 12.0 41.0 41.0 
11.0 70.0 12.0 41.0 41.0 
11.0 70.0 12.0 41.0 41.0 
11.0 70.0 12.0 41.0 41.0 
11.0 70.0 12.0 41.0 41.0 
11.0 70.0 12.0 41.0 41.0 
11.0 70.0 12.0 41.0 41.0 
11.0 70.0 12.0 41.0 41.0 
11.0 70.0 12.0 41.0 41.0 
11.0 70.0 12.0 41.0 41.0 
11.0 70.0 12.0 41.0 41.0 
11.0 70.0 12.0 41.0 41.0 
11.0 70.0 12.0 41.0 41.0 
11.0 70.0 12.0 41.0 41.0 
11.0 70.0 12.0 41.0 41.0 
11.0 70.0 12.0 41.0 41.0 
11.0 70.0 12.0 41.0 41.0 
11.0 70.0 12.0 41.0 41.0 
11.0 70.0 12.0 41.0 41.0 
11.0 70.0 12.0 41.0 41.0 
11.0 70.0 12.0 41.0 41.0 
11.0 70.0 12.0 41.0 41.0 
11.0 70.0 12.0 41.0 41.0 
11.0 70.0 12.0 41.0 41.0 
11.0 70.0 12.0 41.0 41.0 
11.0 70.0 12.0 41.0 41.0 
11.0 70.0 12.0 41.0 41.0 
11.0 70.0 12.0 41.0 41.0 
11.0 70.0 12.0 41.0 41.0 
11.0 70.0 12.0 41.0 41.0 
11.0 70.0 12.0 41.0 41.0 
11.0 70.0 12.0 41.0 41.0 
11.0 70.0 12.0 41.0 41.0 
11.0 70.0 12.0 41.0 41.0 
11.0 70.0 12.0 41.0 41.0 
11.0 70.0 12.0 41.0 41.0 
11.0 70.0 12.0 41.0 41.0 
11.0 70.0 12.0 41.0 41.0 
11.0 70.0 12.0 41.0 41.0 
11.0 70.0 12.0 41.0 41.0 
11.0 70.0 12.0 41.0 41.0 
11.0 70.0 12.0 41.0 41.0 
11.0 70.0 12.0 41.0 41.0 
11.0 70.0 12.0 41.0 41.0 
11.0 70.0 12.0 41.0 41.0 
11.0 70.0 12.0 41.0 41.0 
11.0 70.0 12.0 41.0 41.0 
11.0 70.0 12.0 41.0 41.0 
11.0 70.0 12.0 41.0 41.0 
11.0 70.0 12.0 41.0 41.0 
11.0 70.0 12.0 41.0 41.0 
11.0 70.0 12.0 41.0 41.0 
11.0 70.0 12.0 41.0 41.0 
11.0 70.0 12.0 41.0 41.0 
11.0 70.0 12.0 41.0 41.0 
11.0 70.0 12.0 41.0 41.0 
11.0 70.0 12.0 41.0 41.0 
11.0 70.0 12.0 41.0 41.0 
11.0 70.0 12.0 41.0 41.0 
11.0 70.0 12.0 41.0 41.0 
11.0 70.0 12.0 41.0 41.0 
11.0 70.0 12.0 41.0 41.0 
11.0 70.0 12.0 41.0 41.0 
11.0 70.0 12.0 41.0 41.0 
11.0 70.0 12.0 41.0 41.0 
20.0 68.0 85.0 82.0 91.0 
17.0 56.0 11.0 46.0 26.0 
17.0 56.0 11.0 46.0 26.0 
61.0 94.0 47.0 94.0 62.0 
61.0 94.0 47.0 94.0 62.0 
61.0 94.0 47.0 94.0 62.0 
94.0 15.0 80.0 35.0 77.0 
94.0 15.0 80.0 35.0 77.0 
94.0 15.0 80.0 35.0 77.0 
94.0 15.0 80.0 35.0 77.0 
