81.0 54.0 46.0 
81.0 54.0 46.0 
81.0 54.0 46.0 
81.0 54.0 46.0 
81.0 54.0 46.0 
81.0 54.0 46.0 
81.0 54.0 46.0 
81.0 54.0 46.0 
81.0 54.0 46.0 
81.0 54.0 46.0 
81.0 54.0 46.0 
81.0 54.0 46.0 
81.0 54.0 46.0 
81.0 54.0 46.0 
81.0 54.0 46.0 
81.0 54.0 46.0 
81.0 54.0 46.0 
81.0 54.0 46.0 
81.0 54.0 46.0 
81.0 54.0 46.0 
81.0 54.0 46.0 
81.0 54.0 46.0 
81.0 54.0 46.0 
81.0 54.0 46.0 
81.0 54.0 46.0 
81.0 54.0 46.0 
81.0 54.0 46.0 
81.0 54.0 46.0 
81.0 54.0 46.0 
81.0 54.0 46.0 
81.0 54.0 46.0 
81.0 54.0 46.0 
81.0 54.0 46.0 
81.0 54.0 46.0 
81.0 54.0 46.0 
81.0 54.0 46.0 
81.0 54.0 46.0 
81.0 54.0 46.0 
81.0 54.0 46.0 
81.0 54.0 46.0 
81.0 54.0 46.0 
81.0 54.0 46.0 
81.0 54.0 46.0 
81.0 54.0 46.0 
81.0 54.0 46.0 
81.0 54.0 46.0 
81.0 54.0 46.0 
81.0 54.0 46.0 
81.0 54.0 46.0 
81.0 54.0 46.0 
81.0 54.0 46.0 
81.0 54.0 46.0 
81.0 54.0 46.0 
81.0 54.0 46.0 
81.0 54.0 46.0 
81.0 54.0 46.0 
81.0 54.0 46.0 
81.0 54.0 46.0 
81.0 54.0 46.0 
81.0 54.0 46.0 
81.0 54.0 46.0 
81.0 54.0 46.0 
81.0 54.0 46.0 
81.0 54.0 46.0 
81.0 54.0 46.0 
81.0 54.0 46.0 
81.0 54.0 46.0 
81.0 54.0 46.0 
81.0 54.0 46.0 
81.0 54.0 46.0 
81.0 54.0 46.0 
81.0 54.0 46.0 
81.0 54.0 46.0 
81.0 54.0 46.0 
81.0 54.0 46.0 
81.0 54.0 46.0 
81.0 54.0 46.0 
81.0 54.0 46.0 
81.0 54.0 46.0 
72.0 82.0 36.0 
72.0 82.0 36.0 
72.0 82.0 36.0 
72.0 82.0 36.0 
72.0 82.0 36.0 
72.0 82.0 36.0 
72.0 82.0 36.0 
72.0 82.0 36.0 
97.0 95.0 44.0 
88.0 63.0 77.0 
88.0 63.0 77.0 
88.0 63.0 77.0 
88.0 63.0 77.0 
67.0 30.0 11.0 
67.0 30.0 11.0 
67.0 30.0 11.0 
75.0 84.0 80.0 
66.0 78.0 52.0 
90.0 87.0 86.0 
90.0 87.0 86.0 
90.0 87.0 86.0 
