78.0 79.0 78.0 26.0 56.0 
78.0 79.0 78.0 26.0 56.0 
78.0 79.0 78.0 26.0 56.0 
78.0 79.0 78.0 26.0 56.0 
78.0 79.0 78.0 26.0 56.0 
78.0 79.0 78.0 26.0 56.0 
78.0 79.0 78.0 26.0 56.0 
78.0 79.0 78.0 26.0 56.0 
78.0 79.0 78.0 26.0 56.0 
78.0 79.0 78.0 26.0 56.0 
78.0 79.0 78.0 26.0 56.0 
78.0 79.0 78.0 26.0 56.0 
78.0 79.0 78.0 26.0 56.0 
78.0 79.0 78.0 26.0 56.0 
78.0 79.0 78.0 26.0 56.0 
78.0 79.0 78.0 26.0 56.0 
78.0 79.0 78.0 26.0 56.0 
78.0 79.0 78.0 26.0 56.0 
78.0 79.0 78.0 26.0 56.0 
78.0 79.0 78.0 26.0 56.0 
78.0 79.0 78.0 26.0 56.0 
78.0 79.0 78.0 26.0 56.0 
78.0 79.0 78.0 26.0 56.0 
78.0 79.0 78.0 26.0 56.0 
78.0 79.0 78.0 26.0 56.0 
78.0 79.0 78.0 26.0 56.0 
78.0 79.0 78.0 26.0 56.0 
78.0 79.0 78.0 26.0 56.0 
78.0 79.0 78.0 26.0 56.0 
78.0 79.0 78.0 26.0 56.0 
78.0 79.0 78.0 26.0 56.0 
78.0 79.0 78.0 26.0 56.0 
78.0 79.0 78.0 26.0 56.0 
78.0 79.0 78.0 26.0 56.0 
78.0 79.0 78.0 26.0 56.0 
78.0 79.0 78.0 26.0 56.0 
78.0 79.0 78.0 26.0 56.0 
78.0 79.0 78.0 26.0 56.0 
78.0 79.0 78.0 26.0 56.0 
78.0 79.0 78.0 26.0 56.0 
78.0 79.0 78.0 26.0 56.0 
78.0 79.0 78.0 26.0 56.0 
78.0 79.0 78.0 26.0 56.0 
78.0 79.0 78.0 26.0 56.0 
78.0 79.0 78.0 26.0 56.0 
78.0 79.0 78.0 26.0 56.0 
78.0 79.0 78.0 26.0 56.0 
78.0 79.0 78.0 26.0 56.0 
78.0 79.0 78.0 26.0 56.0 
78.0 79.0 78.0 26.0 56.0 
78.0 79.0 78.0 26.0 56.0 
78.0 79.0 78.0 26.0 56.0 
78.0 79.0 78.0 26.0 56.0 
78.0 79.0 78.0 26.0 56.0 
78.0 79.0 78.0 26.0 56.0 
78.0 79.0 78.0 26.0 56.0 
78.0 79.0 78.0 26.0 56.0 
78.0 79.0 78.0 26.0 56.0 
78.0 79.0 78.0 26.0 56.0 
78.0 79.0 78.0 26.0 56.0 
78.0 79.0 78.0 26.0 56.0 
78.0 79.0 78.0 26.0 56.0 
78.0 79.0 78.0 26.0 56.0 
78.0 79.0 78.0 26.0 56.0 
78.0 79.0 78.0 26.0 56.0 
78.0 79.0 78.0 26.0 56.0 
78.0 79.0 78.0 26.0 56.0 
60.0 33.0 53.0 68.0 32.0 
60.0 33.0 53.0 68.0 32.0 
60.0 33.0 53.0 68.0 32.0 
60.0 33.0 53.0 68.0 32.0 
60.0 33.0 53.0 68.0 32.0 
60.0 33.0 53.0 68.0 32.0 
60.0 33.0 53.0 68.0 32.0 
60.0 33.0 53.0 68.0 32.0 
60.0 33.0 53.0 68.0 32.0 
60.0 33.0 53.0 68.0 32.0 
60.0 33.0 53.0 68.0 32.0 
60.0 33.0 53.0 68.0 32.0 
60.0 33.0 53.0 68.0 32.0 
60.0 33.0 53.0 68.0 32.0 
60.0 33.0 53.0 68.0 32.0 
60.0 33.0 53.0 68.0 32.0 
60.0 33.0 53.0 68.0 32.0 
60.0 33.0 53.0 68.0 32.0 
60.0 33.0 53.0 68.0 32.0 
39.0 33.0 15.0 14.0 28.0 
39.0 33.0 15.0 14.0 28.0 
39.0 33.0 15.0 14.0 28.0 
39.0 33.0 15.0 14.0 28.0 
39.0 33.0 15.0 14.0 28.0 
86.0 93.0 17.0 84.0 53.0 
86.0 93.0 17.0 84.0 53.0 
86.0 93.0 17.0 84.0 53.0 
53.0 20.0 57.0 92.0 100.0 
53.0 20.0 57.0 92.0 100.0 
44.0 45.0 90.0 95.0 62.0 
69.0 63.0 76.0 49.0 18.0 
69.0 63.0 76.0 49.0 18.0 
69.0 63.0 76.0 49.0 18.0 
