40.0 58.0 38.0 48.0 87.0 
40.0 58.0 38.0 48.0 87.0 
40.0 58.0 38.0 48.0 87.0 
40.0 58.0 38.0 48.0 87.0 
40.0 58.0 38.0 48.0 87.0 
40.0 58.0 38.0 48.0 87.0 
40.0 58.0 38.0 48.0 87.0 
40.0 58.0 38.0 48.0 87.0 
40.0 58.0 38.0 48.0 87.0 
40.0 58.0 38.0 48.0 87.0 
40.0 58.0 38.0 48.0 87.0 
40.0 58.0 38.0 48.0 87.0 
40.0 58.0 38.0 48.0 87.0 
40.0 58.0 38.0 48.0 87.0 
40.0 58.0 38.0 48.0 87.0 
40.0 58.0 38.0 48.0 87.0 
40.0 58.0 38.0 48.0 87.0 
40.0 58.0 38.0 48.0 87.0 
40.0 58.0 38.0 48.0 87.0 
40.0 58.0 38.0 48.0 87.0 
40.0 58.0 38.0 48.0 87.0 
40.0 58.0 38.0 48.0 87.0 
40.0 58.0 38.0 48.0 87.0 
40.0 58.0 38.0 48.0 87.0 
40.0 58.0 38.0 48.0 87.0 
40.0 58.0 38.0 48.0 87.0 
40.0 58.0 38.0 48.0 87.0 
40.0 58.0 38.0 48.0 87.0 
40.0 58.0 38.0 48.0 87.0 
40.0 58.0 38.0 48.0 87.0 
40.0 58.0 38.0 48.0 87.0 
40.0 58.0 38.0 48.0 87.0 
40.0 58.0 38.0 48.0 87.0 
40.0 58.0 38.0 48.0 87.0 
40.0 58.0 38.0 48.0 87.0 
40.0 58.0 38.0 48.0 87.0 
40.0 58.0 38.0 48.0 87.0 
40.0 58.0 38.0 48.0 87.0 
40.0 58.0 38.0 48.0 87.0 
40.0 58.0 38.0 48.0 87.0 
40.0 58.0 38.0 48.0 87.0 
40.0 58.0 38.0 48.0 87.0 
40.0 58.0 38.0 48.0 87.0 
40.0 58.0 38.0 48.0 87.0 
40.0 58.0 38.0 48.0 87.0 
40.0 58.0 38.0 48.0 87.0 
40.0 58.0 38.0 48.0 87.0 
40.0 58.0 38.0 48.0 87.0 
40.0 58.0 38.0 48.0 87.0 
40.0 58.0 38.0 48.0 87.0 
40.0 58.0 38.0 48.0 87.0 
40.0 58.0 38.0 48.0 87.0 
40.0 58.0 38.0 48.0 87.0 
40.0 58.0 38.0 48.0 87.0 
40.0 58.0 38.0 48.0 87.0 
40.0 58.0 38.0 48.0 87.0 
40.0 58.0 38.0 48.0 87.0 
40.0 58.0 38.0 48.0 87.0 
40.0 58.0 38.0 48.0 87.0 
40.0 58.0 38.0 48.0 87.0 
40.0 58.0 38.0 48.0 87.0 
40.0 58.0 38.0 48.0 87.0 
40.0 58.0 38.0 48.0 87.0 
40.0 58.0 38.0 48.0 87.0 
40.0 58.0 38.0 48.0 87.0 
40.0 58.0 38.0 48.0 87.0 
40.0 58.0 38.0 48.0 87.0 
80.0 85.0 18.0 69.0 46.0 
80.0 85.0 18.0 69.0 46.0 
80.0 85.0 18.0 69.0 46.0 
80.0 85.0 18.0 69.0 46.0 
80.0 85.0 18.0 69.0 46.0 
80.0 85.0 18.0 69.0 46.0 
80.0 85.0 18.0 69.0 46.0 
80.0 85.0 18.0 69.0 46.0 
80.0 85.0 18.0 69.0 46.0 
80.0 85.0 18.0 69.0 46.0 
80.0 85.0 18.0 69.0 46.0 
80.0 85.0 18.0 69.0 46.0 
80.0 85.0 18.0 69.0 46.0 
80.0 85.0 18.0 69.0 46.0 
80.0 85.0 18.0 69.0 46.0 
80.0 85.0 18.0 69.0 46.0 
80.0 85.0 18.0 69.0 46.0 
80.0 85.0 18.0 69.0 46.0 
80.0 85.0 18.0 69.0 46.0 
80.0 85.0 18.0 69.0 46.0 
80.0 85.0 18.0 69.0 46.0 
80.0 85.0 18.0 69.0 46.0 
53.0 73.0 46.0 83.0 63.0 
76.0 79.0 22.0 35.0 86.0 
76.0 79.0 22.0 35.0 86.0 
76.0 79.0 22.0 35.0 86.0 
76.0 79.0 22.0 35.0 86.0 
41.0 90.0 32.0 98.0 84.0 
21.0 66.0 24.0 53.0 89.0 
76.0 100.0 90.0 73.0 42.0 
69.0 51.0 16.0 24.0 95.0 
75.0 27.0 17.0 19.0 59.0 
75.0 27.0 17.0 19.0 59.0 
