56.0 53.0 80.0 34.0 
56.0 53.0 80.0 34.0 
56.0 53.0 80.0 34.0 
56.0 53.0 80.0 34.0 
56.0 53.0 80.0 34.0 
56.0 53.0 80.0 34.0 
56.0 53.0 80.0 34.0 
56.0 53.0 80.0 34.0 
56.0 53.0 80.0 34.0 
56.0 53.0 80.0 34.0 
56.0 53.0 80.0 34.0 
56.0 53.0 80.0 34.0 
56.0 53.0 80.0 34.0 
27.0 74.0 89.0 26.0 
27.0 74.0 89.0 26.0 
27.0 74.0 89.0 26.0 
27.0 74.0 89.0 26.0 
27.0 74.0 89.0 26.0 
27.0 74.0 89.0 26.0 
27.0 74.0 89.0 26.0 
27.0 74.0 89.0 26.0 
27.0 74.0 89.0 26.0 
27.0 74.0 89.0 26.0 
27.0 74.0 89.0 26.0 
27.0 74.0 89.0 26.0 
27.0 74.0 89.0 26.0 
27.0 74.0 89.0 26.0 
27.0 74.0 89.0 26.0 
27.0 74.0 89.0 26.0 
27.0 74.0 89.0 26.0 
27.0 74.0 89.0 26.0 
27.0 74.0 89.0 26.0 
27.0 74.0 89.0 26.0 
27.0 74.0 89.0 26.0 
27.0 74.0 89.0 26.0 
27.0 74.0 89.0 26.0 
27.0 74.0 89.0 26.0 
27.0 74.0 89.0 26.0 
27.0 74.0 89.0 26.0 
27.0 74.0 89.0 26.0 
27.0 74.0 89.0 26.0 
27.0 74.0 89.0 26.0 
27.0 74.0 89.0 26.0 
27.0 74.0 89.0 26.0 
27.0 74.0 89.0 26.0 
27.0 74.0 89.0 26.0 
27.0 74.0 89.0 26.0 
27.0 74.0 89.0 26.0 
27.0 74.0 89.0 26.0 
27.0 74.0 89.0 26.0 
27.0 74.0 89.0 26.0 
27.0 74.0 89.0 26.0 
27.0 74.0 89.0 26.0 
27.0 74.0 89.0 26.0 
27.0 74.0 89.0 26.0 
27.0 74.0 89.0 26.0 
27.0 74.0 89.0 26.0 
27.0 74.0 89.0 26.0 
27.0 74.0 89.0 26.0 
27.0 74.0 89.0 26.0 
27.0 74.0 89.0 26.0 
27.0 74.0 89.0 26.0 
27.0 74.0 89.0 26.0 
27.0 74.0 89.0 26.0 
27.0 74.0 89.0 26.0 
27.0 74.0 89.0 26.0 
27.0 74.0 89.0 26.0 
27.0 74.0 89.0 26.0 
27.0 74.0 89.0 26.0 
27.0 74.0 89.0 26.0 
27.0 74.0 89.0 26.0 
27.0 74.0 89.0 26.0 
27.0 74.0 89.0 26.0 
27.0 74.0 89.0 26.0 
27.0 74.0 89.0 26.0 
27.0 74.0 89.0 26.0 
27.0 74.0 89.0 26.0 
27.0 74.0 89.0 26.0 
27.0 74.0 89.0 26.0 
27.0 74.0 89.0 26.0 
27.0 74.0 89.0 26.0 
27.0 74.0 89.0 26.0 
27.0 74.0 89.0 26.0 
27.0 74.0 89.0 26.0 
63.0 54.0 12.0 30.0 
63.0 54.0 12.0 30.0 
63.0 54.0 12.0 30.0 
63.0 54.0 12.0 30.0 
63.0 54.0 12.0 30.0 
63.0 54.0 12.0 30.0 
63.0 54.0 12.0 30.0 
63.0 54.0 12.0 30.0 
63.0 54.0 12.0 30.0 
54.0 60.0 75.0 43.0 
16.0 21.0 93.0 36.0 
16.0 21.0 93.0 36.0 
46.0 85.0 67.0 38.0 
46.0 85.0 67.0 38.0 
46.0 85.0 67.0 38.0 
46.0 85.0 67.0 38.0 
