14.0 15.0 97.0 73.0 
14.0 15.0 97.0 73.0 
14.0 15.0 97.0 73.0 
14.0 15.0 97.0 73.0 
14.0 15.0 97.0 73.0 
14.0 15.0 97.0 73.0 
14.0 15.0 97.0 73.0 
14.0 15.0 97.0 73.0 
39.0 13.0 65.0 81.0 
39.0 13.0 65.0 81.0 
39.0 13.0 65.0 81.0 
39.0 13.0 65.0 81.0 
39.0 13.0 65.0 81.0 
39.0 13.0 65.0 81.0 
39.0 13.0 65.0 81.0 
39.0 13.0 65.0 81.0 
39.0 13.0 65.0 81.0 
39.0 13.0 65.0 81.0 
39.0 13.0 65.0 81.0 
39.0 13.0 65.0 81.0 
39.0 13.0 65.0 81.0 
39.0 13.0 65.0 81.0 
39.0 13.0 65.0 81.0 
39.0 13.0 65.0 81.0 
39.0 13.0 65.0 81.0 
39.0 13.0 65.0 81.0 
39.0 13.0 65.0 81.0 
39.0 13.0 65.0 81.0 
39.0 13.0 65.0 81.0 
39.0 13.0 65.0 81.0 
39.0 13.0 65.0 81.0 
39.0 13.0 65.0 81.0 
39.0 13.0 65.0 81.0 
39.0 13.0 65.0 81.0 
39.0 13.0 65.0 81.0 
39.0 13.0 65.0 81.0 
39.0 13.0 65.0 81.0 
39.0 13.0 65.0 81.0 
39.0 13.0 65.0 81.0 
39.0 13.0 65.0 81.0 
39.0 13.0 65.0 81.0 
39.0 13.0 65.0 81.0 
39.0 13.0 65.0 81.0 
39.0 13.0 65.0 81.0 
39.0 13.0 65.0 81.0 
39.0 13.0 65.0 81.0 
39.0 13.0 65.0 81.0 
39.0 13.0 65.0 81.0 
39.0 13.0 65.0 81.0 
39.0 13.0 65.0 81.0 
39.0 13.0 65.0 81.0 
39.0 13.0 65.0 81.0 
39.0 13.0 65.0 81.0 
39.0 13.0 65.0 81.0 
39.0 13.0 65.0 81.0 
39.0 13.0 65.0 81.0 
39.0 13.0 65.0 81.0 
39.0 13.0 65.0 81.0 
39.0 13.0 65.0 81.0 
39.0 13.0 65.0 81.0 
39.0 13.0 65.0 81.0 
39.0 13.0 65.0 81.0 
39.0 13.0 65.0 81.0 
39.0 13.0 65.0 81.0 
39.0 13.0 65.0 81.0 
39.0 13.0 65.0 81.0 
39.0 13.0 65.0 81.0 
39.0 13.0 65.0 81.0 
39.0 13.0 65.0 81.0 
39.0 13.0 65.0 81.0 
39.0 13.0 65.0 81.0 
39.0 13.0 65.0 81.0 
39.0 13.0 65.0 81.0 
39.0 13.0 65.0 81.0 
39.0 13.0 65.0 81.0 
39.0 13.0 65.0 81.0 
39.0 13.0 65.0 81.0 
39.0 13.0 65.0 81.0 
39.0 13.0 65.0 81.0 
29.0 53.0 57.0 69.0 
29.0 53.0 57.0 69.0 
29.0 77.0 36.0 12.0 
29.0 77.0 36.0 12.0 
62.0 36.0 65.0 23.0 
62.0 36.0 65.0 23.0 
62.0 36.0 65.0 23.0 
72.0 72.0 43.0 19.0 
72.0 72.0 43.0 19.0 
72.0 72.0 43.0 19.0 
72.0 72.0 43.0 19.0 
72.0 72.0 43.0 19.0 
40.0 96.0 97.0 20.0 
57.0 77.0 72.0 58.0 
57.0 77.0 72.0 58.0 
57.0 77.0 72.0 58.0 
57.0 77.0 72.0 58.0 
57.0 77.0 72.0 58.0 
57.0 77.0 72.0 58.0 
57.0 77.0 72.0 58.0 
57.0 77.0 72.0 58.0 
