46.0 67.0 38.0 51.0 
46.0 67.0 38.0 51.0 
46.0 67.0 38.0 51.0 
46.0 67.0 38.0 51.0 
46.0 67.0 38.0 51.0 
46.0 67.0 38.0 51.0 
46.0 67.0 38.0 51.0 
46.0 67.0 38.0 51.0 
46.0 67.0 38.0 51.0 
46.0 67.0 38.0 51.0 
46.0 67.0 38.0 51.0 
46.0 67.0 38.0 51.0 
46.0 67.0 38.0 51.0 
46.0 67.0 38.0 51.0 
46.0 67.0 38.0 51.0 
46.0 67.0 38.0 51.0 
46.0 67.0 38.0 51.0 
46.0 67.0 38.0 51.0 
46.0 67.0 38.0 51.0 
46.0 67.0 38.0 51.0 
46.0 67.0 38.0 51.0 
46.0 67.0 38.0 51.0 
46.0 67.0 38.0 51.0 
46.0 67.0 38.0 51.0 
46.0 67.0 38.0 51.0 
46.0 67.0 38.0 51.0 
46.0 67.0 38.0 51.0 
46.0 67.0 38.0 51.0 
46.0 67.0 38.0 51.0 
46.0 67.0 38.0 51.0 
46.0 67.0 38.0 51.0 
46.0 67.0 38.0 51.0 
46.0 67.0 38.0 51.0 
46.0 67.0 38.0 51.0 
46.0 67.0 38.0 51.0 
46.0 67.0 38.0 51.0 
46.0 67.0 38.0 51.0 
46.0 67.0 38.0 51.0 
46.0 67.0 38.0 51.0 
46.0 67.0 38.0 51.0 
46.0 67.0 38.0 51.0 
46.0 67.0 38.0 51.0 
46.0 67.0 38.0 51.0 
46.0 67.0 38.0 51.0 
46.0 67.0 38.0 51.0 
46.0 67.0 38.0 51.0 
46.0 67.0 38.0 51.0 
46.0 67.0 38.0 51.0 
46.0 67.0 38.0 51.0 
46.0 67.0 38.0 51.0 
46.0 67.0 38.0 51.0 
46.0 67.0 38.0 51.0 
46.0 67.0 38.0 51.0 
46.0 67.0 38.0 51.0 
46.0 67.0 38.0 51.0 
46.0 67.0 38.0 51.0 
46.0 67.0 38.0 51.0 
46.0 67.0 38.0 51.0 
46.0 67.0 38.0 51.0 
46.0 67.0 38.0 51.0 
46.0 67.0 38.0 51.0 
46.0 67.0 38.0 51.0 
46.0 67.0 38.0 51.0 
46.0 67.0 38.0 51.0 
46.0 67.0 38.0 51.0 
46.0 67.0 38.0 51.0 
46.0 67.0 38.0 51.0 
64.0 88.0 95.0 74.0 
64.0 88.0 95.0 74.0 
64.0 88.0 95.0 74.0 
64.0 88.0 95.0 74.0 
64.0 88.0 95.0 74.0 
64.0 88.0 95.0 74.0 
64.0 88.0 95.0 74.0 
64.0 88.0 95.0 74.0 
64.0 88.0 95.0 74.0 
64.0 88.0 95.0 74.0 
64.0 88.0 95.0 74.0 
64.0 88.0 95.0 74.0 
64.0 88.0 95.0 74.0 
64.0 88.0 95.0 74.0 
64.0 88.0 95.0 74.0 
64.0 88.0 95.0 74.0 
64.0 88.0 95.0 74.0 
64.0 88.0 95.0 74.0 
64.0 88.0 95.0 74.0 
64.0 88.0 95.0 74.0 
64.0 88.0 95.0 74.0 
39.0 32.0 28.0 17.0 
39.0 32.0 28.0 17.0 
39.0 32.0 28.0 17.0 
73.0 70.0 45.0 98.0 
73.0 70.0 45.0 98.0 
78.0 87.0 44.0 63.0 
25.0 77.0 41.0 40.0 
73.0 45.0 54.0 100.0 
68.0 76.0 85.0 37.0 
53.0 25.0 24.0 36.0 
55.0 41.0 17.0 88.0 
55.0 41.0 17.0 88.0 
