33.0 94.0 93.0 29.0 33.0 
33.0 94.0 93.0 29.0 33.0 
33.0 94.0 93.0 29.0 33.0 
33.0 94.0 93.0 29.0 33.0 
33.0 94.0 93.0 29.0 33.0 
33.0 94.0 93.0 29.0 33.0 
33.0 94.0 93.0 29.0 33.0 
33.0 94.0 93.0 29.0 33.0 
33.0 94.0 93.0 29.0 33.0 
33.0 94.0 93.0 29.0 33.0 
33.0 94.0 93.0 29.0 33.0 
33.0 94.0 93.0 29.0 33.0 
33.0 94.0 93.0 29.0 33.0 
33.0 94.0 93.0 29.0 33.0 
33.0 94.0 93.0 29.0 33.0 
33.0 94.0 93.0 29.0 33.0 
33.0 94.0 93.0 29.0 33.0 
33.0 94.0 93.0 29.0 33.0 
33.0 94.0 93.0 29.0 33.0 
33.0 94.0 93.0 29.0 33.0 
33.0 94.0 93.0 29.0 33.0 
33.0 94.0 93.0 29.0 33.0 
33.0 94.0 93.0 29.0 33.0 
33.0 94.0 93.0 29.0 33.0 
33.0 94.0 93.0 29.0 33.0 
33.0 94.0 93.0 29.0 33.0 
33.0 94.0 93.0 29.0 33.0 
33.0 94.0 93.0 29.0 33.0 
33.0 94.0 93.0 29.0 33.0 
33.0 94.0 93.0 29.0 33.0 
29.0 22.0 100.0 90.0 97.0 
29.0 22.0 100.0 90.0 97.0 
29.0 22.0 100.0 90.0 97.0 
29.0 22.0 100.0 90.0 97.0 
29.0 22.0 100.0 90.0 97.0 
29.0 22.0 100.0 90.0 97.0 
29.0 22.0 100.0 90.0 97.0 
29.0 22.0 100.0 90.0 97.0 
29.0 22.0 100.0 90.0 97.0 
29.0 22.0 100.0 90.0 97.0 
29.0 22.0 100.0 90.0 97.0 
29.0 22.0 100.0 90.0 97.0 
29.0 22.0 100.0 90.0 97.0 
29.0 22.0 100.0 90.0 97.0 
29.0 22.0 100.0 90.0 97.0 
29.0 22.0 100.0 90.0 97.0 
29.0 22.0 100.0 90.0 97.0 
29.0 22.0 100.0 90.0 97.0 
29.0 22.0 100.0 90.0 97.0 
29.0 22.0 100.0 90.0 97.0 
29.0 22.0 100.0 90.0 97.0 
29.0 22.0 100.0 90.0 97.0 
29.0 22.0 100.0 90.0 97.0 
29.0 22.0 100.0 90.0 97.0 
29.0 22.0 100.0 90.0 97.0 
29.0 22.0 100.0 90.0 97.0 
29.0 22.0 100.0 90.0 97.0 
29.0 22.0 100.0 90.0 97.0 
29.0 22.0 100.0 90.0 97.0 
29.0 22.0 100.0 90.0 97.0 
29.0 22.0 100.0 90.0 97.0 
29.0 22.0 100.0 90.0 97.0 
29.0 22.0 100.0 90.0 97.0 
29.0 22.0 100.0 90.0 97.0 
29.0 22.0 100.0 90.0 97.0 
29.0 22.0 100.0 90.0 97.0 
29.0 22.0 100.0 90.0 97.0 
29.0 22.0 100.0 90.0 97.0 
29.0 22.0 100.0 90.0 97.0 
29.0 22.0 100.0 90.0 97.0 
29.0 22.0 100.0 90.0 97.0 
29.0 22.0 100.0 90.0 97.0 
29.0 22.0 100.0 90.0 97.0 
29.0 22.0 100.0 90.0 97.0 
29.0 22.0 100.0 90.0 97.0 
29.0 22.0 100.0 90.0 97.0 
29.0 22.0 100.0 90.0 97.0 
29.0 22.0 100.0 90.0 97.0 
29.0 22.0 100.0 90.0 97.0 
29.0 22.0 100.0 90.0 97.0 
29.0 22.0 100.0 90.0 97.0 
29.0 22.0 100.0 90.0 97.0 
29.0 22.0 100.0 90.0 97.0 
12.0 85.0 99.0 53.0 42.0 
12.0 85.0 99.0 53.0 42.0 
12.0 85.0 99.0 53.0 42.0 
12.0 85.0 99.0 53.0 42.0 
33.0 66.0 40.0 77.0 47.0 
33.0 66.0 40.0 77.0 47.0 
33.0 66.0 40.0 77.0 47.0 
33.0 66.0 40.0 77.0 47.0 
33.0 66.0 40.0 77.0 47.0 
13.0 77.0 48.0 50.0 95.0 
13.0 77.0 48.0 50.0 95.0 
13.0 77.0 48.0 50.0 95.0 
13.0 77.0 48.0 50.0 95.0 
13.0 77.0 48.0 50.0 95.0 
13.0 77.0 48.0 50.0 95.0 
13.0 77.0 48.0 50.0 95.0 
13.0 77.0 48.0 50.0 95.0 
