70.0 60.0 70.0 18.0 
70.0 60.0 70.0 18.0 
70.0 60.0 70.0 18.0 
70.0 60.0 70.0 18.0 
70.0 60.0 70.0 18.0 
70.0 60.0 70.0 18.0 
70.0 60.0 70.0 18.0 
70.0 60.0 70.0 18.0 
70.0 60.0 70.0 18.0 
70.0 60.0 70.0 18.0 
70.0 60.0 70.0 18.0 
70.0 60.0 70.0 18.0 
70.0 60.0 70.0 18.0 
70.0 60.0 70.0 18.0 
70.0 60.0 70.0 18.0 
70.0 60.0 70.0 18.0 
70.0 60.0 70.0 18.0 
70.0 60.0 70.0 18.0 
70.0 60.0 70.0 18.0 
70.0 60.0 70.0 18.0 
70.0 60.0 70.0 18.0 
70.0 60.0 70.0 18.0 
70.0 60.0 70.0 18.0 
70.0 60.0 70.0 18.0 
70.0 60.0 70.0 18.0 
70.0 60.0 70.0 18.0 
70.0 60.0 70.0 18.0 
70.0 60.0 70.0 18.0 
70.0 60.0 70.0 18.0 
70.0 60.0 70.0 18.0 
70.0 60.0 70.0 18.0 
70.0 60.0 70.0 18.0 
70.0 60.0 70.0 18.0 
70.0 60.0 70.0 18.0 
70.0 60.0 70.0 18.0 
70.0 60.0 70.0 18.0 
70.0 60.0 70.0 18.0 
70.0 60.0 70.0 18.0 
70.0 60.0 70.0 18.0 
70.0 60.0 70.0 18.0 
70.0 60.0 70.0 18.0 
70.0 60.0 70.0 18.0 
70.0 60.0 70.0 18.0 
70.0 60.0 70.0 18.0 
70.0 60.0 70.0 18.0 
38.0 63.0 13.0 99.0 
38.0 63.0 13.0 99.0 
38.0 63.0 13.0 99.0 
38.0 63.0 13.0 99.0 
38.0 63.0 13.0 99.0 
38.0 63.0 13.0 99.0 
38.0 63.0 13.0 99.0 
38.0 63.0 13.0 99.0 
38.0 63.0 13.0 99.0 
38.0 63.0 13.0 99.0 
38.0 63.0 13.0 99.0 
38.0 63.0 13.0 99.0 
38.0 63.0 13.0 99.0 
38.0 63.0 13.0 99.0 
38.0 63.0 13.0 99.0 
38.0 63.0 13.0 99.0 
38.0 63.0 13.0 99.0 
38.0 63.0 13.0 99.0 
38.0 63.0 13.0 99.0 
38.0 63.0 13.0 99.0 
38.0 63.0 13.0 99.0 
38.0 63.0 13.0 99.0 
38.0 63.0 13.0 99.0 
38.0 63.0 13.0 99.0 
38.0 63.0 13.0 99.0 
38.0 63.0 13.0 99.0 
38.0 63.0 13.0 99.0 
38.0 63.0 13.0 99.0 
38.0 63.0 13.0 99.0 
38.0 63.0 13.0 99.0 
38.0 63.0 13.0 99.0 
38.0 63.0 13.0 99.0 
38.0 63.0 13.0 99.0 
38.0 63.0 13.0 99.0 
38.0 63.0 13.0 99.0 
38.0 63.0 13.0 99.0 
33.0 85.0 29.0 79.0 
33.0 85.0 29.0 79.0 
33.0 85.0 29.0 79.0 
33.0 85.0 29.0 79.0 
33.0 85.0 29.0 79.0 
33.0 85.0 29.0 79.0 
29.0 69.0 43.0 44.0 
29.0 69.0 43.0 44.0 
29.0 69.0 43.0 44.0 
29.0 69.0 43.0 44.0 
29.0 69.0 43.0 44.0 
29.0 69.0 43.0 44.0 
29.0 69.0 43.0 44.0 
29.0 69.0 43.0 44.0 
56.0 18.0 76.0 37.0 
37.0 61.0 29.0 70.0 
41.0 62.0 60.0 20.0 
64.0 43.0 98.0 74.0 
64.0 43.0 98.0 74.0 
