60.0 96.0 92.0 
60.0 96.0 92.0 
60.0 96.0 92.0 
60.0 96.0 92.0 
60.0 96.0 92.0 
60.0 96.0 92.0 
60.0 96.0 92.0 
60.0 96.0 92.0 
60.0 96.0 92.0 
60.0 96.0 92.0 
60.0 96.0 92.0 
60.0 96.0 92.0 
60.0 96.0 92.0 
60.0 96.0 92.0 
60.0 96.0 92.0 
60.0 96.0 92.0 
97.0 92.0 65.0 
97.0 92.0 65.0 
97.0 92.0 65.0 
97.0 92.0 65.0 
97.0 92.0 65.0 
97.0 92.0 65.0 
97.0 92.0 65.0 
97.0 92.0 65.0 
97.0 92.0 65.0 
97.0 92.0 65.0 
97.0 92.0 65.0 
97.0 92.0 65.0 
97.0 92.0 65.0 
97.0 92.0 65.0 
97.0 92.0 65.0 
97.0 92.0 65.0 
97.0 92.0 65.0 
97.0 92.0 65.0 
97.0 92.0 65.0 
97.0 92.0 65.0 
97.0 92.0 65.0 
97.0 92.0 65.0 
97.0 92.0 65.0 
97.0 92.0 65.0 
97.0 92.0 65.0 
97.0 92.0 65.0 
97.0 92.0 65.0 
97.0 92.0 65.0 
97.0 92.0 65.0 
97.0 92.0 65.0 
97.0 92.0 65.0 
97.0 92.0 65.0 
97.0 92.0 65.0 
97.0 92.0 65.0 
97.0 92.0 65.0 
97.0 92.0 65.0 
97.0 92.0 65.0 
97.0 92.0 65.0 
97.0 92.0 65.0 
65.0 86.0 36.0 
65.0 86.0 36.0 
65.0 86.0 36.0 
65.0 86.0 36.0 
65.0 86.0 36.0 
65.0 86.0 36.0 
65.0 86.0 36.0 
65.0 86.0 36.0 
65.0 86.0 36.0 
65.0 86.0 36.0 
65.0 86.0 36.0 
65.0 86.0 36.0 
65.0 86.0 36.0 
65.0 86.0 36.0 
65.0 86.0 36.0 
65.0 86.0 36.0 
65.0 86.0 36.0 
65.0 86.0 36.0 
65.0 86.0 36.0 
65.0 86.0 36.0 
65.0 86.0 36.0 
65.0 86.0 36.0 
65.0 86.0 36.0 
65.0 86.0 36.0 
65.0 86.0 36.0 
65.0 86.0 36.0 
65.0 86.0 36.0 
65.0 86.0 36.0 
65.0 86.0 36.0 
65.0 86.0 36.0 
65.0 86.0 36.0 
65.0 86.0 36.0 
65.0 86.0 36.0 
65.0 86.0 36.0 
65.0 86.0 36.0 
65.0 86.0 36.0 
65.0 86.0 36.0 
65.0 86.0 36.0 
65.0 86.0 36.0 
12.0 73.0 26.0 
99.0 43.0 49.0 
99.0 43.0 49.0 
82.0 99.0 65.0 
97.0 86.0 59.0 
97.0 86.0 59.0 
