26.0 92.0 45.0 
26.0 92.0 45.0 
26.0 92.0 45.0 
26.0 92.0 45.0 
26.0 92.0 45.0 
26.0 92.0 45.0 
26.0 92.0 45.0 
26.0 92.0 45.0 
26.0 92.0 45.0 
26.0 92.0 45.0 
26.0 92.0 45.0 
26.0 92.0 45.0 
26.0 92.0 45.0 
26.0 92.0 45.0 
26.0 92.0 45.0 
26.0 92.0 45.0 
26.0 92.0 45.0 
26.0 92.0 45.0 
26.0 92.0 45.0 
26.0 92.0 45.0 
26.0 92.0 45.0 
26.0 92.0 45.0 
26.0 92.0 45.0 
26.0 92.0 45.0 
26.0 92.0 45.0 
26.0 92.0 45.0 
26.0 92.0 45.0 
26.0 92.0 45.0 
26.0 92.0 45.0 
26.0 92.0 45.0 
26.0 92.0 45.0 
26.0 92.0 45.0 
26.0 92.0 45.0 
26.0 92.0 45.0 
26.0 92.0 45.0 
26.0 92.0 45.0 
26.0 92.0 45.0 
26.0 92.0 45.0 
26.0 92.0 45.0 
26.0 92.0 45.0 
51.0 76.0 66.0 
51.0 76.0 66.0 
51.0 76.0 66.0 
51.0 76.0 66.0 
51.0 76.0 66.0 
51.0 76.0 66.0 
51.0 76.0 66.0 
51.0 76.0 66.0 
51.0 76.0 66.0 
35.0 31.0 87.0 
35.0 31.0 87.0 
35.0 31.0 87.0 
35.0 31.0 87.0 
35.0 31.0 87.0 
35.0 31.0 87.0 
35.0 31.0 87.0 
35.0 31.0 87.0 
35.0 31.0 87.0 
35.0 31.0 87.0 
35.0 31.0 87.0 
35.0 31.0 87.0 
35.0 31.0 87.0 
35.0 31.0 87.0 
35.0 31.0 87.0 
35.0 31.0 87.0 
35.0 31.0 87.0 
35.0 31.0 87.0 
35.0 31.0 87.0 
35.0 31.0 87.0 
35.0 31.0 87.0 
35.0 31.0 87.0 
35.0 31.0 87.0 
35.0 31.0 87.0 
35.0 31.0 87.0 
35.0 31.0 87.0 
35.0 31.0 87.0 
35.0 31.0 87.0 
35.0 31.0 87.0 
35.0 31.0 87.0 
35.0 31.0 87.0 
35.0 31.0 87.0 
35.0 31.0 87.0 
35.0 31.0 87.0 
35.0 31.0 87.0 
35.0 31.0 87.0 
35.0 31.0 87.0 
35.0 31.0 87.0 
35.0 31.0 87.0 
41.0 13.0 74.0 
86.0 37.0 77.0 
86.0 37.0 77.0 
86.0 37.0 77.0 
18.0 87.0 28.0 
18.0 87.0 28.0 
18.0 87.0 28.0 
18.0 87.0 28.0 
65.0 70.0 73.0 
80.0 66.0 15.0 
80.0 81.0 64.0 
80.0 81.0 64.0 
