33.0 84.0 53.0 92.0 93.0 
33.0 84.0 53.0 92.0 93.0 
33.0 84.0 53.0 92.0 93.0 
33.0 84.0 53.0 92.0 93.0 
33.0 84.0 53.0 92.0 93.0 
33.0 84.0 53.0 92.0 93.0 
33.0 84.0 53.0 92.0 93.0 
33.0 84.0 53.0 92.0 93.0 
33.0 84.0 53.0 92.0 93.0 
33.0 84.0 53.0 92.0 93.0 
33.0 84.0 53.0 92.0 93.0 
33.0 84.0 53.0 92.0 93.0 
33.0 84.0 53.0 92.0 93.0 
33.0 84.0 53.0 92.0 93.0 
33.0 84.0 53.0 92.0 93.0 
33.0 84.0 53.0 92.0 93.0 
33.0 84.0 53.0 92.0 93.0 
82.0 52.0 24.0 12.0 71.0 
82.0 52.0 24.0 12.0 71.0 
82.0 52.0 24.0 12.0 71.0 
82.0 52.0 24.0 12.0 71.0 
82.0 52.0 24.0 12.0 71.0 
82.0 52.0 24.0 12.0 71.0 
82.0 52.0 24.0 12.0 71.0 
82.0 52.0 24.0 12.0 71.0 
82.0 52.0 24.0 12.0 71.0 
82.0 52.0 24.0 12.0 71.0 
82.0 52.0 24.0 12.0 71.0 
82.0 52.0 24.0 12.0 71.0 
82.0 52.0 24.0 12.0 71.0 
82.0 52.0 24.0 12.0 71.0 
82.0 52.0 24.0 12.0 71.0 
82.0 52.0 24.0 12.0 71.0 
82.0 52.0 24.0 12.0 71.0 
82.0 52.0 24.0 12.0 71.0 
82.0 52.0 24.0 12.0 71.0 
82.0 52.0 24.0 12.0 71.0 
82.0 52.0 24.0 12.0 71.0 
82.0 52.0 24.0 12.0 71.0 
82.0 52.0 24.0 12.0 71.0 
82.0 52.0 24.0 12.0 71.0 
82.0 52.0 24.0 12.0 71.0 
82.0 52.0 24.0 12.0 71.0 
82.0 52.0 24.0 12.0 71.0 
82.0 52.0 24.0 12.0 71.0 
82.0 52.0 24.0 12.0 71.0 
82.0 52.0 24.0 12.0 71.0 
82.0 52.0 24.0 12.0 71.0 
82.0 52.0 24.0 12.0 71.0 
82.0 52.0 24.0 12.0 71.0 
82.0 52.0 24.0 12.0 71.0 
82.0 52.0 24.0 12.0 71.0 
82.0 52.0 24.0 12.0 71.0 
82.0 52.0 24.0 12.0 71.0 
82.0 52.0 24.0 12.0 71.0 
82.0 52.0 24.0 12.0 71.0 
82.0 52.0 24.0 12.0 71.0 
82.0 52.0 24.0 12.0 71.0 
82.0 52.0 24.0 12.0 71.0 
82.0 52.0 24.0 12.0 71.0 
82.0 52.0 24.0 12.0 71.0 
82.0 52.0 24.0 12.0 71.0 
82.0 52.0 24.0 12.0 71.0 
82.0 52.0 24.0 12.0 71.0 
82.0 52.0 24.0 12.0 71.0 
63.0 64.0 24.0 53.0 32.0 
63.0 64.0 24.0 53.0 32.0 
63.0 64.0 24.0 53.0 32.0 
63.0 64.0 24.0 53.0 32.0 
63.0 64.0 24.0 53.0 32.0 
63.0 64.0 24.0 53.0 32.0 
63.0 64.0 24.0 53.0 32.0 
63.0 64.0 24.0 53.0 32.0 
63.0 64.0 24.0 53.0 32.0 
63.0 64.0 24.0 53.0 32.0 
63.0 64.0 24.0 53.0 32.0 
63.0 64.0 24.0 53.0 32.0 
63.0 64.0 24.0 53.0 32.0 
63.0 64.0 24.0 53.0 32.0 
63.0 64.0 24.0 53.0 32.0 
63.0 64.0 24.0 53.0 32.0 
63.0 64.0 24.0 53.0 32.0 
63.0 64.0 24.0 53.0 32.0 
63.0 64.0 24.0 53.0 32.0 
25.0 23.0 99.0 62.0 48.0 
25.0 23.0 99.0 62.0 48.0 
25.0 23.0 99.0 62.0 48.0 
25.0 23.0 99.0 62.0 48.0 
70.0 22.0 28.0 38.0 29.0 
47.0 34.0 95.0 52.0 42.0 
47.0 34.0 95.0 52.0 42.0 
47.0 34.0 95.0 52.0 42.0 
47.0 34.0 95.0 52.0 42.0 
47.0 34.0 95.0 52.0 42.0 
47.0 34.0 95.0 52.0 42.0 
49.0 77.0 17.0 13.0 94.0 
49.0 77.0 17.0 13.0 94.0 
49.0 77.0 17.0 13.0 94.0 
75.0 74.0 55.0 15.0 38.0 
75.0 74.0 55.0 15.0 38.0 
