77.0 63.0 63.0 35.0 12.0 
77.0 63.0 63.0 35.0 12.0 
77.0 63.0 63.0 35.0 12.0 
77.0 63.0 63.0 35.0 12.0 
77.0 63.0 63.0 35.0 12.0 
77.0 63.0 63.0 35.0 12.0 
77.0 63.0 63.0 35.0 12.0 
77.0 63.0 63.0 35.0 12.0 
77.0 63.0 63.0 35.0 12.0 
77.0 63.0 63.0 35.0 12.0 
77.0 63.0 63.0 35.0 12.0 
77.0 63.0 63.0 35.0 12.0 
77.0 63.0 63.0 35.0 12.0 
77.0 63.0 63.0 35.0 12.0 
77.0 63.0 63.0 35.0 12.0 
77.0 63.0 63.0 35.0 12.0 
77.0 63.0 63.0 35.0 12.0 
77.0 63.0 63.0 35.0 12.0 
77.0 63.0 63.0 35.0 12.0 
77.0 63.0 63.0 35.0 12.0 
77.0 63.0 63.0 35.0 12.0 
77.0 63.0 63.0 35.0 12.0 
77.0 63.0 63.0 35.0 12.0 
77.0 63.0 63.0 35.0 12.0 
77.0 63.0 63.0 35.0 12.0 
77.0 63.0 63.0 35.0 12.0 
77.0 63.0 63.0 35.0 12.0 
77.0 63.0 63.0 35.0 12.0 
77.0 63.0 63.0 35.0 12.0 
77.0 63.0 63.0 35.0 12.0 
77.0 63.0 63.0 35.0 12.0 
77.0 63.0 63.0 35.0 12.0 
77.0 63.0 63.0 35.0 12.0 
77.0 63.0 63.0 35.0 12.0 
77.0 63.0 63.0 35.0 12.0 
77.0 63.0 63.0 35.0 12.0 
77.0 63.0 63.0 35.0 12.0 
66.0 74.0 49.0 96.0 37.0 
66.0 74.0 49.0 96.0 37.0 
66.0 74.0 49.0 96.0 37.0 
66.0 74.0 49.0 96.0 37.0 
66.0 74.0 49.0 96.0 37.0 
66.0 74.0 49.0 96.0 37.0 
66.0 74.0 49.0 96.0 37.0 
66.0 74.0 49.0 96.0 37.0 
66.0 74.0 49.0 96.0 37.0 
66.0 74.0 49.0 96.0 37.0 
66.0 74.0 49.0 96.0 37.0 
66.0 74.0 49.0 96.0 37.0 
66.0 74.0 49.0 96.0 37.0 
66.0 74.0 49.0 96.0 37.0 
66.0 74.0 49.0 96.0 37.0 
66.0 74.0 49.0 96.0 37.0 
66.0 74.0 49.0 96.0 37.0 
66.0 74.0 49.0 96.0 37.0 
66.0 74.0 49.0 96.0 37.0 
66.0 74.0 49.0 96.0 37.0 
66.0 74.0 49.0 96.0 37.0 
66.0 74.0 49.0 96.0 37.0 
66.0 74.0 49.0 96.0 37.0 
66.0 74.0 49.0 96.0 37.0 
66.0 74.0 49.0 96.0 37.0 
66.0 74.0 49.0 96.0 37.0 
66.0 74.0 49.0 96.0 37.0 
66.0 74.0 49.0 96.0 37.0 
66.0 74.0 49.0 96.0 37.0 
66.0 74.0 49.0 96.0 37.0 
66.0 74.0 49.0 96.0 37.0 
66.0 74.0 49.0 96.0 37.0 
66.0 74.0 49.0 96.0 37.0 
66.0 74.0 49.0 96.0 37.0 
66.0 74.0 49.0 96.0 37.0 
66.0 74.0 49.0 96.0 37.0 
66.0 74.0 49.0 96.0 37.0 
66.0 74.0 49.0 96.0 37.0 
66.0 74.0 49.0 96.0 37.0 
66.0 74.0 49.0 96.0 37.0 
66.0 74.0 49.0 96.0 37.0 
66.0 74.0 49.0 96.0 37.0 
66.0 74.0 49.0 96.0 37.0 
27.0 17.0 40.0 49.0 58.0 
27.0 17.0 40.0 49.0 58.0 
27.0 17.0 40.0 49.0 58.0 
27.0 17.0 40.0 49.0 58.0 
27.0 17.0 40.0 49.0 58.0 
27.0 17.0 40.0 49.0 58.0 
92.0 52.0 58.0 58.0 88.0 
92.0 52.0 58.0 58.0 88.0 
92.0 52.0 58.0 58.0 88.0 
92.0 52.0 58.0 58.0 88.0 
92.0 52.0 58.0 58.0 88.0 
92.0 52.0 58.0 58.0 88.0 
92.0 52.0 58.0 58.0 88.0 
92.0 52.0 58.0 58.0 88.0 
92.0 52.0 58.0 58.0 88.0 
92.0 52.0 58.0 58.0 88.0 
92.0 52.0 58.0 58.0 88.0 
92.0 52.0 58.0 58.0 88.0 
92.0 52.0 58.0 58.0 88.0 
92.0 52.0 58.0 58.0 88.0 
