60.0 31.0 43.0 
60.0 31.0 43.0 
60.0 31.0 43.0 
60.0 31.0 43.0 
60.0 31.0 43.0 
60.0 31.0 43.0 
60.0 31.0 43.0 
60.0 31.0 43.0 
60.0 31.0 43.0 
60.0 31.0 43.0 
60.0 31.0 43.0 
60.0 31.0 43.0 
60.0 31.0 43.0 
60.0 31.0 43.0 
60.0 31.0 43.0 
60.0 31.0 43.0 
60.0 31.0 43.0 
60.0 31.0 43.0 
60.0 31.0 43.0 
60.0 31.0 43.0 
60.0 31.0 43.0 
60.0 31.0 43.0 
60.0 31.0 43.0 
60.0 31.0 43.0 
60.0 31.0 43.0 
60.0 31.0 43.0 
60.0 31.0 43.0 
60.0 31.0 43.0 
60.0 31.0 43.0 
60.0 31.0 43.0 
60.0 31.0 43.0 
60.0 31.0 43.0 
60.0 31.0 43.0 
60.0 31.0 43.0 
60.0 31.0 43.0 
60.0 31.0 43.0 
60.0 31.0 43.0 
60.0 31.0 43.0 
60.0 31.0 43.0 
60.0 31.0 43.0 
60.0 31.0 43.0 
60.0 92.0 77.0 
60.0 92.0 77.0 
60.0 92.0 77.0 
60.0 92.0 77.0 
60.0 92.0 77.0 
60.0 92.0 77.0 
60.0 92.0 77.0 
60.0 92.0 77.0 
60.0 92.0 77.0 
60.0 92.0 77.0 
60.0 92.0 77.0 
60.0 92.0 77.0 
60.0 92.0 77.0 
60.0 92.0 77.0 
60.0 92.0 77.0 
60.0 92.0 77.0 
60.0 92.0 77.0 
60.0 92.0 77.0 
60.0 92.0 77.0 
60.0 92.0 77.0 
60.0 92.0 77.0 
60.0 92.0 77.0 
60.0 92.0 77.0 
60.0 92.0 77.0 
60.0 92.0 77.0 
60.0 92.0 77.0 
60.0 92.0 77.0 
60.0 92.0 77.0 
60.0 92.0 77.0 
60.0 92.0 77.0 
60.0 92.0 77.0 
60.0 92.0 77.0 
60.0 92.0 77.0 
60.0 92.0 77.0 
71.0 42.0 88.0 
71.0 42.0 88.0 
71.0 42.0 88.0 
44.0 37.0 46.0 
44.0 37.0 46.0 
44.0 37.0 46.0 
44.0 37.0 46.0 
44.0 37.0 46.0 
44.0 37.0 46.0 
44.0 37.0 46.0 
44.0 37.0 46.0 
44.0 37.0 46.0 
44.0 37.0 46.0 
30.0 37.0 89.0 
30.0 37.0 89.0 
24.0 100.0 46.0 
24.0 100.0 46.0 
24.0 100.0 46.0 
72.0 86.0 61.0 
72.0 86.0 61.0 
72.0 86.0 61.0 
72.0 86.0 61.0 
72.0 86.0 61.0 
66.0 14.0 37.0 
66.0 14.0 37.0 
