38.0 45.0 57.0 24.0 
38.0 45.0 57.0 24.0 
38.0 45.0 57.0 24.0 
38.0 45.0 57.0 24.0 
38.0 45.0 57.0 24.0 
38.0 45.0 57.0 24.0 
38.0 45.0 57.0 24.0 
38.0 45.0 57.0 24.0 
38.0 45.0 57.0 24.0 
38.0 45.0 57.0 24.0 
38.0 45.0 57.0 24.0 
38.0 45.0 57.0 24.0 
38.0 45.0 57.0 24.0 
38.0 45.0 57.0 24.0 
38.0 45.0 57.0 24.0 
38.0 45.0 57.0 24.0 
38.0 45.0 57.0 24.0 
38.0 45.0 57.0 24.0 
38.0 45.0 57.0 24.0 
38.0 45.0 57.0 24.0 
38.0 45.0 57.0 24.0 
38.0 45.0 57.0 24.0 
38.0 45.0 57.0 24.0 
38.0 45.0 57.0 24.0 
38.0 45.0 57.0 24.0 
38.0 45.0 57.0 24.0 
38.0 45.0 57.0 24.0 
38.0 45.0 57.0 24.0 
38.0 45.0 57.0 24.0 
38.0 45.0 57.0 24.0 
38.0 45.0 57.0 24.0 
38.0 45.0 57.0 24.0 
38.0 45.0 57.0 24.0 
38.0 45.0 57.0 24.0 
38.0 45.0 57.0 24.0 
38.0 45.0 57.0 24.0 
38.0 45.0 57.0 24.0 
38.0 45.0 57.0 24.0 
38.0 45.0 57.0 24.0 
38.0 45.0 57.0 24.0 
38.0 45.0 57.0 24.0 
38.0 45.0 57.0 24.0 
38.0 45.0 57.0 24.0 
38.0 45.0 57.0 24.0 
38.0 45.0 57.0 24.0 
38.0 45.0 57.0 24.0 
38.0 45.0 57.0 24.0 
38.0 45.0 57.0 24.0 
30.0 14.0 99.0 21.0 
30.0 14.0 99.0 21.0 
30.0 14.0 99.0 21.0 
30.0 14.0 99.0 21.0 
30.0 14.0 99.0 21.0 
30.0 14.0 99.0 21.0 
30.0 14.0 99.0 21.0 
30.0 14.0 99.0 21.0 
30.0 14.0 99.0 21.0 
30.0 14.0 99.0 21.0 
30.0 14.0 99.0 21.0 
30.0 14.0 99.0 21.0 
30.0 14.0 99.0 21.0 
30.0 14.0 99.0 21.0 
30.0 14.0 99.0 21.0 
30.0 14.0 99.0 21.0 
30.0 14.0 99.0 21.0 
30.0 14.0 99.0 21.0 
30.0 14.0 99.0 21.0 
30.0 14.0 99.0 21.0 
30.0 14.0 99.0 21.0 
30.0 14.0 99.0 21.0 
30.0 14.0 99.0 21.0 
30.0 14.0 99.0 21.0 
30.0 14.0 99.0 21.0 
30.0 14.0 99.0 21.0 
30.0 14.0 99.0 21.0 
30.0 14.0 99.0 21.0 
30.0 14.0 99.0 21.0 
30.0 14.0 99.0 21.0 
30.0 14.0 99.0 21.0 
30.0 14.0 99.0 21.0 
30.0 14.0 99.0 21.0 
30.0 14.0 99.0 21.0 
78.0 60.0 19.0 27.0 
78.0 60.0 19.0 27.0 
78.0 60.0 19.0 27.0 
62.0 89.0 50.0 56.0 
62.0 89.0 50.0 56.0 
77.0 17.0 62.0 62.0 
77.0 17.0 62.0 62.0 
77.0 17.0 62.0 62.0 
77.0 17.0 62.0 62.0 
77.0 17.0 62.0 62.0 
65.0 51.0 97.0 27.0 
65.0 51.0 97.0 27.0 
65.0 51.0 97.0 27.0 
65.0 51.0 97.0 27.0 
21.0 19.0 37.0 78.0 
33.0 27.0 91.0 47.0 
27.0 14.0 78.0 56.0 
27.0 14.0 78.0 56.0 
