74.0 83.0 64.0 11.0 
74.0 83.0 64.0 11.0 
74.0 83.0 64.0 11.0 
74.0 83.0 64.0 11.0 
74.0 83.0 64.0 11.0 
74.0 83.0 64.0 11.0 
74.0 83.0 64.0 11.0 
74.0 83.0 64.0 11.0 
74.0 83.0 64.0 11.0 
74.0 83.0 64.0 11.0 
74.0 83.0 64.0 11.0 
74.0 83.0 64.0 11.0 
74.0 83.0 64.0 11.0 
74.0 83.0 64.0 11.0 
74.0 83.0 64.0 11.0 
74.0 83.0 64.0 11.0 
74.0 83.0 64.0 11.0 
74.0 83.0 64.0 11.0 
74.0 83.0 64.0 11.0 
74.0 83.0 64.0 11.0 
74.0 83.0 64.0 11.0 
74.0 83.0 64.0 11.0 
74.0 83.0 64.0 11.0 
74.0 83.0 64.0 11.0 
74.0 83.0 64.0 11.0 
74.0 83.0 64.0 11.0 
74.0 83.0 64.0 11.0 
74.0 83.0 64.0 11.0 
74.0 83.0 64.0 11.0 
74.0 83.0 64.0 11.0 
74.0 83.0 64.0 11.0 
74.0 83.0 64.0 11.0 
74.0 83.0 64.0 11.0 
74.0 83.0 64.0 11.0 
74.0 83.0 64.0 11.0 
74.0 83.0 64.0 11.0 
74.0 83.0 64.0 11.0 
74.0 83.0 64.0 11.0 
32.0 60.0 64.0 81.0 
32.0 60.0 64.0 81.0 
32.0 60.0 64.0 81.0 
32.0 60.0 64.0 81.0 
32.0 60.0 64.0 81.0 
32.0 60.0 64.0 81.0 
32.0 60.0 64.0 81.0 
32.0 60.0 64.0 81.0 
32.0 60.0 64.0 81.0 
32.0 60.0 64.0 81.0 
32.0 60.0 64.0 81.0 
32.0 60.0 64.0 81.0 
30.0 69.0 13.0 24.0 
30.0 69.0 13.0 24.0 
30.0 69.0 13.0 24.0 
30.0 69.0 13.0 24.0 
30.0 69.0 13.0 24.0 
30.0 69.0 13.0 24.0 
30.0 69.0 13.0 24.0 
30.0 69.0 13.0 24.0 
30.0 69.0 13.0 24.0 
30.0 69.0 13.0 24.0 
30.0 69.0 13.0 24.0 
30.0 69.0 13.0 24.0 
30.0 69.0 13.0 24.0 
30.0 69.0 13.0 24.0 
30.0 69.0 13.0 24.0 
30.0 69.0 13.0 24.0 
30.0 69.0 13.0 24.0 
30.0 69.0 13.0 24.0 
30.0 69.0 13.0 24.0 
30.0 69.0 13.0 24.0 
30.0 69.0 13.0 24.0 
30.0 69.0 13.0 24.0 
30.0 69.0 13.0 24.0 
30.0 69.0 13.0 24.0 
30.0 69.0 13.0 24.0 
30.0 69.0 13.0 24.0 
30.0 69.0 13.0 24.0 
30.0 69.0 13.0 24.0 
30.0 69.0 13.0 24.0 
30.0 69.0 13.0 24.0 
30.0 69.0 13.0 24.0 
30.0 69.0 13.0 24.0 
30.0 69.0 13.0 24.0 
30.0 69.0 13.0 24.0 
30.0 69.0 13.0 24.0 
30.0 69.0 13.0 24.0 
30.0 69.0 13.0 24.0 
30.0 69.0 13.0 24.0 
97.0 17.0 54.0 13.0 
97.0 17.0 54.0 13.0 
97.0 17.0 54.0 13.0 
97.0 17.0 54.0 13.0 
97.0 17.0 54.0 13.0 
97.0 17.0 54.0 13.0 
97.0 17.0 54.0 13.0 
97.0 17.0 54.0 13.0 
95.0 55.0 95.0 66.0 
93.0 16.0 15.0 79.0 
25.0 26.0 13.0 29.0 
25.0 26.0 13.0 29.0 
