57.0 75.0 29.0 
57.0 75.0 29.0 
57.0 75.0 29.0 
57.0 75.0 29.0 
57.0 75.0 29.0 
57.0 75.0 29.0 
57.0 75.0 29.0 
57.0 75.0 29.0 
57.0 75.0 29.0 
57.0 75.0 29.0 
57.0 75.0 29.0 
57.0 75.0 29.0 
57.0 75.0 29.0 
57.0 75.0 29.0 
57.0 75.0 29.0 
57.0 75.0 29.0 
57.0 75.0 29.0 
57.0 75.0 29.0 
57.0 75.0 29.0 
57.0 75.0 29.0 
57.0 75.0 29.0 
18.0 30.0 95.0 
18.0 30.0 95.0 
65.0 26.0 15.0 
65.0 26.0 15.0 
65.0 26.0 15.0 
65.0 26.0 15.0 
65.0 26.0 15.0 
65.0 26.0 15.0 
65.0 26.0 15.0 
86.0 45.0 82.0 
79.0 80.0 36.0 
79.0 80.0 36.0 
79.0 80.0 36.0 
25.0 19.0 15.0 
46.0 96.0 57.0 
93.0 89.0 26.0 
41.0 54.0 40.0 
29.0 63.0 69.0 
29.0 63.0 69.0 
