100.0 27.0 32.0 97.0 29.0 
100.0 27.0 32.0 97.0 29.0 
100.0 27.0 32.0 97.0 29.0 
100.0 27.0 32.0 97.0 29.0 
100.0 27.0 32.0 97.0 29.0 
100.0 27.0 32.0 97.0 29.0 
100.0 27.0 32.0 97.0 29.0 
100.0 27.0 32.0 97.0 29.0 
100.0 27.0 32.0 97.0 29.0 
100.0 27.0 32.0 97.0 29.0 
100.0 27.0 32.0 97.0 29.0 
100.0 27.0 32.0 97.0 29.0 
100.0 27.0 32.0 97.0 29.0 
100.0 27.0 32.0 97.0 29.0 
100.0 27.0 32.0 97.0 29.0 
100.0 27.0 32.0 97.0 29.0 
100.0 27.0 32.0 97.0 29.0 
100.0 27.0 32.0 97.0 29.0 
100.0 27.0 32.0 97.0 29.0 
100.0 27.0 32.0 97.0 29.0 
100.0 27.0 32.0 97.0 29.0 
71.0 33.0 31.0 67.0 59.0 
71.0 33.0 31.0 67.0 59.0 
71.0 33.0 31.0 67.0 59.0 
28.0 56.0 71.0 68.0 98.0 
28.0 56.0 71.0 68.0 98.0 
28.0 56.0 71.0 68.0 98.0 
14.0 94.0 63.0 70.0 37.0 
14.0 94.0 63.0 70.0 37.0 
14.0 94.0 63.0 70.0 37.0 
14.0 94.0 63.0 70.0 37.0 
14.0 94.0 63.0 70.0 37.0 
66.0 15.0 38.0 71.0 53.0 
95.0 69.0 34.0 62.0 47.0 
95.0 69.0 34.0 62.0 47.0 
47.0 67.0 79.0 77.0 34.0 
64.0 68.0 16.0 53.0 58.0 
21.0 31.0 51.0 35.0 25.0 
95.0 99.0 96.0 26.0 71.0 
95.0 99.0 96.0 26.0 71.0 
