75.0 21.0 65.0 50.0 
75.0 21.0 65.0 50.0 
75.0 21.0 65.0 50.0 
75.0 21.0 65.0 50.0 
75.0 21.0 65.0 50.0 
75.0 21.0 65.0 50.0 
75.0 21.0 65.0 50.0 
75.0 21.0 65.0 50.0 
75.0 21.0 65.0 50.0 
75.0 21.0 65.0 50.0 
75.0 21.0 65.0 50.0 
75.0 21.0 65.0 50.0 
75.0 21.0 65.0 50.0 
75.0 21.0 65.0 50.0 
75.0 21.0 65.0 50.0 
80.0 35.0 56.0 60.0 
34.0 47.0 12.0 19.0 
34.0 47.0 12.0 19.0 
34.0 47.0 12.0 19.0 
34.0 47.0 12.0 19.0 
34.0 47.0 12.0 19.0 
34.0 47.0 12.0 19.0 
34.0 47.0 12.0 19.0 
34.0 47.0 12.0 19.0 
34.0 47.0 12.0 19.0 
34.0 47.0 12.0 19.0 
34.0 47.0 12.0 19.0 
34.0 47.0 12.0 19.0 
34.0 47.0 12.0 19.0 
34.0 47.0 12.0 19.0 
28.0 99.0 63.0 78.0 
40.0 21.0 67.0 98.0 
40.0 21.0 67.0 98.0 
52.0 60.0 37.0 70.0 
52.0 60.0 37.0 70.0 
20.0 35.0 78.0 60.0 
51.0 34.0 99.0 44.0 
70.0 65.0 85.0 92.0 
63.0 68.0 42.0 15.0 
63.0 68.0 42.0 15.0 
