58.0 58.0 92.0 25.0 21.0 
58.0 58.0 92.0 25.0 21.0 
58.0 58.0 92.0 25.0 21.0 
58.0 58.0 92.0 25.0 21.0 
79.0 81.0 67.0 16.0 93.0 
79.0 81.0 67.0 16.0 93.0 
79.0 81.0 67.0 16.0 93.0 
79.0 81.0 67.0 16.0 93.0 
79.0 81.0 67.0 16.0 93.0 
79.0 81.0 67.0 16.0 93.0 
79.0 81.0 67.0 16.0 93.0 
79.0 81.0 67.0 16.0 93.0 
79.0 81.0 67.0 16.0 93.0 
79.0 81.0 67.0 16.0 93.0 
79.0 81.0 67.0 16.0 93.0 
79.0 81.0 67.0 16.0 93.0 
79.0 81.0 67.0 16.0 93.0 
79.0 81.0 67.0 16.0 93.0 
79.0 81.0 67.0 16.0 93.0 
79.0 81.0 67.0 16.0 93.0 
79.0 81.0 67.0 16.0 93.0 
79.0 81.0 67.0 16.0 93.0 
79.0 81.0 67.0 16.0 93.0 
79.0 81.0 67.0 16.0 93.0 
79.0 81.0 67.0 16.0 93.0 
79.0 81.0 67.0 16.0 93.0 
79.0 81.0 67.0 16.0 93.0 
79.0 81.0 67.0 16.0 93.0 
79.0 81.0 67.0 16.0 93.0 
79.0 81.0 67.0 16.0 93.0 
17.0 19.0 68.0 94.0 32.0 
80.0 87.0 92.0 12.0 42.0 
81.0 44.0 24.0 77.0 100.0 
81.0 44.0 24.0 77.0 100.0 
87.0 44.0 85.0 45.0 65.0 
65.0 34.0 44.0 55.0 62.0 
67.0 90.0 69.0 32.0 74.0 
11.0 85.0 26.0 77.0 17.0 
79.0 21.0 36.0 31.0 46.0 
79.0 21.0 36.0 31.0 46.0 
