68.0 59.0 37.0 42.0 
68.0 59.0 37.0 42.0 
68.0 59.0 37.0 42.0 
68.0 59.0 37.0 42.0 
68.0 59.0 37.0 42.0 
68.0 59.0 37.0 42.0 
68.0 59.0 37.0 42.0 
68.0 59.0 37.0 42.0 
68.0 59.0 37.0 42.0 
68.0 59.0 37.0 42.0 
68.0 59.0 37.0 42.0 
68.0 59.0 37.0 42.0 
68.0 59.0 37.0 42.0 
68.0 59.0 37.0 42.0 
68.0 59.0 37.0 42.0 
68.0 59.0 37.0 42.0 
68.0 59.0 37.0 42.0 
68.0 59.0 37.0 42.0 
68.0 59.0 37.0 42.0 
68.0 59.0 37.0 42.0 
68.0 59.0 37.0 42.0 
68.0 59.0 37.0 42.0 
68.0 59.0 37.0 42.0 
68.0 59.0 37.0 42.0 
68.0 59.0 37.0 42.0 
68.0 59.0 37.0 42.0 
68.0 59.0 37.0 42.0 
68.0 59.0 37.0 42.0 
62.0 53.0 31.0 25.0 
97.0 99.0 21.0 66.0 
97.0 99.0 21.0 66.0 
64.0 37.0 93.0 99.0 
64.0 37.0 93.0 99.0 
19.0 26.0 29.0 84.0 
17.0 84.0 32.0 61.0 
12.0 91.0 12.0 78.0 
19.0 37.0 28.0 27.0 
93.0 81.0 14.0 68.0 
28.0 20.0 22.0 31.0 
28.0 20.0 22.0 31.0 
