47.0 67.0 84.0 56.0 16.0 
47.0 67.0 84.0 56.0 16.0 
47.0 67.0 84.0 56.0 16.0 
47.0 67.0 84.0 56.0 16.0 
47.0 67.0 84.0 56.0 16.0 
47.0 67.0 84.0 56.0 16.0 
47.0 67.0 84.0 56.0 16.0 
47.0 67.0 84.0 56.0 16.0 
47.0 67.0 84.0 56.0 16.0 
47.0 67.0 84.0 56.0 16.0 
47.0 67.0 84.0 56.0 16.0 
47.0 67.0 84.0 56.0 16.0 
47.0 67.0 84.0 56.0 16.0 
47.0 67.0 84.0 56.0 16.0 
47.0 67.0 84.0 56.0 16.0 
47.0 67.0 84.0 56.0 16.0 
47.0 67.0 84.0 56.0 16.0 
47.0 99.0 63.0 87.0 66.0 
47.0 99.0 63.0 87.0 66.0 
47.0 99.0 63.0 87.0 66.0 
47.0 99.0 63.0 87.0 66.0 
47.0 99.0 63.0 87.0 66.0 
47.0 99.0 63.0 87.0 66.0 
47.0 99.0 63.0 87.0 66.0 
47.0 99.0 63.0 87.0 66.0 
47.0 99.0 63.0 87.0 66.0 
47.0 99.0 63.0 87.0 66.0 
47.0 99.0 63.0 87.0 66.0 
47.0 99.0 63.0 87.0 66.0 
47.0 99.0 63.0 87.0 66.0 
59.0 19.0 72.0 98.0 89.0 
12.0 84.0 68.0 60.0 69.0 
38.0 18.0 27.0 24.0 51.0 
70.0 88.0 93.0 17.0 99.0 
70.0 88.0 93.0 17.0 99.0 
67.0 49.0 35.0 40.0 82.0 
42.0 98.0 69.0 45.0 43.0 
37.0 51.0 32.0 79.0 17.0 
67.0 44.0 87.0 96.0 77.0 
67.0 44.0 87.0 96.0 77.0 
