56.0 31.0 16.0 73.0 
56.0 31.0 16.0 73.0 
56.0 31.0 16.0 73.0 
56.0 31.0 16.0 73.0 
56.0 31.0 16.0 73.0 
56.0 31.0 16.0 73.0 
56.0 31.0 16.0 73.0 
56.0 31.0 16.0 73.0 
56.0 31.0 16.0 73.0 
56.0 31.0 16.0 73.0 
56.0 31.0 16.0 73.0 
56.0 31.0 16.0 73.0 
80.0 11.0 18.0 45.0 
80.0 11.0 18.0 45.0 
80.0 11.0 18.0 45.0 
80.0 11.0 18.0 45.0 
80.0 11.0 18.0 45.0 
80.0 11.0 18.0 45.0 
91.0 64.0 16.0 51.0 
91.0 64.0 16.0 51.0 
91.0 64.0 16.0 51.0 
91.0 64.0 16.0 51.0 
91.0 64.0 16.0 51.0 
94.0 39.0 65.0 27.0 
94.0 39.0 65.0 27.0 
94.0 39.0 65.0 27.0 
48.0 14.0 96.0 44.0 
48.0 14.0 96.0 44.0 
48.0 14.0 96.0 44.0 
48.0 14.0 96.0 44.0 
50.0 66.0 96.0 48.0 
50.0 66.0 96.0 48.0 
50.0 66.0 96.0 48.0 
52.0 96.0 35.0 96.0 
52.0 96.0 35.0 96.0 
21.0 96.0 43.0 77.0 
21.0 96.0 43.0 77.0 
57.0 76.0 82.0 85.0 
33.0 48.0 32.0 30.0 
33.0 48.0 32.0 30.0 
