71.0 22.0 36.0 
71.0 22.0 36.0 
13.0 33.0 65.0 
13.0 33.0 65.0 
13.0 33.0 65.0 
13.0 33.0 65.0 
13.0 33.0 65.0 
13.0 33.0 65.0 
13.0 33.0 65.0 
13.0 33.0 65.0 
13.0 33.0 65.0 
13.0 33.0 65.0 
13.0 33.0 65.0 
13.0 33.0 65.0 
13.0 33.0 65.0 
13.0 33.0 65.0 
13.0 33.0 65.0 
13.0 33.0 65.0 
13.0 33.0 65.0 
13.0 33.0 65.0 
13.0 33.0 65.0 
13.0 33.0 65.0 
13.0 33.0 65.0 
13.0 33.0 65.0 
30.0 12.0 77.0 
30.0 12.0 77.0 
30.0 12.0 77.0 
11.0 37.0 36.0 
11.0 37.0 36.0 
11.0 37.0 36.0 
11.0 37.0 36.0 
84.0 22.0 70.0 
84.0 22.0 70.0 
84.0 22.0 70.0 
69.0 19.0 70.0 
73.0 51.0 57.0 
99.0 39.0 90.0 
65.0 61.0 82.0 
95.0 70.0 89.0 
95.0 70.0 89.0 
