35.0 88.0 33.0 
35.0 88.0 33.0 
35.0 88.0 33.0 
35.0 88.0 33.0 
21.0 81.0 72.0 
21.0 81.0 72.0 
21.0 81.0 72.0 
21.0 81.0 72.0 
21.0 81.0 72.0 
21.0 81.0 72.0 
21.0 81.0 72.0 
21.0 81.0 72.0 
21.0 81.0 72.0 
21.0 81.0 72.0 
21.0 81.0 72.0 
21.0 81.0 72.0 
21.0 81.0 72.0 
21.0 81.0 72.0 
21.0 81.0 72.0 
21.0 81.0 72.0 
21.0 81.0 72.0 
21.0 81.0 72.0 
21.0 81.0 72.0 
21.0 81.0 72.0 
21.0 81.0 72.0 
21.0 81.0 72.0 
62.0 36.0 44.0 
62.0 36.0 44.0 
62.0 36.0 44.0 
62.0 36.0 44.0 
38.0 42.0 88.0 
19.0 85.0 19.0 
19.0 85.0 19.0 
28.0 92.0 39.0 
28.0 92.0 39.0 
70.0 56.0 43.0 
67.0 35.0 67.0 
81.0 75.0 97.0 
91.0 60.0 90.0 
91.0 60.0 90.0 
