77.0 61.0 68.0 
77.0 61.0 68.0 
77.0 61.0 68.0 
77.0 61.0 68.0 
77.0 61.0 68.0 
77.0 61.0 68.0 
77.0 61.0 68.0 
77.0 61.0 68.0 
77.0 61.0 68.0 
77.0 61.0 68.0 
77.0 61.0 68.0 
77.0 61.0 68.0 
77.0 61.0 68.0 
77.0 61.0 68.0 
77.0 61.0 68.0 
77.0 61.0 68.0 
14.0 14.0 92.0 
14.0 14.0 92.0 
14.0 14.0 92.0 
14.0 14.0 92.0 
14.0 14.0 92.0 
14.0 14.0 92.0 
14.0 14.0 92.0 
14.0 14.0 92.0 
14.0 14.0 92.0 
14.0 14.0 92.0 
14.0 14.0 92.0 
14.0 14.0 92.0 
14.0 14.0 92.0 
14.0 14.0 92.0 
14.0 14.0 92.0 
51.0 22.0 82.0 
14.0 86.0 48.0 
34.0 84.0 48.0 
90.0 92.0 93.0 
40.0 33.0 67.0 
63.0 97.0 99.0 
32.0 64.0 58.0 
55.0 92.0 89.0 
55.0 92.0 89.0 
