30.0 47.0 52.0 93.0 82.0 
30.0 47.0 52.0 93.0 82.0 
30.0 47.0 52.0 93.0 82.0 
30.0 47.0 52.0 93.0 82.0 
30.0 47.0 52.0 93.0 82.0 
30.0 47.0 52.0 93.0 82.0 
30.0 47.0 52.0 93.0 82.0 
30.0 47.0 52.0 93.0 82.0 
30.0 47.0 52.0 93.0 82.0 
30.0 47.0 52.0 93.0 82.0 
30.0 47.0 52.0 93.0 82.0 
30.0 47.0 52.0 93.0 82.0 
30.0 47.0 52.0 93.0 82.0 
30.0 47.0 52.0 93.0 82.0 
30.0 47.0 52.0 93.0 82.0 
30.0 47.0 52.0 93.0 82.0 
30.0 47.0 52.0 93.0 82.0 
30.0 47.0 52.0 93.0 82.0 
30.0 47.0 52.0 93.0 82.0 
30.0 47.0 52.0 93.0 82.0 
30.0 47.0 52.0 93.0 82.0 
30.0 47.0 52.0 93.0 82.0 
30.0 47.0 52.0 93.0 82.0 
30.0 47.0 52.0 93.0 82.0 
30.0 47.0 52.0 93.0 82.0 
30.0 47.0 52.0 93.0 82.0 
30.0 47.0 52.0 93.0 82.0 
30.0 47.0 52.0 93.0 82.0 
69.0 68.0 14.0 76.0 71.0 
41.0 11.0 41.0 94.0 17.0 
41.0 11.0 41.0 94.0 17.0 
41.0 11.0 41.0 94.0 17.0 
74.0 23.0 84.0 15.0 30.0 
87.0 48.0 69.0 65.0 29.0 
76.0 99.0 56.0 69.0 63.0 
51.0 37.0 94.0 69.0 14.0 
11.0 24.0 85.0 13.0 28.0 
11.0 32.0 64.0 46.0 47.0 
21.0 36.0 81.0 92.0 84.0 
21.0 36.0 81.0 92.0 84.0 
