28.0 79.0 50.0 46.0 
28.0 79.0 50.0 46.0 
28.0 79.0 50.0 46.0 
28.0 79.0 50.0 46.0 
28.0 79.0 50.0 46.0 
28.0 79.0 50.0 46.0 
28.0 79.0 50.0 46.0 
28.0 79.0 50.0 46.0 
28.0 79.0 50.0 46.0 
28.0 79.0 50.0 46.0 
28.0 79.0 50.0 46.0 
28.0 79.0 50.0 46.0 
28.0 79.0 50.0 46.0 
28.0 79.0 50.0 46.0 
28.0 79.0 50.0 46.0 
28.0 79.0 50.0 46.0 
28.0 79.0 50.0 46.0 
28.0 79.0 50.0 46.0 
28.0 79.0 50.0 46.0 
28.0 79.0 50.0 46.0 
28.0 79.0 50.0 46.0 
28.0 79.0 50.0 46.0 
28.0 79.0 50.0 46.0 
28.0 79.0 50.0 46.0 
28.0 79.0 50.0 46.0 
28.0 79.0 50.0 46.0 
28.0 79.0 50.0 46.0 
28.0 79.0 50.0 46.0 
100.0 73.0 35.0 77.0 
100.0 73.0 35.0 77.0 
62.0 74.0 71.0 52.0 
62.0 74.0 71.0 52.0 
89.0 60.0 72.0 75.0 
85.0 54.0 33.0 61.0 
17.0 33.0 39.0 23.0 
55.0 54.0 37.0 14.0 
67.0 29.0 37.0 21.0 
74.0 81.0 35.0 25.0 
30.0 49.0 88.0 61.0 
30.0 49.0 88.0 61.0 
