83.0 64.0 63.0 11.0 30.0 
83.0 64.0 63.0 11.0 30.0 
83.0 64.0 63.0 11.0 30.0 
83.0 64.0 63.0 11.0 30.0 
83.0 64.0 63.0 11.0 30.0 
83.0 64.0 63.0 11.0 30.0 
83.0 64.0 63.0 11.0 30.0 
83.0 64.0 63.0 11.0 30.0 
83.0 64.0 63.0 11.0 30.0 
83.0 64.0 63.0 11.0 30.0 
83.0 64.0 63.0 11.0 30.0 
83.0 64.0 63.0 11.0 30.0 
83.0 64.0 63.0 11.0 30.0 
83.0 64.0 63.0 11.0 30.0 
83.0 64.0 63.0 11.0 30.0 
83.0 64.0 63.0 11.0 30.0 
83.0 64.0 63.0 11.0 30.0 
50.0 34.0 42.0 51.0 100.0 
50.0 34.0 42.0 51.0 100.0 
85.0 69.0 65.0 71.0 74.0 
33.0 64.0 40.0 95.0 44.0 
33.0 64.0 40.0 95.0 44.0 
33.0 64.0 40.0 95.0 44.0 
33.0 64.0 40.0 95.0 44.0 
33.0 64.0 40.0 95.0 44.0 
33.0 64.0 40.0 95.0 44.0 
33.0 64.0 40.0 95.0 44.0 
33.0 64.0 40.0 95.0 44.0 
33.0 64.0 40.0 95.0 44.0 
33.0 64.0 40.0 95.0 44.0 
33.0 64.0 40.0 95.0 44.0 
33.0 64.0 40.0 95.0 44.0 
39.0 65.0 79.0 72.0 55.0 
54.0 84.0 60.0 11.0 96.0 
16.0 93.0 86.0 32.0 75.0 
99.0 95.0 87.0 100.0 93.0 
99.0 95.0 87.0 100.0 93.0 
55.0 18.0 76.0 23.0 80.0 
20.0 11.0 25.0 92.0 79.0 
20.0 11.0 25.0 92.0 79.0 
