84.0 16.0 75.0 39.0 
84.0 16.0 75.0 39.0 
84.0 16.0 75.0 39.0 
84.0 16.0 75.0 39.0 
84.0 16.0 75.0 39.0 
84.0 16.0 75.0 39.0 
84.0 16.0 75.0 39.0 
84.0 16.0 75.0 39.0 
39.0 82.0 85.0 51.0 
89.0 15.0 29.0 16.0 
89.0 15.0 29.0 16.0 
89.0 15.0 29.0 16.0 
89.0 15.0 29.0 16.0 
89.0 15.0 29.0 16.0 
89.0 15.0 29.0 16.0 
89.0 15.0 29.0 16.0 
83.0 90.0 15.0 54.0 
83.0 90.0 15.0 54.0 
83.0 90.0 15.0 54.0 
83.0 90.0 15.0 54.0 
83.0 90.0 15.0 54.0 
83.0 90.0 15.0 54.0 
83.0 90.0 15.0 54.0 
83.0 90.0 15.0 54.0 
83.0 90.0 15.0 54.0 
83.0 90.0 15.0 54.0 
83.0 90.0 15.0 54.0 
83.0 90.0 15.0 54.0 
81.0 66.0 100.0 92.0 
81.0 66.0 100.0 92.0 
81.0 66.0 100.0 92.0 
81.0 66.0 100.0 92.0 
95.0 53.0 15.0 54.0 
91.0 23.0 51.0 30.0 
91.0 23.0 51.0 30.0 
65.0 92.0 31.0 97.0 
65.0 92.0 31.0 97.0 
38.0 12.0 27.0 20.0 
17.0 52.0 29.0 94.0 
17.0 52.0 29.0 94.0 
