81.0 95.0 35.0 
81.0 95.0 35.0 
81.0 95.0 35.0 
81.0 95.0 35.0 
81.0 95.0 35.0 
81.0 95.0 35.0 
81.0 95.0 35.0 
81.0 95.0 35.0 
81.0 95.0 35.0 
81.0 95.0 35.0 
81.0 95.0 35.0 
81.0 95.0 35.0 
81.0 95.0 35.0 
81.0 95.0 35.0 
81.0 95.0 35.0 
81.0 95.0 35.0 
81.0 95.0 35.0 
81.0 95.0 35.0 
70.0 26.0 99.0 
70.0 26.0 99.0 
70.0 26.0 99.0 
70.0 26.0 99.0 
70.0 26.0 99.0 
70.0 26.0 99.0 
70.0 26.0 99.0 
92.0 18.0 72.0 
92.0 18.0 72.0 
64.0 38.0 70.0 
64.0 38.0 70.0 
64.0 38.0 70.0 
84.0 89.0 65.0 
84.0 89.0 65.0 
84.0 89.0 65.0 
84.0 89.0 65.0 
13.0 55.0 22.0 
48.0 70.0 30.0 
74.0 43.0 95.0 
99.0 13.0 62.0 
34.0 48.0 49.0 
34.0 48.0 49.0 
