44.0 26.0 65.0 
44.0 26.0 65.0 
44.0 26.0 65.0 
44.0 26.0 65.0 
44.0 26.0 65.0 
44.0 26.0 65.0 
44.0 26.0 65.0 
44.0 26.0 65.0 
44.0 26.0 65.0 
44.0 26.0 65.0 
44.0 26.0 65.0 
44.0 26.0 65.0 
44.0 26.0 65.0 
44.0 26.0 65.0 
44.0 26.0 65.0 
44.0 26.0 65.0 
44.0 26.0 65.0 
44.0 26.0 65.0 
44.0 26.0 65.0 
44.0 26.0 65.0 
44.0 26.0 65.0 
44.0 26.0 65.0 
44.0 26.0 65.0 
44.0 26.0 65.0 
44.0 26.0 65.0 
44.0 26.0 65.0 
44.0 26.0 65.0 
44.0 26.0 65.0 
44.0 26.0 65.0 
44.0 26.0 65.0 
44.0 26.0 65.0 
44.0 26.0 65.0 
44.0 26.0 65.0 
31.0 54.0 20.0 
87.0 70.0 18.0 
87.0 70.0 18.0 
87.0 70.0 18.0 
85.0 35.0 44.0 
85.0 35.0 44.0 
85.0 35.0 44.0 
