12.0 64.0 55.0 
12.0 64.0 55.0 
12.0 64.0 55.0 
12.0 64.0 55.0 
12.0 64.0 55.0 
12.0 64.0 55.0 
12.0 64.0 55.0 
12.0 64.0 55.0 
12.0 64.0 55.0 
12.0 64.0 55.0 
12.0 64.0 55.0 
12.0 64.0 55.0 
12.0 64.0 55.0 
12.0 64.0 55.0 
12.0 64.0 55.0 
79.0 43.0 48.0 
79.0 43.0 48.0 
79.0 43.0 48.0 
79.0 43.0 48.0 
79.0 43.0 48.0 
79.0 43.0 48.0 
79.0 43.0 48.0 
79.0 43.0 48.0 
79.0 43.0 48.0 
79.0 43.0 48.0 
79.0 43.0 48.0 
79.0 43.0 48.0 
79.0 43.0 48.0 
79.0 43.0 48.0 
26.0 48.0 31.0 
26.0 48.0 31.0 
96.0 26.0 82.0 
96.0 26.0 82.0 
96.0 26.0 82.0 
96.0 26.0 82.0 
96.0 26.0 82.0 
96.0 26.0 82.0 
96.0 26.0 82.0 
96.0 26.0 82.0 
96.0 26.0 82.0 
