77.0 77.0 47.0 23.0 64.0 
77.0 77.0 47.0 23.0 64.0 
77.0 77.0 47.0 23.0 64.0 
77.0 77.0 47.0 23.0 64.0 
77.0 77.0 47.0 23.0 64.0 
77.0 77.0 47.0 23.0 64.0 
77.0 77.0 47.0 23.0 64.0 
77.0 77.0 47.0 23.0 64.0 
77.0 77.0 47.0 23.0 64.0 
77.0 77.0 47.0 23.0 64.0 
77.0 77.0 47.0 23.0 64.0 
77.0 77.0 47.0 23.0 64.0 
77.0 77.0 47.0 23.0 64.0 
77.0 77.0 47.0 23.0 64.0 
77.0 77.0 47.0 23.0 64.0 
77.0 77.0 47.0 23.0 64.0 
77.0 77.0 47.0 23.0 64.0 
77.0 77.0 47.0 23.0 64.0 
68.0 94.0 27.0 20.0 21.0 
68.0 94.0 27.0 20.0 21.0 
68.0 94.0 27.0 20.0 21.0 
68.0 94.0 27.0 20.0 21.0 
68.0 94.0 27.0 20.0 21.0 
68.0 94.0 27.0 20.0 21.0 
68.0 94.0 27.0 20.0 21.0 
68.0 94.0 27.0 20.0 21.0 
68.0 94.0 27.0 20.0 21.0 
68.0 94.0 27.0 20.0 21.0 
68.0 94.0 27.0 20.0 21.0 
74.0 20.0 80.0 75.0 94.0 
61.0 62.0 16.0 30.0 74.0 
61.0 62.0 16.0 30.0 74.0 
61.0 62.0 16.0 30.0 74.0 
61.0 62.0 16.0 30.0 74.0 
61.0 62.0 16.0 30.0 74.0 
61.0 62.0 16.0 30.0 74.0 
61.0 62.0 16.0 30.0 74.0 
61.0 62.0 16.0 30.0 74.0 
61.0 62.0 16.0 30.0 74.0 
61.0 62.0 16.0 30.0 74.0 
