54.0 64.0 29.0 60.0 98.0 
54.0 64.0 29.0 60.0 98.0 
54.0 64.0 29.0 60.0 98.0 
54.0 64.0 29.0 60.0 98.0 
54.0 64.0 29.0 60.0 98.0 
54.0 64.0 29.0 60.0 98.0 
54.0 64.0 29.0 60.0 98.0 
54.0 64.0 29.0 60.0 98.0 
54.0 64.0 29.0 60.0 98.0 
54.0 64.0 29.0 60.0 98.0 
54.0 64.0 29.0 60.0 98.0 
54.0 64.0 29.0 60.0 98.0 
54.0 64.0 29.0 60.0 98.0 
54.0 64.0 29.0 60.0 98.0 
54.0 64.0 29.0 60.0 98.0 
54.0 64.0 29.0 60.0 98.0 
54.0 64.0 29.0 60.0 98.0 
54.0 64.0 29.0 60.0 98.0 
54.0 64.0 29.0 60.0 98.0 
54.0 64.0 29.0 60.0 98.0 
54.0 64.0 29.0 60.0 98.0 
54.0 64.0 29.0 60.0 98.0 
71.0 21.0 100.0 58.0 21.0 
71.0 21.0 100.0 58.0 21.0 
71.0 21.0 100.0 58.0 21.0 
71.0 21.0 100.0 58.0 21.0 
71.0 21.0 100.0 58.0 21.0 
71.0 21.0 100.0 58.0 21.0 
71.0 21.0 100.0 58.0 21.0 
49.0 67.0 25.0 44.0 64.0 
49.0 67.0 25.0 44.0 64.0 
49.0 67.0 25.0 44.0 64.0 
49.0 67.0 25.0 44.0 64.0 
23.0 73.0 100.0 53.0 91.0 
23.0 73.0 100.0 53.0 91.0 
23.0 73.0 100.0 53.0 91.0 
23.0 73.0 100.0 53.0 91.0 
23.0 73.0 100.0 53.0 91.0 
23.0 73.0 100.0 53.0 91.0 
23.0 73.0 100.0 53.0 91.0 
