23.0 89.0 20.0 54.0 
23.0 89.0 20.0 54.0 
23.0 89.0 20.0 54.0 
23.0 89.0 20.0 54.0 
23.0 89.0 20.0 54.0 
23.0 89.0 20.0 54.0 
23.0 89.0 20.0 54.0 
23.0 89.0 20.0 54.0 
23.0 89.0 20.0 54.0 
23.0 89.0 20.0 54.0 
23.0 89.0 20.0 54.0 
23.0 89.0 20.0 54.0 
23.0 89.0 20.0 54.0 
23.0 89.0 20.0 54.0 
23.0 89.0 20.0 54.0 
23.0 89.0 20.0 54.0 
23.0 89.0 20.0 54.0 
23.0 89.0 20.0 54.0 
23.0 89.0 20.0 54.0 
23.0 89.0 20.0 54.0 
23.0 89.0 20.0 54.0 
23.0 89.0 20.0 54.0 
23.0 89.0 20.0 54.0 
23.0 89.0 20.0 54.0 
90.0 72.0 56.0 57.0 
90.0 72.0 56.0 57.0 
90.0 72.0 56.0 57.0 
90.0 72.0 56.0 57.0 
90.0 72.0 56.0 57.0 
90.0 72.0 56.0 57.0 
90.0 72.0 56.0 57.0 
90.0 72.0 56.0 57.0 
90.0 72.0 56.0 57.0 
90.0 72.0 56.0 57.0 
85.0 52.0 49.0 43.0 
85.0 52.0 49.0 43.0 
85.0 52.0 49.0 43.0 
12.0 79.0 28.0 48.0 
12.0 79.0 28.0 48.0 
12.0 79.0 28.0 48.0 
