78.0 67.0 19.0 
78.0 67.0 19.0 
78.0 67.0 19.0 
78.0 67.0 19.0 
78.0 67.0 19.0 
78.0 67.0 19.0 
78.0 67.0 19.0 
78.0 67.0 19.0 
78.0 67.0 19.0 
78.0 67.0 19.0 
78.0 67.0 19.0 
78.0 67.0 19.0 
78.0 67.0 19.0 
78.0 67.0 19.0 
78.0 67.0 19.0 
78.0 67.0 19.0 
78.0 67.0 19.0 
78.0 67.0 19.0 
78.0 67.0 19.0 
78.0 67.0 19.0 
78.0 67.0 19.0 
78.0 67.0 19.0 
78.0 67.0 19.0 
78.0 67.0 19.0 
78.0 67.0 19.0 
78.0 67.0 19.0 
78.0 67.0 19.0 
78.0 67.0 19.0 
78.0 67.0 19.0 
78.0 67.0 19.0 
78.0 67.0 19.0 
57.0 69.0 63.0 
61.0 21.0 42.0 
61.0 21.0 42.0 
61.0 21.0 42.0 
61.0 21.0 42.0 
73.0 80.0 45.0 
73.0 80.0 45.0 
73.0 80.0 45.0 
73.0 80.0 45.0 
