83.0 45.0 38.0 74.0 
83.0 45.0 38.0 74.0 
83.0 45.0 38.0 74.0 
83.0 45.0 38.0 74.0 
83.0 45.0 38.0 74.0 
83.0 45.0 38.0 74.0 
83.0 45.0 38.0 74.0 
83.0 45.0 38.0 74.0 
83.0 45.0 38.0 74.0 
83.0 45.0 38.0 74.0 
83.0 45.0 38.0 74.0 
83.0 45.0 38.0 74.0 
33.0 59.0 37.0 95.0 
33.0 59.0 37.0 95.0 
33.0 59.0 37.0 95.0 
33.0 59.0 37.0 95.0 
33.0 59.0 37.0 95.0 
33.0 59.0 37.0 95.0 
33.0 59.0 37.0 95.0 
33.0 59.0 37.0 95.0 
33.0 59.0 37.0 95.0 
22.0 12.0 30.0 18.0 
58.0 51.0 44.0 36.0 
58.0 51.0 44.0 36.0 
58.0 51.0 44.0 36.0 
58.0 51.0 44.0 36.0 
58.0 51.0 44.0 36.0 
58.0 51.0 44.0 36.0 
58.0 51.0 44.0 36.0 
58.0 51.0 44.0 36.0 
58.0 51.0 44.0 36.0 
58.0 51.0 44.0 36.0 
58.0 51.0 44.0 36.0 
58.0 51.0 44.0 36.0 
58.0 51.0 44.0 36.0 
58.0 51.0 44.0 36.0 
58.0 51.0 44.0 36.0 
58.0 51.0 44.0 36.0 
58.0 51.0 44.0 36.0 
58.0 51.0 44.0 36.0 
