22.0 91.0 71.0 
22.0 91.0 71.0 
22.0 91.0 71.0 
22.0 91.0 71.0 
18.0 99.0 73.0 
18.0 99.0 73.0 
18.0 99.0 73.0 
18.0 99.0 73.0 
18.0 99.0 73.0 
18.0 99.0 73.0 
18.0 99.0 73.0 
18.0 99.0 73.0 
18.0 99.0 73.0 
18.0 99.0 73.0 
18.0 99.0 73.0 
18.0 99.0 73.0 
18.0 99.0 73.0 
18.0 99.0 73.0 
18.0 99.0 73.0 
18.0 99.0 73.0 
18.0 99.0 73.0 
18.0 99.0 73.0 
18.0 99.0 73.0 
18.0 99.0 73.0 
18.0 99.0 73.0 
18.0 99.0 73.0 
18.0 99.0 73.0 
47.0 12.0 51.0 
47.0 12.0 51.0 
47.0 12.0 51.0 
67.0 58.0 55.0 
67.0 58.0 55.0 
67.0 58.0 55.0 
67.0 58.0 55.0 
67.0 58.0 55.0 
67.0 58.0 55.0 
67.0 58.0 55.0 
67.0 58.0 55.0 
67.0 58.0 55.0 
67.0 58.0 55.0 
