31.0 80.0 98.0 97.0 
31.0 80.0 98.0 97.0 
31.0 80.0 98.0 97.0 
31.0 80.0 98.0 97.0 
31.0 80.0 98.0 97.0 
31.0 80.0 98.0 97.0 
31.0 80.0 98.0 97.0 
31.0 80.0 98.0 97.0 
31.0 80.0 98.0 97.0 
86.0 62.0 58.0 97.0 
86.0 62.0 58.0 97.0 
86.0 62.0 58.0 97.0 
86.0 62.0 58.0 97.0 
86.0 62.0 58.0 97.0 
86.0 62.0 58.0 97.0 
86.0 62.0 58.0 97.0 
86.0 62.0 58.0 97.0 
86.0 62.0 58.0 97.0 
86.0 62.0 58.0 97.0 
86.0 62.0 58.0 97.0 
86.0 62.0 58.0 97.0 
79.0 57.0 16.0 17.0 
79.0 57.0 16.0 17.0 
79.0 57.0 16.0 17.0 
79.0 57.0 16.0 17.0 
79.0 57.0 16.0 17.0 
69.0 62.0 54.0 62.0 
69.0 62.0 54.0 62.0 
69.0 62.0 54.0 62.0 
69.0 62.0 54.0 62.0 
69.0 62.0 54.0 62.0 
69.0 62.0 54.0 62.0 
69.0 62.0 54.0 62.0 
69.0 62.0 54.0 62.0 
69.0 62.0 54.0 62.0 
69.0 62.0 54.0 62.0 
69.0 62.0 54.0 62.0 
69.0 62.0 54.0 62.0 
69.0 62.0 54.0 62.0 
69.0 62.0 54.0 62.0 
