65.0 21.0 69.0 27.0 29.0 
65.0 21.0 69.0 27.0 29.0 
65.0 21.0 69.0 27.0 29.0 
65.0 21.0 69.0 27.0 29.0 
65.0 21.0 69.0 27.0 29.0 
65.0 21.0 69.0 27.0 29.0 
65.0 21.0 69.0 27.0 29.0 
65.0 21.0 69.0 27.0 29.0 
61.0 71.0 55.0 12.0 19.0 
61.0 71.0 55.0 12.0 19.0 
61.0 71.0 55.0 12.0 19.0 
61.0 71.0 55.0 12.0 19.0 
61.0 71.0 55.0 12.0 19.0 
61.0 71.0 55.0 12.0 19.0 
61.0 71.0 55.0 12.0 19.0 
61.0 71.0 55.0 12.0 19.0 
61.0 71.0 55.0 12.0 19.0 
61.0 71.0 55.0 12.0 19.0 
61.0 71.0 55.0 12.0 19.0 
61.0 71.0 55.0 12.0 19.0 
61.0 71.0 55.0 12.0 19.0 
61.0 71.0 55.0 12.0 19.0 
61.0 71.0 55.0 12.0 19.0 
61.0 71.0 55.0 12.0 19.0 
61.0 71.0 55.0 12.0 19.0 
61.0 71.0 55.0 12.0 19.0 
61.0 71.0 55.0 12.0 19.0 
61.0 71.0 55.0 12.0 19.0 
61.0 71.0 55.0 12.0 19.0 
61.0 71.0 55.0 12.0 19.0 
61.0 71.0 55.0 12.0 19.0 
61.0 71.0 55.0 12.0 19.0 
61.0 71.0 55.0 12.0 19.0 
61.0 71.0 55.0 12.0 19.0 
61.0 71.0 55.0 12.0 19.0 
61.0 71.0 55.0 12.0 19.0 
61.0 71.0 55.0 12.0 19.0 
90.0 17.0 70.0 70.0 86.0 
100.0 29.0 65.0 100.0 52.0 
100.0 29.0 65.0 100.0 52.0 
