38.0 33.0 18.0 78.0 51.0 
38.0 33.0 18.0 78.0 51.0 
38.0 33.0 18.0 78.0 51.0 
38.0 33.0 18.0 78.0 51.0 
38.0 33.0 18.0 78.0 51.0 
38.0 33.0 18.0 78.0 51.0 
38.0 33.0 18.0 78.0 51.0 
38.0 33.0 18.0 78.0 51.0 
38.0 33.0 18.0 78.0 51.0 
38.0 33.0 18.0 78.0 51.0 
38.0 33.0 18.0 78.0 51.0 
38.0 33.0 18.0 78.0 51.0 
38.0 33.0 18.0 78.0 51.0 
38.0 33.0 18.0 78.0 51.0 
38.0 33.0 18.0 78.0 51.0 
38.0 33.0 18.0 78.0 51.0 
38.0 33.0 18.0 78.0 51.0 
38.0 33.0 18.0 78.0 51.0 
38.0 33.0 18.0 78.0 51.0 
71.0 60.0 98.0 34.0 14.0 
71.0 60.0 98.0 34.0 14.0 
71.0 60.0 98.0 34.0 14.0 
71.0 60.0 98.0 34.0 14.0 
71.0 60.0 98.0 34.0 14.0 
71.0 60.0 98.0 34.0 14.0 
71.0 60.0 98.0 34.0 14.0 
71.0 60.0 98.0 34.0 14.0 
71.0 60.0 98.0 34.0 14.0 
98.0 64.0 45.0 19.0 19.0 
98.0 64.0 45.0 19.0 19.0 
98.0 64.0 45.0 19.0 19.0 
98.0 64.0 45.0 19.0 19.0 
98.0 64.0 45.0 19.0 19.0 
98.0 64.0 45.0 19.0 19.0 
98.0 64.0 45.0 19.0 19.0 
98.0 64.0 45.0 19.0 19.0 
91.0 79.0 44.0 82.0 83.0 
91.0 79.0 44.0 82.0 83.0 
91.0 79.0 44.0 82.0 83.0 
91.0 79.0 44.0 82.0 83.0 
