12.0 63.0 51.0 26.0 84.0 
12.0 63.0 51.0 26.0 84.0 
12.0 63.0 51.0 26.0 84.0 
70.0 29.0 70.0 46.0 27.0 
70.0 29.0 70.0 46.0 27.0 
70.0 29.0 70.0 46.0 27.0 
70.0 29.0 70.0 46.0 27.0 
70.0 29.0 70.0 46.0 27.0 
70.0 29.0 70.0 46.0 27.0 
70.0 29.0 70.0 46.0 27.0 
70.0 29.0 70.0 46.0 27.0 
70.0 29.0 70.0 46.0 27.0 
70.0 29.0 70.0 46.0 27.0 
70.0 29.0 70.0 46.0 27.0 
70.0 29.0 70.0 46.0 27.0 
70.0 29.0 70.0 46.0 27.0 
70.0 29.0 70.0 46.0 27.0 
70.0 29.0 70.0 46.0 27.0 
70.0 29.0 70.0 46.0 27.0 
70.0 29.0 70.0 46.0 27.0 
70.0 29.0 70.0 46.0 27.0 
70.0 29.0 70.0 46.0 27.0 
70.0 29.0 70.0 46.0 27.0 
70.0 29.0 70.0 46.0 27.0 
70.0 29.0 70.0 46.0 27.0 
70.0 29.0 70.0 46.0 27.0 
70.0 29.0 70.0 46.0 27.0 
70.0 29.0 70.0 46.0 27.0 
70.0 29.0 70.0 46.0 27.0 
70.0 29.0 70.0 46.0 27.0 
70.0 29.0 70.0 46.0 27.0 
70.0 29.0 70.0 46.0 27.0 
37.0 38.0 22.0 65.0 36.0 
37.0 38.0 22.0 65.0 36.0 
100.0 32.0 44.0 90.0 39.0 
100.0 32.0 44.0 90.0 39.0 
100.0 32.0 44.0 90.0 39.0 
100.0 32.0 44.0 90.0 39.0 
100.0 32.0 44.0 90.0 39.0 
100.0 32.0 44.0 90.0 39.0 
