26.0 62.0 83.0 75.0 
26.0 62.0 83.0 75.0 
26.0 62.0 83.0 75.0 
26.0 62.0 83.0 75.0 
26.0 62.0 83.0 75.0 
26.0 62.0 83.0 75.0 
26.0 62.0 83.0 75.0 
26.0 62.0 83.0 75.0 
26.0 62.0 83.0 75.0 
26.0 62.0 83.0 75.0 
26.0 62.0 83.0 75.0 
26.0 62.0 83.0 75.0 
62.0 84.0 89.0 87.0 
62.0 84.0 89.0 87.0 
62.0 84.0 89.0 87.0 
62.0 84.0 89.0 87.0 
62.0 84.0 89.0 87.0 
62.0 84.0 89.0 87.0 
62.0 84.0 89.0 87.0 
62.0 84.0 89.0 87.0 
62.0 84.0 89.0 87.0 
62.0 84.0 89.0 87.0 
62.0 84.0 89.0 87.0 
62.0 84.0 89.0 87.0 
62.0 84.0 89.0 87.0 
62.0 84.0 89.0 87.0 
62.0 84.0 89.0 87.0 
62.0 84.0 89.0 87.0 
62.0 84.0 89.0 87.0 
40.0 44.0 20.0 17.0 
40.0 44.0 20.0 17.0 
40.0 44.0 20.0 17.0 
52.0 59.0 30.0 78.0 
52.0 59.0 30.0 78.0 
52.0 59.0 30.0 78.0 
52.0 59.0 30.0 78.0 
52.0 59.0 30.0 78.0 
52.0 59.0 30.0 78.0 
52.0 59.0 30.0 78.0 
52.0 59.0 30.0 78.0 
