20.0 71.0 34.0 
20.0 71.0 34.0 
20.0 71.0 34.0 
20.0 71.0 34.0 
20.0 71.0 34.0 
20.0 71.0 34.0 
20.0 71.0 34.0 
20.0 71.0 34.0 
20.0 71.0 34.0 
20.0 71.0 34.0 
20.0 71.0 34.0 
20.0 71.0 34.0 
20.0 71.0 34.0 
20.0 71.0 34.0 
20.0 71.0 34.0 
20.0 71.0 34.0 
20.0 71.0 34.0 
32.0 99.0 42.0 
32.0 99.0 42.0 
32.0 99.0 42.0 
32.0 99.0 42.0 
32.0 99.0 42.0 
32.0 99.0 42.0 
32.0 99.0 42.0 
32.0 99.0 42.0 
32.0 99.0 42.0 
32.0 99.0 42.0 
32.0 99.0 42.0 
32.0 99.0 42.0 
32.0 99.0 42.0 
32.0 99.0 42.0 
32.0 99.0 42.0 
32.0 99.0 42.0 
44.0 18.0 97.0 
44.0 18.0 97.0 
28.0 94.0 87.0 
28.0 94.0 87.0 
28.0 94.0 87.0 
28.0 94.0 87.0 
28.0 94.0 87.0 
