66.0 64.0 24.0 27.0 
66.0 64.0 24.0 27.0 
66.0 64.0 24.0 27.0 
66.0 64.0 24.0 27.0 
66.0 64.0 24.0 27.0 
66.0 64.0 24.0 27.0 
66.0 64.0 24.0 27.0 
66.0 64.0 24.0 27.0 
66.0 64.0 24.0 27.0 
66.0 64.0 24.0 27.0 
66.0 64.0 24.0 27.0 
66.0 64.0 24.0 27.0 
66.0 64.0 24.0 27.0 
66.0 64.0 24.0 27.0 
66.0 64.0 24.0 27.0 
66.0 64.0 24.0 27.0 
66.0 64.0 24.0 27.0 
66.0 64.0 24.0 27.0 
66.0 64.0 24.0 27.0 
66.0 64.0 24.0 27.0 
66.0 64.0 24.0 27.0 
66.0 64.0 24.0 27.0 
66.0 64.0 24.0 27.0 
66.0 64.0 24.0 27.0 
66.0 64.0 24.0 27.0 
66.0 64.0 24.0 27.0 
66.0 64.0 24.0 27.0 
66.0 64.0 24.0 27.0 
66.0 64.0 24.0 27.0 
66.0 64.0 24.0 27.0 
66.0 64.0 24.0 27.0 
14.0 81.0 74.0 84.0 
14.0 81.0 74.0 84.0 
14.0 81.0 74.0 84.0 
14.0 81.0 74.0 84.0 
14.0 81.0 74.0 84.0 
14.0 81.0 74.0 84.0 
84.0 31.0 62.0 51.0 
92.0 60.0 77.0 54.0 
92.0 60.0 77.0 54.0 
