64.0 42.0 68.0 39.0 
64.0 42.0 68.0 39.0 
64.0 42.0 68.0 39.0 
64.0 42.0 68.0 39.0 
64.0 42.0 68.0 39.0 
64.0 42.0 68.0 39.0 
64.0 42.0 68.0 39.0 
64.0 42.0 68.0 39.0 
64.0 42.0 68.0 39.0 
75.0 84.0 60.0 92.0 
75.0 84.0 60.0 92.0 
75.0 84.0 60.0 92.0 
75.0 84.0 60.0 92.0 
75.0 84.0 60.0 92.0 
75.0 84.0 60.0 92.0 
75.0 84.0 60.0 92.0 
75.0 84.0 60.0 92.0 
75.0 84.0 60.0 92.0 
75.0 84.0 60.0 92.0 
75.0 84.0 60.0 92.0 
75.0 84.0 60.0 92.0 
75.0 84.0 60.0 92.0 
75.0 84.0 60.0 92.0 
75.0 84.0 60.0 92.0 
75.0 84.0 60.0 92.0 
75.0 84.0 60.0 92.0 
75.0 84.0 60.0 92.0 
75.0 84.0 60.0 92.0 
45.0 18.0 40.0 25.0 
45.0 18.0 40.0 25.0 
45.0 18.0 40.0 25.0 
45.0 18.0 40.0 25.0 
45.0 18.0 40.0 25.0 
45.0 18.0 40.0 25.0 
45.0 18.0 40.0 25.0 
45.0 18.0 40.0 25.0 
45.0 18.0 40.0 25.0 
38.0 84.0 95.0 59.0 
52.0 77.0 68.0 82.0 
52.0 77.0 68.0 82.0 
