97.0 17.0 42.0 
97.0 17.0 42.0 
97.0 17.0 42.0 
97.0 17.0 42.0 
97.0 17.0 42.0 
97.0 17.0 42.0 
26.0 19.0 26.0 
26.0 19.0 26.0 
26.0 19.0 26.0 
26.0 19.0 26.0 
26.0 19.0 26.0 
47.0 96.0 47.0 
96.0 61.0 52.0 
96.0 61.0 52.0 
96.0 61.0 52.0 
96.0 61.0 52.0 
68.0 44.0 11.0 
68.0 44.0 11.0 
68.0 44.0 11.0 
68.0 44.0 11.0 
68.0 44.0 11.0 
68.0 44.0 11.0 
68.0 44.0 11.0 
68.0 44.0 11.0 
68.0 44.0 11.0 
68.0 44.0 11.0 
68.0 44.0 11.0 
68.0 44.0 11.0 
68.0 44.0 11.0 
68.0 44.0 11.0 
68.0 44.0 11.0 
68.0 44.0 11.0 
68.0 44.0 11.0 
68.0 44.0 11.0 
68.0 44.0 11.0 
68.0 44.0 11.0 
68.0 44.0 11.0 
68.0 44.0 11.0 
68.0 44.0 11.0 
68.0 44.0 11.0 
