53.0 40.0 34.0 94.0 
53.0 40.0 34.0 94.0 
53.0 40.0 34.0 94.0 
53.0 40.0 34.0 94.0 
53.0 40.0 34.0 94.0 
39.0 42.0 13.0 99.0 
39.0 42.0 13.0 99.0 
39.0 42.0 13.0 99.0 
39.0 42.0 13.0 99.0 
39.0 42.0 13.0 99.0 
39.0 42.0 13.0 99.0 
39.0 42.0 13.0 99.0 
39.0 42.0 13.0 99.0 
39.0 42.0 13.0 99.0 
39.0 42.0 13.0 99.0 
39.0 42.0 13.0 99.0 
39.0 42.0 13.0 99.0 
39.0 42.0 13.0 99.0 
39.0 42.0 13.0 99.0 
39.0 42.0 13.0 99.0 
39.0 42.0 13.0 99.0 
39.0 42.0 13.0 99.0 
39.0 42.0 13.0 99.0 
39.0 42.0 13.0 99.0 
39.0 42.0 13.0 99.0 
39.0 42.0 13.0 99.0 
39.0 42.0 13.0 99.0 
39.0 42.0 13.0 99.0 
39.0 42.0 13.0 99.0 
77.0 83.0 70.0 19.0 
77.0 83.0 70.0 19.0 
77.0 83.0 70.0 19.0 
77.0 83.0 70.0 19.0 
77.0 83.0 70.0 19.0 
77.0 83.0 70.0 19.0 
50.0 45.0 99.0 25.0 
50.0 45.0 99.0 25.0 
29.0 58.0 54.0 15.0 
29.0 58.0 54.0 15.0 
29.0 58.0 54.0 15.0 
