85.0 21.0 74.0 32.0 
85.0 21.0 74.0 32.0 
85.0 21.0 74.0 32.0 
85.0 21.0 74.0 32.0 
85.0 21.0 74.0 32.0 
85.0 21.0 74.0 32.0 
85.0 21.0 74.0 32.0 
85.0 21.0 74.0 32.0 
85.0 21.0 74.0 32.0 
85.0 21.0 74.0 32.0 
85.0 21.0 74.0 32.0 
85.0 21.0 74.0 32.0 
85.0 21.0 74.0 32.0 
85.0 21.0 74.0 32.0 
85.0 21.0 74.0 32.0 
85.0 21.0 74.0 32.0 
85.0 21.0 74.0 32.0 
85.0 21.0 74.0 32.0 
85.0 21.0 74.0 32.0 
85.0 21.0 74.0 32.0 
85.0 21.0 74.0 32.0 
85.0 21.0 74.0 32.0 
85.0 21.0 74.0 32.0 
85.0 21.0 74.0 32.0 
85.0 21.0 74.0 32.0 
85.0 21.0 74.0 32.0 
85.0 21.0 74.0 32.0 
85.0 21.0 74.0 32.0 
85.0 21.0 74.0 32.0 
85.0 21.0 74.0 32.0 
85.0 21.0 74.0 32.0 
85.0 21.0 74.0 32.0 
85.0 21.0 74.0 32.0 
49.0 46.0 17.0 51.0 
27.0 65.0 98.0 41.0 
27.0 65.0 98.0 41.0 
86.0 45.0 80.0 45.0 
86.0 45.0 80.0 45.0 
53.0 96.0 43.0 88.0 
53.0 96.0 43.0 88.0 
