68.0 76.0 23.0 85.0 36.0 
68.0 76.0 23.0 85.0 36.0 
68.0 76.0 23.0 85.0 36.0 
68.0 76.0 23.0 85.0 36.0 
68.0 76.0 23.0 85.0 36.0 
68.0 76.0 23.0 85.0 36.0 
68.0 76.0 23.0 85.0 36.0 
68.0 76.0 23.0 85.0 36.0 
68.0 76.0 23.0 85.0 36.0 
68.0 76.0 23.0 85.0 36.0 
68.0 76.0 23.0 85.0 36.0 
68.0 76.0 23.0 85.0 36.0 
68.0 76.0 23.0 85.0 36.0 
68.0 76.0 23.0 85.0 36.0 
68.0 76.0 23.0 85.0 36.0 
68.0 76.0 23.0 85.0 36.0 
68.0 76.0 23.0 85.0 36.0 
68.0 76.0 23.0 85.0 36.0 
68.0 76.0 23.0 85.0 36.0 
68.0 76.0 23.0 85.0 36.0 
68.0 76.0 23.0 85.0 36.0 
68.0 76.0 23.0 85.0 36.0 
68.0 76.0 23.0 85.0 36.0 
68.0 76.0 23.0 85.0 36.0 
68.0 76.0 23.0 85.0 36.0 
68.0 76.0 23.0 85.0 36.0 
68.0 76.0 23.0 85.0 36.0 
68.0 76.0 23.0 85.0 36.0 
86.0 51.0 40.0 79.0 36.0 
75.0 76.0 82.0 49.0 22.0 
75.0 76.0 82.0 49.0 22.0 
75.0 76.0 82.0 49.0 22.0 
75.0 76.0 82.0 49.0 22.0 
75.0 76.0 82.0 49.0 22.0 
75.0 76.0 82.0 49.0 22.0 
45.0 45.0 80.0 24.0 99.0 
45.0 45.0 80.0 24.0 99.0 
45.0 79.0 23.0 64.0 99.0 
45.0 79.0 23.0 64.0 99.0 
45.0 79.0 23.0 64.0 99.0 
