63.0 91.0 88.0 100.0 38.0 
63.0 91.0 88.0 100.0 38.0 
63.0 91.0 88.0 100.0 38.0 
63.0 91.0 88.0 100.0 38.0 
63.0 91.0 88.0 100.0 38.0 
63.0 91.0 88.0 100.0 38.0 
63.0 91.0 88.0 100.0 38.0 
63.0 91.0 88.0 100.0 38.0 
63.0 91.0 88.0 100.0 38.0 
63.0 91.0 88.0 100.0 38.0 
63.0 91.0 88.0 100.0 38.0 
35.0 41.0 53.0 89.0 84.0 
35.0 41.0 53.0 89.0 84.0 
35.0 41.0 53.0 89.0 84.0 
35.0 41.0 53.0 89.0 84.0 
35.0 41.0 53.0 89.0 84.0 
35.0 41.0 53.0 89.0 84.0 
35.0 41.0 53.0 89.0 84.0 
35.0 41.0 53.0 89.0 84.0 
56.0 33.0 36.0 11.0 33.0 
56.0 33.0 36.0 11.0 33.0 
56.0 33.0 36.0 11.0 33.0 
56.0 33.0 36.0 11.0 33.0 
56.0 33.0 36.0 11.0 33.0 
56.0 33.0 36.0 11.0 33.0 
56.0 33.0 36.0 11.0 33.0 
56.0 33.0 36.0 11.0 33.0 
56.0 33.0 36.0 11.0 33.0 
56.0 33.0 36.0 11.0 33.0 
100.0 75.0 37.0 71.0 16.0 
100.0 75.0 37.0 71.0 16.0 
100.0 75.0 37.0 71.0 16.0 
46.0 59.0 73.0 99.0 77.0 
46.0 59.0 73.0 99.0 77.0 
46.0 59.0 73.0 99.0 77.0 
46.0 59.0 73.0 99.0 77.0 
46.0 59.0 73.0 99.0 77.0 
46.0 59.0 73.0 99.0 77.0 
46.0 59.0 73.0 99.0 77.0 
46.0 59.0 73.0 99.0 77.0 
