41.0 98.0 41.0 
41.0 98.0 41.0 
41.0 98.0 41.0 
41.0 98.0 41.0 
41.0 98.0 41.0 
41.0 98.0 41.0 
41.0 98.0 41.0 
41.0 98.0 41.0 
41.0 98.0 41.0 
41.0 98.0 41.0 
41.0 98.0 41.0 
41.0 98.0 41.0 
41.0 98.0 41.0 
41.0 98.0 41.0 
41.0 98.0 41.0 
41.0 98.0 41.0 
41.0 98.0 41.0 
41.0 98.0 41.0 
41.0 98.0 41.0 
62.0 100.0 65.0 
62.0 100.0 65.0 
62.0 100.0 65.0 
62.0 100.0 65.0 
62.0 100.0 65.0 
62.0 100.0 65.0 
62.0 100.0 65.0 
62.0 100.0 65.0 
62.0 100.0 65.0 
62.0 100.0 65.0 
62.0 100.0 65.0 
62.0 100.0 65.0 
62.0 100.0 65.0 
73.0 64.0 71.0 
35.0 60.0 45.0 
35.0 60.0 45.0 
35.0 60.0 45.0 
35.0 60.0 45.0 
35.0 60.0 45.0 
85.0 32.0 51.0 
85.0 32.0 51.0 
