74.0 51.0 16.0 28.0 
74.0 51.0 16.0 28.0 
74.0 51.0 16.0 28.0 
74.0 51.0 16.0 28.0 
74.0 51.0 16.0 28.0 
74.0 51.0 16.0 28.0 
74.0 51.0 16.0 28.0 
74.0 51.0 16.0 28.0 
74.0 51.0 16.0 28.0 
74.0 51.0 16.0 28.0 
74.0 51.0 16.0 28.0 
74.0 51.0 16.0 28.0 
74.0 51.0 16.0 28.0 
74.0 51.0 16.0 28.0 
74.0 51.0 16.0 28.0 
74.0 51.0 16.0 28.0 
74.0 51.0 16.0 28.0 
57.0 22.0 93.0 51.0 
57.0 22.0 93.0 51.0 
57.0 22.0 93.0 51.0 
57.0 22.0 93.0 51.0 
57.0 22.0 93.0 51.0 
57.0 22.0 93.0 51.0 
57.0 22.0 93.0 51.0 
57.0 22.0 93.0 51.0 
57.0 22.0 93.0 51.0 
57.0 22.0 93.0 51.0 
57.0 22.0 93.0 51.0 
57.0 22.0 93.0 51.0 
57.0 22.0 93.0 51.0 
57.0 22.0 93.0 51.0 
57.0 22.0 93.0 51.0 
21.0 17.0 39.0 20.0 
21.0 17.0 39.0 20.0 
21.0 17.0 39.0 20.0 
21.0 17.0 39.0 20.0 
21.0 17.0 39.0 20.0 
90.0 73.0 25.0 65.0 
29.0 77.0 89.0 57.0 
29.0 77.0 89.0 57.0 
