53.0 41.0 99.0 62.0 15.0 
53.0 41.0 99.0 62.0 15.0 
53.0 41.0 99.0 62.0 15.0 
53.0 41.0 99.0 62.0 15.0 
53.0 41.0 99.0 62.0 15.0 
53.0 41.0 99.0 62.0 15.0 
53.0 41.0 99.0 62.0 15.0 
53.0 41.0 99.0 62.0 15.0 
53.0 41.0 99.0 62.0 15.0 
53.0 41.0 99.0 62.0 15.0 
53.0 41.0 99.0 62.0 15.0 
53.0 41.0 99.0 62.0 15.0 
53.0 41.0 99.0 62.0 15.0 
53.0 41.0 99.0 62.0 15.0 
53.0 41.0 99.0 62.0 15.0 
53.0 41.0 99.0 62.0 15.0 
53.0 41.0 99.0 62.0 15.0 
53.0 41.0 99.0 62.0 15.0 
53.0 41.0 99.0 62.0 15.0 
53.0 41.0 99.0 62.0 15.0 
53.0 41.0 99.0 62.0 15.0 
53.0 41.0 99.0 62.0 15.0 
53.0 41.0 99.0 62.0 15.0 
53.0 41.0 99.0 62.0 15.0 
53.0 41.0 99.0 62.0 15.0 
53.0 41.0 99.0 62.0 15.0 
53.0 41.0 99.0 62.0 15.0 
53.0 41.0 99.0 62.0 15.0 
53.0 41.0 99.0 62.0 15.0 
53.0 41.0 99.0 62.0 15.0 
53.0 41.0 99.0 62.0 15.0 
53.0 41.0 99.0 62.0 15.0 
53.0 41.0 99.0 62.0 15.0 
53.0 41.0 99.0 62.0 15.0 
53.0 41.0 99.0 62.0 15.0 
86.0 64.0 41.0 81.0 18.0 
38.0 76.0 68.0 83.0 76.0 
57.0 96.0 62.0 91.0 32.0 
13.0 47.0 67.0 81.0 34.0 
13.0 47.0 67.0 81.0 34.0 
