50.0 93.0 98.0 77.0 36.0 
50.0 93.0 98.0 77.0 36.0 
50.0 93.0 98.0 77.0 36.0 
50.0 93.0 98.0 77.0 36.0 
50.0 93.0 98.0 77.0 36.0 
50.0 93.0 98.0 77.0 36.0 
50.0 93.0 98.0 77.0 36.0 
50.0 93.0 98.0 77.0 36.0 
50.0 93.0 98.0 77.0 36.0 
50.0 93.0 98.0 77.0 36.0 
50.0 93.0 98.0 77.0 36.0 
50.0 93.0 98.0 77.0 36.0 
50.0 93.0 98.0 77.0 36.0 
50.0 93.0 98.0 77.0 36.0 
50.0 93.0 98.0 77.0 36.0 
50.0 93.0 98.0 77.0 36.0 
50.0 93.0 98.0 77.0 36.0 
50.0 93.0 98.0 77.0 36.0 
50.0 93.0 98.0 77.0 36.0 
50.0 93.0 98.0 77.0 36.0 
50.0 93.0 98.0 77.0 36.0 
50.0 93.0 98.0 77.0 36.0 
50.0 93.0 98.0 77.0 36.0 
50.0 93.0 98.0 77.0 36.0 
50.0 93.0 98.0 77.0 36.0 
50.0 93.0 98.0 77.0 36.0 
50.0 93.0 98.0 77.0 36.0 
50.0 93.0 98.0 77.0 36.0 
50.0 93.0 98.0 77.0 36.0 
50.0 93.0 98.0 77.0 36.0 
50.0 93.0 98.0 77.0 36.0 
50.0 93.0 98.0 77.0 36.0 
50.0 93.0 98.0 77.0 36.0 
87.0 45.0 34.0 67.0 51.0 
99.0 58.0 39.0 28.0 52.0 
38.0 95.0 48.0 75.0 71.0 
38.0 95.0 48.0 75.0 71.0 
38.0 95.0 48.0 75.0 71.0 
56.0 72.0 91.0 14.0 24.0 
56.0 72.0 91.0 14.0 24.0 
