95.0 91.0 87.0 71.0 59.0 
95.0 91.0 87.0 71.0 59.0 
95.0 91.0 87.0 71.0 59.0 
95.0 91.0 87.0 71.0 59.0 
95.0 91.0 87.0 71.0 59.0 
95.0 91.0 87.0 71.0 59.0 
95.0 91.0 87.0 71.0 59.0 
95.0 91.0 87.0 71.0 59.0 
95.0 91.0 87.0 71.0 59.0 
95.0 91.0 87.0 71.0 59.0 
95.0 91.0 87.0 71.0 59.0 
95.0 91.0 87.0 71.0 59.0 
95.0 91.0 87.0 71.0 59.0 
95.0 91.0 87.0 71.0 59.0 
95.0 91.0 87.0 71.0 59.0 
95.0 91.0 87.0 71.0 59.0 
95.0 91.0 87.0 71.0 59.0 
95.0 91.0 87.0 71.0 59.0 
95.0 91.0 87.0 71.0 59.0 
95.0 91.0 87.0 71.0 59.0 
95.0 91.0 87.0 71.0 59.0 
95.0 91.0 87.0 71.0 59.0 
95.0 91.0 87.0 71.0 59.0 
95.0 91.0 87.0 71.0 59.0 
95.0 91.0 87.0 71.0 59.0 
95.0 91.0 87.0 71.0 59.0 
95.0 91.0 87.0 71.0 59.0 
95.0 91.0 87.0 71.0 59.0 
95.0 91.0 87.0 71.0 59.0 
95.0 91.0 87.0 71.0 59.0 
95.0 91.0 87.0 71.0 59.0 
95.0 91.0 87.0 71.0 59.0 
95.0 91.0 87.0 71.0 59.0 
95.0 91.0 87.0 71.0 59.0 
52.0 27.0 34.0 46.0 84.0 
24.0 78.0 36.0 82.0 80.0 
45.0 88.0 61.0 96.0 55.0 
45.0 88.0 61.0 96.0 55.0 
99.0 95.0 77.0 31.0 65.0 
99.0 95.0 77.0 31.0 65.0 
