27.0 77.0 30.0 81.0 
27.0 77.0 30.0 81.0 
27.0 77.0 30.0 81.0 
27.0 77.0 30.0 81.0 
27.0 77.0 30.0 81.0 
27.0 77.0 30.0 81.0 
27.0 77.0 30.0 81.0 
27.0 77.0 30.0 81.0 
27.0 77.0 30.0 81.0 
27.0 77.0 30.0 81.0 
27.0 77.0 30.0 81.0 
27.0 77.0 30.0 81.0 
27.0 77.0 30.0 81.0 
27.0 77.0 30.0 81.0 
27.0 77.0 30.0 81.0 
27.0 77.0 30.0 81.0 
22.0 20.0 42.0 92.0 
22.0 20.0 42.0 92.0 
22.0 20.0 42.0 92.0 
22.0 20.0 42.0 92.0 
22.0 20.0 42.0 92.0 
22.0 20.0 42.0 92.0 
22.0 20.0 42.0 92.0 
22.0 20.0 42.0 92.0 
14.0 62.0 40.0 53.0 
17.0 97.0 16.0 43.0 
17.0 97.0 16.0 43.0 
39.0 91.0 38.0 90.0 
39.0 91.0 38.0 90.0 
39.0 91.0 38.0 90.0 
39.0 91.0 38.0 90.0 
39.0 91.0 38.0 90.0 
39.0 91.0 38.0 90.0 
39.0 91.0 38.0 90.0 
39.0 91.0 38.0 90.0 
39.0 91.0 38.0 90.0 
39.0 91.0 38.0 90.0 
39.0 91.0 38.0 90.0 
39.0 91.0 38.0 90.0 
39.0 91.0 38.0 90.0 
