52.0 87.0 97.0 
52.0 87.0 97.0 
52.0 87.0 97.0 
52.0 87.0 97.0 
52.0 96.0 94.0 
52.0 96.0 94.0 
52.0 96.0 94.0 
52.0 96.0 94.0 
52.0 96.0 94.0 
52.0 96.0 94.0 
52.0 96.0 94.0 
52.0 96.0 94.0 
52.0 96.0 94.0 
52.0 96.0 94.0 
52.0 96.0 94.0 
52.0 96.0 94.0 
52.0 96.0 94.0 
52.0 96.0 94.0 
52.0 96.0 94.0 
52.0 96.0 94.0 
52.0 96.0 94.0 
52.0 96.0 94.0 
52.0 96.0 94.0 
62.0 15.0 19.0 
62.0 15.0 19.0 
62.0 15.0 19.0 
62.0 15.0 19.0 
62.0 15.0 19.0 
62.0 15.0 19.0 
62.0 15.0 19.0 
62.0 15.0 19.0 
62.0 15.0 19.0 
62.0 15.0 19.0 
62.0 15.0 19.0 
62.0 15.0 19.0 
48.0 39.0 13.0 
82.0 72.0 33.0 
82.0 72.0 33.0 
82.0 72.0 33.0 
82.0 72.0 33.0 
