81.0 76.0 18.0 
81.0 76.0 18.0 
81.0 76.0 18.0 
81.0 76.0 18.0 
81.0 76.0 18.0 
81.0 76.0 18.0 
81.0 76.0 18.0 
81.0 76.0 18.0 
81.0 76.0 18.0 
81.0 76.0 18.0 
81.0 76.0 18.0 
81.0 76.0 18.0 
81.0 76.0 18.0 
81.0 76.0 18.0 
81.0 76.0 18.0 
81.0 76.0 18.0 
81.0 76.0 18.0 
81.0 76.0 18.0 
81.0 76.0 18.0 
81.0 76.0 18.0 
81.0 76.0 18.0 
29.0 52.0 11.0 
29.0 52.0 11.0 
29.0 52.0 11.0 
29.0 52.0 11.0 
29.0 52.0 11.0 
29.0 52.0 11.0 
43.0 48.0 27.0 
43.0 48.0 27.0 
43.0 48.0 27.0 
43.0 48.0 27.0 
43.0 48.0 27.0 
43.0 48.0 27.0 
43.0 48.0 27.0 
43.0 48.0 27.0 
70.0 79.0 16.0 
70.0 79.0 16.0 
89.0 16.0 68.0 
89.0 16.0 68.0 
89.0 16.0 68.0 
