23.0 51.0 46.0 
23.0 51.0 46.0 
23.0 51.0 46.0 
23.0 51.0 46.0 
23.0 51.0 46.0 
23.0 51.0 46.0 
23.0 51.0 46.0 
23.0 51.0 46.0 
23.0 51.0 46.0 
23.0 51.0 46.0 
23.0 51.0 46.0 
23.0 51.0 46.0 
23.0 51.0 46.0 
23.0 51.0 46.0 
23.0 51.0 46.0 
23.0 51.0 46.0 
23.0 51.0 46.0 
23.0 51.0 46.0 
23.0 51.0 46.0 
23.0 51.0 46.0 
23.0 51.0 46.0 
83.0 81.0 90.0 
83.0 81.0 90.0 
83.0 81.0 90.0 
83.0 81.0 90.0 
83.0 81.0 90.0 
83.0 81.0 90.0 
83.0 81.0 90.0 
83.0 81.0 90.0 
83.0 81.0 90.0 
83.0 81.0 90.0 
75.0 69.0 37.0 
75.0 69.0 37.0 
75.0 69.0 37.0 
75.0 69.0 37.0 
75.0 69.0 37.0 
75.0 69.0 37.0 
30.0 21.0 44.0 
23.0 58.0 79.0 
23.0 58.0 79.0 
