13.0 48.0 64.0 
13.0 48.0 64.0 
13.0 48.0 64.0 
13.0 48.0 64.0 
13.0 48.0 64.0 
13.0 48.0 64.0 
13.0 48.0 64.0 
13.0 48.0 64.0 
13.0 48.0 64.0 
13.0 48.0 64.0 
13.0 48.0 64.0 
13.0 48.0 64.0 
13.0 48.0 64.0 
13.0 48.0 64.0 
13.0 48.0 64.0 
13.0 48.0 64.0 
13.0 48.0 64.0 
13.0 48.0 64.0 
13.0 48.0 64.0 
13.0 48.0 64.0 
13.0 48.0 64.0 
13.0 48.0 64.0 
13.0 48.0 64.0 
79.0 14.0 96.0 
79.0 14.0 96.0 
79.0 14.0 96.0 
79.0 14.0 96.0 
85.0 20.0 32.0 
85.0 20.0 32.0 
85.0 20.0 32.0 
85.0 20.0 32.0 
85.0 20.0 32.0 
71.0 67.0 29.0 
71.0 67.0 29.0 
71.0 67.0 29.0 
71.0 67.0 29.0 
68.0 51.0 19.0 
68.0 51.0 19.0 
79.0 74.0 58.0 
79.0 74.0 58.0 
