62.0 59.0 55.0 59.0 
62.0 59.0 55.0 59.0 
62.0 59.0 55.0 59.0 
62.0 59.0 55.0 59.0 
62.0 59.0 55.0 59.0 
62.0 59.0 55.0 59.0 
62.0 59.0 55.0 59.0 
62.0 59.0 55.0 59.0 
62.0 59.0 55.0 59.0 
62.0 59.0 55.0 59.0 
66.0 96.0 86.0 54.0 
66.0 96.0 86.0 54.0 
66.0 96.0 86.0 54.0 
66.0 96.0 86.0 54.0 
66.0 96.0 86.0 54.0 
66.0 96.0 86.0 54.0 
66.0 96.0 86.0 54.0 
66.0 96.0 86.0 54.0 
66.0 96.0 86.0 54.0 
66.0 96.0 86.0 54.0 
66.0 96.0 86.0 54.0 
66.0 96.0 86.0 54.0 
66.0 96.0 86.0 54.0 
66.0 96.0 86.0 54.0 
66.0 96.0 86.0 54.0 
56.0 69.0 81.0 83.0 
56.0 69.0 81.0 83.0 
34.0 41.0 32.0 18.0 
34.0 41.0 32.0 18.0 
34.0 41.0 32.0 18.0 
34.0 41.0 32.0 18.0 
34.0 41.0 32.0 18.0 
34.0 41.0 32.0 18.0 
34.0 41.0 32.0 18.0 
34.0 41.0 32.0 18.0 
34.0 41.0 32.0 18.0 
34.0 41.0 32.0 18.0 
57.0 42.0 87.0 24.0 
14.0 70.0 22.0 85.0 
14.0 70.0 22.0 85.0 
