89.0 82.0 58.0 76.0 
89.0 82.0 58.0 76.0 
89.0 82.0 58.0 76.0 
89.0 82.0 58.0 76.0 
89.0 82.0 58.0 76.0 
89.0 82.0 58.0 76.0 
89.0 82.0 58.0 76.0 
89.0 82.0 58.0 76.0 
89.0 82.0 58.0 76.0 
89.0 82.0 58.0 76.0 
89.0 82.0 58.0 76.0 
54.0 97.0 99.0 64.0 
54.0 97.0 99.0 64.0 
54.0 97.0 99.0 64.0 
54.0 97.0 99.0 64.0 
54.0 97.0 99.0 64.0 
54.0 97.0 99.0 64.0 
54.0 97.0 99.0 64.0 
54.0 97.0 99.0 64.0 
54.0 97.0 99.0 64.0 
54.0 97.0 99.0 64.0 
54.0 97.0 99.0 64.0 
54.0 97.0 99.0 64.0 
54.0 97.0 99.0 64.0 
54.0 97.0 99.0 64.0 
54.0 97.0 99.0 64.0 
54.0 97.0 99.0 64.0 
54.0 97.0 99.0 64.0 
54.0 97.0 99.0 64.0 
54.0 97.0 99.0 64.0 
54.0 97.0 99.0 64.0 
54.0 97.0 99.0 64.0 
17.0 42.0 69.0 18.0 
17.0 42.0 69.0 18.0 
17.0 42.0 69.0 18.0 
17.0 42.0 69.0 18.0 
97.0 85.0 46.0 94.0 
34.0 80.0 100.0 13.0 
79.0 46.0 30.0 80.0 
79.0 46.0 30.0 80.0 
