36.0 22.0 68.0 26.0 36.0 
36.0 22.0 68.0 26.0 36.0 
36.0 22.0 68.0 26.0 36.0 
36.0 22.0 68.0 26.0 36.0 
36.0 22.0 68.0 26.0 36.0 
36.0 22.0 68.0 26.0 36.0 
36.0 22.0 68.0 26.0 36.0 
36.0 22.0 68.0 26.0 36.0 
36.0 22.0 68.0 26.0 36.0 
36.0 22.0 68.0 26.0 36.0 
36.0 22.0 68.0 26.0 36.0 
75.0 50.0 68.0 49.0 17.0 
55.0 65.0 47.0 32.0 45.0 
55.0 65.0 47.0 32.0 45.0 
55.0 65.0 47.0 32.0 45.0 
55.0 65.0 47.0 32.0 45.0 
43.0 29.0 86.0 91.0 20.0 
43.0 29.0 86.0 91.0 20.0 
43.0 29.0 86.0 91.0 20.0 
43.0 29.0 86.0 91.0 20.0 
43.0 29.0 86.0 91.0 20.0 
43.0 29.0 86.0 91.0 20.0 
43.0 29.0 86.0 91.0 20.0 
43.0 29.0 86.0 91.0 20.0 
43.0 29.0 86.0 91.0 20.0 
56.0 46.0 52.0 67.0 14.0 
56.0 46.0 52.0 67.0 14.0 
56.0 46.0 52.0 67.0 14.0 
56.0 46.0 52.0 67.0 14.0 
56.0 46.0 52.0 67.0 14.0 
56.0 46.0 52.0 67.0 14.0 
56.0 46.0 52.0 67.0 14.0 
33.0 56.0 74.0 12.0 64.0 
33.0 56.0 74.0 12.0 64.0 
33.0 56.0 74.0 12.0 64.0 
33.0 56.0 74.0 12.0 64.0 
33.0 56.0 74.0 12.0 64.0 
33.0 56.0 74.0 12.0 64.0 
33.0 56.0 74.0 12.0 64.0 
33.0 56.0 74.0 12.0 64.0 
