92.0 31.0 97.0 33.0 91.0 
92.0 31.0 97.0 33.0 91.0 
92.0 31.0 97.0 33.0 91.0 
92.0 31.0 97.0 33.0 91.0 
92.0 31.0 97.0 33.0 91.0 
92.0 31.0 97.0 33.0 91.0 
90.0 39.0 23.0 90.0 25.0 
90.0 39.0 23.0 90.0 25.0 
90.0 39.0 23.0 90.0 25.0 
90.0 39.0 23.0 90.0 25.0 
90.0 39.0 23.0 90.0 25.0 
90.0 39.0 23.0 90.0 25.0 
90.0 39.0 23.0 90.0 25.0 
90.0 39.0 23.0 90.0 25.0 
90.0 39.0 23.0 90.0 25.0 
90.0 39.0 23.0 90.0 25.0 
90.0 39.0 23.0 90.0 25.0 
90.0 39.0 23.0 90.0 25.0 
90.0 39.0 23.0 90.0 25.0 
90.0 39.0 23.0 90.0 25.0 
90.0 39.0 23.0 90.0 25.0 
90.0 39.0 23.0 90.0 25.0 
90.0 39.0 23.0 90.0 25.0 
90.0 39.0 23.0 90.0 25.0 
90.0 39.0 23.0 90.0 25.0 
11.0 12.0 62.0 68.0 80.0 
11.0 12.0 62.0 68.0 80.0 
11.0 12.0 62.0 68.0 80.0 
11.0 12.0 62.0 68.0 80.0 
11.0 12.0 62.0 68.0 80.0 
11.0 12.0 62.0 68.0 80.0 
11.0 12.0 62.0 68.0 80.0 
11.0 12.0 62.0 68.0 80.0 
11.0 12.0 62.0 68.0 80.0 
11.0 12.0 62.0 68.0 80.0 
11.0 12.0 62.0 68.0 80.0 
47.0 41.0 69.0 87.0 89.0 
34.0 66.0 84.0 76.0 97.0 
15.0 88.0 41.0 50.0 53.0 
15.0 88.0 41.0 50.0 53.0 
