75.0 27.0 14.0 
75.0 27.0 14.0 
75.0 27.0 14.0 
75.0 27.0 14.0 
75.0 27.0 14.0 
75.0 27.0 14.0 
75.0 27.0 14.0 
75.0 27.0 14.0 
75.0 27.0 14.0 
75.0 27.0 14.0 
75.0 27.0 14.0 
75.0 27.0 14.0 
75.0 27.0 14.0 
76.0 56.0 39.0 
76.0 56.0 39.0 
76.0 56.0 39.0 
76.0 56.0 39.0 
76.0 56.0 39.0 
76.0 56.0 39.0 
76.0 56.0 39.0 
76.0 56.0 39.0 
76.0 56.0 39.0 
76.0 56.0 39.0 
11.0 98.0 100.0 
11.0 98.0 100.0 
11.0 98.0 100.0 
11.0 98.0 100.0 
11.0 98.0 100.0 
11.0 98.0 100.0 
11.0 98.0 100.0 
11.0 98.0 100.0 
11.0 98.0 100.0 
11.0 98.0 100.0 
11.0 98.0 100.0 
38.0 43.0 12.0 
38.0 43.0 12.0 
97.0 66.0 80.0 
97.0 66.0 80.0 
54.0 40.0 95.0 
54.0 40.0 95.0 
