61.0 100.0 84.0 11.0 69.0 
61.0 100.0 84.0 11.0 69.0 
70.0 94.0 13.0 45.0 29.0 
70.0 94.0 13.0 45.0 29.0 
70.0 94.0 13.0 45.0 29.0 
70.0 94.0 13.0 45.0 29.0 
26.0 29.0 20.0 34.0 11.0 
26.0 29.0 20.0 34.0 11.0 
26.0 29.0 20.0 34.0 11.0 
26.0 29.0 20.0 34.0 11.0 
26.0 29.0 20.0 34.0 11.0 
26.0 29.0 20.0 34.0 11.0 
26.0 29.0 20.0 34.0 11.0 
26.0 29.0 20.0 34.0 11.0 
26.0 29.0 20.0 34.0 11.0 
26.0 29.0 20.0 34.0 11.0 
26.0 29.0 20.0 34.0 11.0 
26.0 29.0 20.0 34.0 11.0 
26.0 29.0 20.0 34.0 11.0 
26.0 29.0 20.0 34.0 11.0 
26.0 29.0 20.0 34.0 11.0 
26.0 29.0 20.0 34.0 11.0 
26.0 29.0 20.0 34.0 11.0 
26.0 29.0 20.0 34.0 11.0 
26.0 29.0 20.0 34.0 11.0 
26.0 29.0 20.0 34.0 11.0 
26.0 29.0 20.0 34.0 11.0 
26.0 29.0 20.0 34.0 11.0 
16.0 84.0 55.0 75.0 37.0 
16.0 84.0 55.0 75.0 37.0 
16.0 84.0 55.0 75.0 37.0 
16.0 84.0 55.0 75.0 37.0 
16.0 84.0 55.0 75.0 37.0 
65.0 43.0 85.0 87.0 59.0 
65.0 43.0 85.0 87.0 59.0 
65.0 43.0 85.0 87.0 59.0 
65.0 43.0 85.0 87.0 59.0 
65.0 43.0 85.0 87.0 59.0 
54.0 55.0 65.0 68.0 29.0 
54.0 55.0 65.0 68.0 29.0 
