90.0 29.0 12.0 38.0 
90.0 29.0 12.0 38.0 
90.0 29.0 12.0 38.0 
90.0 29.0 12.0 38.0 
78.0 61.0 64.0 87.0 
78.0 61.0 64.0 87.0 
78.0 61.0 64.0 87.0 
78.0 61.0 64.0 87.0 
78.0 61.0 64.0 87.0 
78.0 61.0 64.0 87.0 
78.0 61.0 64.0 87.0 
78.0 61.0 64.0 87.0 
78.0 61.0 64.0 87.0 
78.0 61.0 64.0 87.0 
78.0 61.0 64.0 87.0 
78.0 61.0 64.0 87.0 
78.0 61.0 64.0 87.0 
78.0 61.0 64.0 87.0 
78.0 61.0 64.0 87.0 
78.0 61.0 64.0 87.0 
78.0 61.0 64.0 87.0 
78.0 61.0 64.0 87.0 
78.0 61.0 64.0 87.0 
78.0 61.0 64.0 87.0 
78.0 61.0 64.0 87.0 
78.0 61.0 64.0 87.0 
78.0 61.0 64.0 87.0 
78.0 61.0 64.0 87.0 
78.0 61.0 64.0 87.0 
91.0 40.0 37.0 39.0 
91.0 40.0 37.0 39.0 
91.0 40.0 37.0 39.0 
91.0 40.0 37.0 39.0 
91.0 40.0 37.0 39.0 
25.0 65.0 55.0 93.0 
25.0 65.0 55.0 93.0 
98.0 78.0 63.0 48.0 
98.0 78.0 63.0 48.0 
97.0 95.0 85.0 13.0 
97.0 95.0 85.0 13.0 
