94.0 30.0 92.0 91.0 63.0 
94.0 30.0 92.0 91.0 63.0 
94.0 30.0 92.0 91.0 63.0 
33.0 17.0 93.0 100.0 12.0 
33.0 17.0 93.0 100.0 12.0 
33.0 17.0 93.0 100.0 12.0 
33.0 17.0 93.0 100.0 12.0 
33.0 17.0 93.0 100.0 12.0 
33.0 17.0 93.0 100.0 12.0 
33.0 17.0 93.0 100.0 12.0 
33.0 17.0 93.0 100.0 12.0 
33.0 17.0 93.0 100.0 12.0 
33.0 17.0 93.0 100.0 12.0 
33.0 17.0 93.0 100.0 12.0 
33.0 17.0 93.0 100.0 12.0 
33.0 17.0 93.0 100.0 12.0 
33.0 17.0 93.0 100.0 12.0 
33.0 17.0 93.0 100.0 12.0 
33.0 17.0 93.0 100.0 12.0 
33.0 17.0 93.0 100.0 12.0 
33.0 17.0 93.0 100.0 12.0 
33.0 17.0 93.0 100.0 12.0 
33.0 17.0 93.0 100.0 12.0 
33.0 17.0 93.0 100.0 12.0 
33.0 17.0 93.0 100.0 12.0 
33.0 17.0 93.0 100.0 12.0 
33.0 17.0 93.0 100.0 12.0 
33.0 17.0 93.0 100.0 12.0 
14.0 83.0 26.0 14.0 63.0 
14.0 83.0 26.0 14.0 63.0 
14.0 83.0 26.0 14.0 63.0 
14.0 83.0 26.0 14.0 63.0 
14.0 83.0 26.0 14.0 63.0 
14.0 83.0 26.0 14.0 63.0 
14.0 83.0 26.0 14.0 63.0 
14.0 83.0 26.0 14.0 63.0 
52.0 32.0 64.0 32.0 79.0 
35.0 35.0 54.0 23.0 25.0 
43.0 100.0 24.0 39.0 48.0 
43.0 100.0 24.0 39.0 48.0 
