70.0 54.0 78.0 
70.0 54.0 78.0 
70.0 54.0 78.0 
75.0 65.0 22.0 
75.0 65.0 22.0 
75.0 65.0 22.0 
75.0 65.0 22.0 
75.0 65.0 22.0 
75.0 65.0 22.0 
75.0 65.0 22.0 
75.0 65.0 22.0 
75.0 65.0 22.0 
75.0 65.0 22.0 
75.0 65.0 22.0 
75.0 65.0 22.0 
75.0 65.0 22.0 
75.0 65.0 22.0 
75.0 65.0 22.0 
75.0 65.0 22.0 
75.0 65.0 22.0 
75.0 65.0 22.0 
75.0 65.0 22.0 
75.0 65.0 22.0 
75.0 65.0 22.0 
75.0 65.0 22.0 
75.0 65.0 22.0 
75.0 65.0 22.0 
75.0 65.0 22.0 
75.0 65.0 22.0 
75.0 65.0 22.0 
75.0 65.0 22.0 
75.0 65.0 22.0 
75.0 65.0 22.0 
55.0 59.0 45.0 
55.0 59.0 45.0 
55.0 59.0 45.0 
20.0 57.0 58.0 
15.0 42.0 41.0 
39.0 90.0 26.0 
39.0 90.0 26.0 
