90.0 27.0 36.0 91.0 64.0 
90.0 27.0 36.0 91.0 64.0 
90.0 27.0 36.0 91.0 64.0 
90.0 27.0 36.0 91.0 64.0 
90.0 27.0 36.0 91.0 64.0 
90.0 27.0 36.0 91.0 64.0 
90.0 27.0 36.0 91.0 64.0 
90.0 27.0 36.0 91.0 64.0 
90.0 27.0 36.0 91.0 64.0 
90.0 27.0 36.0 91.0 64.0 
90.0 27.0 36.0 91.0 64.0 
69.0 43.0 83.0 18.0 100.0 
69.0 43.0 83.0 18.0 100.0 
69.0 43.0 83.0 18.0 100.0 
69.0 43.0 83.0 18.0 100.0 
69.0 43.0 83.0 18.0 100.0 
69.0 43.0 83.0 18.0 100.0 
69.0 43.0 83.0 18.0 100.0 
69.0 43.0 83.0 18.0 100.0 
69.0 43.0 83.0 18.0 100.0 
69.0 43.0 83.0 18.0 100.0 
69.0 43.0 83.0 18.0 100.0 
69.0 43.0 83.0 18.0 100.0 
69.0 43.0 83.0 18.0 100.0 
69.0 43.0 83.0 18.0 100.0 
69.0 43.0 83.0 18.0 100.0 
69.0 43.0 83.0 18.0 100.0 
69.0 43.0 83.0 18.0 100.0 
69.0 43.0 83.0 18.0 100.0 
69.0 43.0 83.0 18.0 100.0 
69.0 43.0 83.0 18.0 100.0 
69.0 43.0 83.0 18.0 100.0 
70.0 46.0 61.0 78.0 61.0 
70.0 46.0 61.0 78.0 61.0 
70.0 46.0 61.0 78.0 61.0 
87.0 80.0 77.0 92.0 31.0 
45.0 75.0 44.0 79.0 95.0 
45.0 75.0 44.0 79.0 95.0 
46.0 48.0 33.0 15.0 11.0 
46.0 48.0 33.0 15.0 11.0 
