35.0 91.0 95.0 
35.0 91.0 95.0 
35.0 91.0 95.0 
35.0 91.0 95.0 
35.0 91.0 95.0 
35.0 91.0 95.0 
35.0 91.0 95.0 
35.0 91.0 95.0 
35.0 91.0 95.0 
35.0 91.0 95.0 
35.0 91.0 95.0 
35.0 91.0 95.0 
35.0 91.0 95.0 
35.0 91.0 95.0 
35.0 91.0 95.0 
35.0 91.0 95.0 
35.0 91.0 95.0 
35.0 91.0 95.0 
35.0 91.0 95.0 
35.0 91.0 95.0 
35.0 91.0 95.0 
35.0 91.0 95.0 
35.0 91.0 95.0 
35.0 91.0 95.0 
35.0 91.0 95.0 
35.0 91.0 95.0 
35.0 91.0 95.0 
35.0 91.0 95.0 
35.0 91.0 95.0 
31.0 20.0 42.0 
31.0 20.0 42.0 
31.0 20.0 42.0 
31.0 20.0 42.0 
47.0 58.0 20.0 
47.0 58.0 20.0 
47.0 58.0 20.0 
58.0 70.0 15.0 
24.0 67.0 88.0 
15.0 30.0 37.0 
15.0 30.0 37.0 
