45.0 26.0 56.0 
45.0 26.0 56.0 
45.0 26.0 56.0 
45.0 26.0 56.0 
45.0 26.0 56.0 
45.0 26.0 56.0 
45.0 26.0 56.0 
45.0 26.0 56.0 
45.0 26.0 56.0 
45.0 26.0 56.0 
45.0 26.0 56.0 
45.0 26.0 56.0 
45.0 26.0 56.0 
45.0 26.0 56.0 
45.0 26.0 56.0 
45.0 26.0 56.0 
45.0 26.0 56.0 
45.0 26.0 56.0 
45.0 26.0 56.0 
45.0 26.0 56.0 
45.0 26.0 56.0 
45.0 26.0 56.0 
45.0 26.0 56.0 
45.0 26.0 56.0 
45.0 26.0 56.0 
45.0 26.0 56.0 
45.0 26.0 56.0 
45.0 26.0 56.0 
45.0 26.0 56.0 
45.0 26.0 56.0 
45.0 26.0 56.0 
91.0 58.0 54.0 
91.0 58.0 54.0 
91.0 58.0 54.0 
91.0 58.0 54.0 
53.0 34.0 27.0 
14.0 22.0 98.0 
92.0 50.0 90.0 
38.0 15.0 17.0 
38.0 15.0 17.0 
