11.0 33.0 15.0 86.0 
11.0 33.0 15.0 86.0 
11.0 33.0 15.0 86.0 
11.0 33.0 15.0 86.0 
11.0 33.0 15.0 86.0 
11.0 33.0 15.0 86.0 
11.0 33.0 15.0 86.0 
11.0 33.0 15.0 86.0 
11.0 33.0 15.0 86.0 
11.0 33.0 15.0 86.0 
11.0 33.0 15.0 86.0 
11.0 33.0 15.0 86.0 
11.0 33.0 15.0 86.0 
11.0 33.0 15.0 86.0 
11.0 33.0 15.0 86.0 
11.0 33.0 15.0 86.0 
11.0 33.0 15.0 86.0 
11.0 33.0 15.0 86.0 
11.0 33.0 15.0 86.0 
11.0 33.0 15.0 86.0 
11.0 33.0 15.0 86.0 
11.0 33.0 15.0 86.0 
11.0 33.0 15.0 86.0 
11.0 33.0 15.0 86.0 
11.0 33.0 15.0 86.0 
11.0 33.0 15.0 86.0 
11.0 33.0 15.0 86.0 
11.0 33.0 15.0 86.0 
11.0 33.0 15.0 86.0 
11.0 33.0 15.0 86.0 
99.0 51.0 87.0 68.0 
99.0 51.0 87.0 68.0 
99.0 51.0 87.0 68.0 
99.0 51.0 87.0 68.0 
99.0 51.0 87.0 68.0 
33.0 50.0 82.0 44.0 
63.0 86.0 58.0 31.0 
21.0 85.0 31.0 61.0 
37.0 11.0 84.0 75.0 
37.0 11.0 84.0 75.0 
