53.0 61.0 94.0 94.0 
53.0 61.0 94.0 94.0 
53.0 61.0 94.0 94.0 
53.0 61.0 94.0 94.0 
53.0 61.0 94.0 94.0 
53.0 61.0 94.0 94.0 
53.0 61.0 94.0 94.0 
53.0 61.0 94.0 94.0 
53.0 61.0 94.0 94.0 
53.0 61.0 94.0 94.0 
53.0 61.0 94.0 94.0 
53.0 61.0 94.0 94.0 
53.0 61.0 94.0 94.0 
73.0 41.0 77.0 87.0 
73.0 41.0 77.0 87.0 
73.0 41.0 77.0 87.0 
73.0 41.0 77.0 87.0 
73.0 41.0 77.0 87.0 
73.0 41.0 77.0 87.0 
73.0 41.0 77.0 87.0 
73.0 41.0 77.0 87.0 
73.0 41.0 77.0 87.0 
73.0 41.0 77.0 87.0 
73.0 41.0 77.0 87.0 
73.0 41.0 77.0 87.0 
73.0 41.0 77.0 87.0 
36.0 55.0 32.0 90.0 
36.0 55.0 32.0 90.0 
36.0 55.0 32.0 90.0 
36.0 55.0 32.0 90.0 
56.0 55.0 72.0 62.0 
56.0 55.0 72.0 62.0 
76.0 32.0 51.0 81.0 
55.0 65.0 88.0 19.0 
55.0 65.0 88.0 19.0 
55.0 65.0 88.0 19.0 
55.0 65.0 88.0 19.0 
55.0 65.0 88.0 19.0 
55.0 65.0 88.0 19.0 
55.0 65.0 88.0 19.0 
