17.0 60.0 55.0 
17.0 60.0 55.0 
17.0 60.0 55.0 
17.0 60.0 55.0 
17.0 60.0 55.0 
17.0 60.0 55.0 
17.0 60.0 55.0 
17.0 60.0 55.0 
17.0 60.0 55.0 
17.0 60.0 55.0 
17.0 60.0 55.0 
32.0 93.0 14.0 
32.0 93.0 14.0 
32.0 93.0 14.0 
32.0 93.0 14.0 
32.0 93.0 14.0 
32.0 93.0 14.0 
32.0 93.0 14.0 
32.0 93.0 14.0 
32.0 93.0 14.0 
32.0 93.0 14.0 
32.0 93.0 14.0 
32.0 93.0 14.0 
72.0 79.0 20.0 
72.0 79.0 20.0 
72.0 79.0 20.0 
72.0 79.0 20.0 
72.0 79.0 20.0 
72.0 79.0 20.0 
72.0 79.0 20.0 
15.0 77.0 84.0 
15.0 77.0 84.0 
29.0 54.0 29.0 
29.0 54.0 29.0 
96.0 25.0 24.0 
96.0 25.0 24.0 
96.0 25.0 24.0 
33.0 29.0 26.0 
33.0 29.0 26.0 
33.0 29.0 26.0 
