72.0 72.0 41.0 49.0 49.0 
72.0 72.0 41.0 49.0 49.0 
72.0 72.0 41.0 49.0 49.0 
72.0 72.0 41.0 49.0 49.0 
72.0 72.0 41.0 49.0 49.0 
72.0 72.0 41.0 49.0 49.0 
72.0 72.0 41.0 49.0 49.0 
72.0 72.0 41.0 49.0 49.0 
72.0 72.0 41.0 49.0 49.0 
72.0 72.0 41.0 49.0 49.0 
72.0 72.0 41.0 49.0 49.0 
72.0 72.0 41.0 49.0 49.0 
72.0 72.0 41.0 49.0 49.0 
72.0 72.0 41.0 49.0 49.0 
72.0 72.0 41.0 49.0 49.0 
72.0 72.0 41.0 49.0 49.0 
35.0 16.0 25.0 90.0 31.0 
35.0 16.0 25.0 90.0 31.0 
35.0 16.0 25.0 90.0 31.0 
35.0 16.0 25.0 90.0 31.0 
35.0 16.0 25.0 90.0 31.0 
35.0 16.0 25.0 90.0 31.0 
35.0 16.0 25.0 90.0 31.0 
35.0 16.0 25.0 90.0 31.0 
35.0 16.0 25.0 90.0 31.0 
35.0 16.0 25.0 90.0 31.0 
35.0 16.0 25.0 90.0 31.0 
35.0 16.0 25.0 90.0 31.0 
36.0 20.0 26.0 89.0 57.0 
53.0 46.0 72.0 25.0 59.0 
53.0 46.0 72.0 25.0 59.0 
53.0 46.0 72.0 25.0 59.0 
53.0 46.0 72.0 25.0 59.0 
53.0 46.0 72.0 25.0 59.0 
33.0 46.0 62.0 72.0 98.0 
83.0 23.0 19.0 94.0 61.0 
72.0 96.0 16.0 22.0 29.0 
72.0 96.0 16.0 22.0 29.0 
72.0 96.0 16.0 22.0 29.0 
72.0 96.0 16.0 22.0 29.0 
