37.0 46.0 73.0 27.0 
37.0 46.0 73.0 27.0 
37.0 46.0 73.0 27.0 
19.0 18.0 58.0 100.0 
19.0 18.0 58.0 100.0 
19.0 18.0 58.0 100.0 
19.0 18.0 58.0 100.0 
19.0 18.0 58.0 100.0 
19.0 18.0 58.0 100.0 
19.0 18.0 58.0 100.0 
19.0 18.0 58.0 100.0 
19.0 18.0 58.0 100.0 
19.0 18.0 58.0 100.0 
19.0 18.0 58.0 100.0 
19.0 18.0 58.0 100.0 
19.0 18.0 58.0 100.0 
19.0 18.0 58.0 100.0 
19.0 18.0 58.0 100.0 
19.0 18.0 58.0 100.0 
19.0 18.0 58.0 100.0 
19.0 18.0 58.0 100.0 
19.0 18.0 58.0 100.0 
19.0 18.0 58.0 100.0 
19.0 18.0 58.0 100.0 
19.0 18.0 58.0 100.0 
19.0 18.0 58.0 100.0 
19.0 18.0 58.0 100.0 
19.0 18.0 58.0 100.0 
19.0 18.0 58.0 100.0 
35.0 53.0 79.0 93.0 
35.0 53.0 79.0 93.0 
35.0 53.0 79.0 93.0 
35.0 53.0 79.0 93.0 
35.0 53.0 79.0 93.0 
25.0 26.0 26.0 72.0 
49.0 61.0 26.0 96.0 
49.0 61.0 26.0 96.0 
55.0 38.0 19.0 11.0 
90.0 43.0 69.0 75.0 
90.0 43.0 69.0 75.0 
