75.0 32.0 43.0 92.0 90.0 
75.0 32.0 43.0 92.0 90.0 
75.0 32.0 43.0 92.0 90.0 
75.0 32.0 43.0 92.0 90.0 
75.0 32.0 43.0 92.0 90.0 
75.0 32.0 43.0 92.0 90.0 
75.0 32.0 43.0 92.0 90.0 
20.0 44.0 68.0 96.0 88.0 
20.0 44.0 68.0 96.0 88.0 
20.0 44.0 68.0 96.0 88.0 
20.0 44.0 68.0 96.0 88.0 
20.0 44.0 68.0 96.0 88.0 
93.0 31.0 45.0 96.0 20.0 
93.0 31.0 45.0 96.0 20.0 
93.0 31.0 45.0 96.0 20.0 
93.0 31.0 45.0 96.0 20.0 
93.0 31.0 45.0 96.0 20.0 
93.0 31.0 45.0 96.0 20.0 
93.0 31.0 45.0 96.0 20.0 
93.0 31.0 45.0 96.0 20.0 
93.0 31.0 45.0 96.0 20.0 
93.0 31.0 45.0 96.0 20.0 
93.0 31.0 45.0 96.0 20.0 
93.0 31.0 45.0 96.0 20.0 
93.0 31.0 45.0 96.0 20.0 
93.0 31.0 45.0 96.0 20.0 
93.0 31.0 45.0 96.0 20.0 
93.0 31.0 45.0 96.0 20.0 
93.0 31.0 45.0 96.0 20.0 
93.0 31.0 45.0 96.0 20.0 
87.0 93.0 84.0 95.0 79.0 
87.0 93.0 84.0 95.0 79.0 
87.0 93.0 84.0 95.0 79.0 
87.0 93.0 84.0 95.0 79.0 
95.0 73.0 83.0 91.0 37.0 
95.0 73.0 83.0 91.0 37.0 
53.0 90.0 74.0 74.0 17.0 
77.0 74.0 85.0 74.0 75.0 
77.0 74.0 85.0 74.0 75.0 
77.0 74.0 85.0 74.0 75.0 
