73.0 20.0 68.0 
73.0 20.0 68.0 
73.0 20.0 68.0 
73.0 20.0 68.0 
73.0 20.0 68.0 
73.0 20.0 68.0 
73.0 20.0 68.0 
73.0 20.0 68.0 
73.0 20.0 68.0 
73.0 20.0 68.0 
73.0 20.0 68.0 
73.0 20.0 68.0 
73.0 20.0 68.0 
73.0 20.0 68.0 
73.0 20.0 68.0 
73.0 20.0 68.0 
73.0 20.0 68.0 
73.0 20.0 68.0 
73.0 20.0 68.0 
73.0 20.0 68.0 
73.0 20.0 68.0 
73.0 20.0 68.0 
73.0 20.0 68.0 
73.0 20.0 68.0 
73.0 20.0 68.0 
73.0 20.0 68.0 
73.0 20.0 68.0 
73.0 20.0 68.0 
73.0 20.0 68.0 
73.0 20.0 68.0 
73.0 20.0 68.0 
63.0 19.0 58.0 
63.0 19.0 58.0 
63.0 19.0 58.0 
99.0 79.0 47.0 
99.0 25.0 88.0 
15.0 15.0 54.0 
99.0 22.0 14.0 
47.0 82.0 77.0 
47.0 82.0 77.0 
