62.0 90.0 74.0 50.0 26.0 
62.0 90.0 74.0 50.0 26.0 
62.0 90.0 74.0 50.0 26.0 
62.0 90.0 74.0 50.0 26.0 
62.0 90.0 74.0 50.0 26.0 
62.0 90.0 74.0 50.0 26.0 
62.0 90.0 74.0 50.0 26.0 
62.0 90.0 74.0 50.0 26.0 
62.0 90.0 74.0 50.0 26.0 
62.0 90.0 74.0 50.0 26.0 
62.0 90.0 74.0 50.0 26.0 
62.0 90.0 74.0 50.0 26.0 
62.0 90.0 74.0 50.0 26.0 
62.0 90.0 74.0 50.0 26.0 
62.0 90.0 74.0 50.0 26.0 
62.0 90.0 74.0 50.0 26.0 
62.0 90.0 74.0 50.0 26.0 
44.0 13.0 60.0 71.0 13.0 
44.0 13.0 60.0 71.0 13.0 
44.0 13.0 60.0 71.0 13.0 
44.0 13.0 60.0 71.0 13.0 
69.0 54.0 25.0 68.0 96.0 
69.0 54.0 25.0 68.0 96.0 
69.0 54.0 25.0 68.0 96.0 
69.0 54.0 25.0 68.0 96.0 
69.0 54.0 25.0 68.0 96.0 
69.0 54.0 25.0 68.0 96.0 
69.0 54.0 25.0 68.0 96.0 
69.0 54.0 25.0 68.0 96.0 
69.0 54.0 25.0 68.0 96.0 
69.0 54.0 25.0 68.0 96.0 
34.0 93.0 29.0 26.0 25.0 
34.0 93.0 29.0 26.0 25.0 
56.0 83.0 23.0 41.0 26.0 
25.0 48.0 95.0 76.0 91.0 
77.0 77.0 79.0 25.0 83.0 
77.0 77.0 79.0 25.0 83.0 
77.0 77.0 79.0 25.0 83.0 
77.0 77.0 79.0 25.0 83.0 
77.0 77.0 79.0 25.0 83.0 
