68.0 37.0 52.0 
68.0 37.0 52.0 
68.0 37.0 52.0 
68.0 37.0 52.0 
68.0 37.0 52.0 
68.0 37.0 52.0 
68.0 37.0 52.0 
68.0 37.0 52.0 
68.0 37.0 52.0 
68.0 37.0 52.0 
68.0 37.0 52.0 
68.0 37.0 52.0 
68.0 37.0 52.0 
68.0 37.0 52.0 
68.0 37.0 52.0 
68.0 37.0 52.0 
68.0 37.0 52.0 
68.0 37.0 52.0 
68.0 37.0 52.0 
68.0 37.0 52.0 
68.0 37.0 52.0 
68.0 37.0 52.0 
68.0 37.0 52.0 
68.0 37.0 52.0 
68.0 37.0 52.0 
68.0 37.0 52.0 
68.0 37.0 52.0 
68.0 37.0 52.0 
68.0 37.0 52.0 
84.0 65.0 12.0 
84.0 65.0 12.0 
84.0 65.0 12.0 
84.0 65.0 12.0 
84.0 65.0 12.0 
78.0 93.0 99.0 
94.0 100.0 38.0 
23.0 57.0 96.0 
42.0 43.0 40.0 
36.0 66.0 17.0 
36.0 66.0 17.0 
