100.0 37.0 16.0 77.0 
100.0 37.0 16.0 77.0 
100.0 37.0 16.0 77.0 
100.0 37.0 16.0 77.0 
100.0 37.0 16.0 77.0 
100.0 37.0 16.0 77.0 
100.0 37.0 16.0 77.0 
100.0 37.0 16.0 77.0 
100.0 37.0 16.0 77.0 
100.0 37.0 16.0 77.0 
100.0 37.0 16.0 77.0 
100.0 37.0 16.0 77.0 
100.0 37.0 16.0 77.0 
100.0 37.0 16.0 77.0 
100.0 37.0 16.0 77.0 
100.0 37.0 16.0 77.0 
100.0 37.0 16.0 77.0 
100.0 37.0 16.0 77.0 
100.0 37.0 16.0 77.0 
100.0 37.0 16.0 77.0 
42.0 32.0 76.0 82.0 
42.0 32.0 76.0 82.0 
42.0 32.0 76.0 82.0 
42.0 32.0 76.0 82.0 
42.0 32.0 76.0 82.0 
42.0 32.0 76.0 82.0 
42.0 32.0 76.0 82.0 
61.0 20.0 73.0 96.0 
95.0 18.0 39.0 67.0 
95.0 18.0 39.0 67.0 
95.0 18.0 39.0 67.0 
95.0 18.0 39.0 67.0 
95.0 18.0 39.0 67.0 
17.0 84.0 36.0 65.0 
17.0 81.0 38.0 36.0 
17.0 81.0 38.0 36.0 
17.0 81.0 38.0 36.0 
17.0 81.0 38.0 36.0 
79.0 30.0 77.0 67.0 
79.0 30.0 77.0 67.0 
