96.0 50.0 97.0 
96.0 50.0 97.0 
96.0 50.0 97.0 
96.0 50.0 97.0 
96.0 50.0 97.0 
96.0 50.0 97.0 
96.0 50.0 97.0 
96.0 50.0 97.0 
96.0 50.0 97.0 
96.0 50.0 97.0 
96.0 50.0 97.0 
96.0 50.0 97.0 
96.0 50.0 97.0 
96.0 50.0 97.0 
96.0 50.0 97.0 
96.0 50.0 97.0 
96.0 50.0 97.0 
96.0 50.0 97.0 
96.0 50.0 97.0 
96.0 50.0 97.0 
79.0 100.0 37.0 
79.0 100.0 37.0 
65.0 17.0 97.0 
65.0 17.0 97.0 
65.0 17.0 97.0 
65.0 17.0 97.0 
65.0 17.0 97.0 
65.0 17.0 97.0 
65.0 17.0 97.0 
48.0 90.0 63.0 
48.0 90.0 63.0 
48.0 90.0 63.0 
48.0 90.0 63.0 
48.0 90.0 63.0 
34.0 36.0 60.0 
34.0 36.0 60.0 
19.0 45.0 57.0 
19.0 84.0 20.0 
19.0 84.0 20.0 
19.0 84.0 20.0 
