63.0 86.0 44.0 37.0 63.0 
63.0 86.0 44.0 37.0 63.0 
63.0 86.0 44.0 37.0 63.0 
63.0 86.0 44.0 37.0 63.0 
63.0 86.0 44.0 37.0 63.0 
63.0 86.0 44.0 37.0 63.0 
63.0 86.0 44.0 37.0 63.0 
63.0 86.0 44.0 37.0 63.0 
63.0 86.0 44.0 37.0 63.0 
63.0 86.0 44.0 37.0 63.0 
63.0 86.0 44.0 37.0 63.0 
63.0 86.0 44.0 37.0 63.0 
63.0 86.0 44.0 37.0 63.0 
63.0 86.0 44.0 37.0 63.0 
63.0 86.0 44.0 37.0 63.0 
63.0 86.0 44.0 37.0 63.0 
63.0 86.0 44.0 37.0 63.0 
63.0 86.0 44.0 37.0 63.0 
63.0 86.0 44.0 37.0 63.0 
63.0 86.0 44.0 37.0 63.0 
63.0 86.0 44.0 37.0 63.0 
63.0 86.0 44.0 37.0 63.0 
63.0 86.0 44.0 37.0 63.0 
63.0 86.0 44.0 37.0 63.0 
63.0 86.0 44.0 37.0 63.0 
63.0 86.0 44.0 37.0 63.0 
63.0 86.0 44.0 37.0 63.0 
63.0 86.0 44.0 37.0 63.0 
63.0 86.0 44.0 37.0 63.0 
63.0 86.0 44.0 37.0 63.0 
63.0 86.0 44.0 37.0 63.0 
29.0 78.0 61.0 75.0 64.0 
76.0 36.0 23.0 88.0 34.0 
16.0 77.0 23.0 34.0 60.0 
75.0 62.0 37.0 46.0 77.0 
75.0 62.0 37.0 46.0 77.0 
15.0 68.0 78.0 22.0 67.0 
67.0 89.0 27.0 49.0 34.0 
67.0 89.0 27.0 49.0 34.0 
67.0 89.0 27.0 49.0 34.0 
