59.0 13.0 42.0 
59.0 13.0 42.0 
59.0 13.0 42.0 
59.0 13.0 42.0 
59.0 13.0 42.0 
59.0 13.0 42.0 
59.0 13.0 42.0 
59.0 13.0 42.0 
59.0 13.0 42.0 
59.0 13.0 42.0 
59.0 13.0 42.0 
59.0 13.0 42.0 
59.0 13.0 42.0 
59.0 13.0 42.0 
59.0 13.0 42.0 
59.0 13.0 42.0 
59.0 13.0 42.0 
59.0 13.0 42.0 
59.0 13.0 42.0 
59.0 13.0 42.0 
59.0 13.0 42.0 
59.0 13.0 42.0 
27.0 38.0 47.0 
27.0 38.0 47.0 
27.0 38.0 47.0 
98.0 72.0 61.0 
98.0 72.0 61.0 
98.0 72.0 61.0 
98.0 72.0 61.0 
67.0 97.0 74.0 
67.0 97.0 74.0 
67.0 97.0 74.0 
67.0 97.0 74.0 
67.0 97.0 74.0 
53.0 45.0 92.0 
53.0 45.0 92.0 
53.0 45.0 92.0 
30.0 17.0 60.0 
87.0 15.0 75.0 
87.0 15.0 75.0 
