37.0 32.0 34.0 77.0 32.0 
37.0 32.0 34.0 77.0 32.0 
37.0 32.0 34.0 77.0 32.0 
37.0 32.0 34.0 77.0 32.0 
37.0 32.0 34.0 77.0 32.0 
37.0 32.0 34.0 77.0 32.0 
37.0 32.0 34.0 77.0 32.0 
37.0 32.0 34.0 77.0 32.0 
37.0 32.0 34.0 77.0 32.0 
43.0 84.0 38.0 20.0 64.0 
43.0 84.0 38.0 20.0 64.0 
43.0 84.0 38.0 20.0 64.0 
43.0 84.0 38.0 20.0 64.0 
43.0 84.0 38.0 20.0 64.0 
43.0 84.0 38.0 20.0 64.0 
43.0 84.0 38.0 20.0 64.0 
43.0 84.0 38.0 20.0 64.0 
43.0 84.0 38.0 20.0 64.0 
43.0 84.0 38.0 20.0 64.0 
43.0 84.0 38.0 20.0 64.0 
43.0 84.0 38.0 20.0 64.0 
43.0 84.0 38.0 20.0 64.0 
43.0 84.0 38.0 20.0 64.0 
43.0 84.0 38.0 20.0 64.0 
43.0 84.0 38.0 20.0 64.0 
43.0 84.0 38.0 20.0 64.0 
43.0 84.0 38.0 20.0 64.0 
43.0 84.0 38.0 20.0 64.0 
64.0 63.0 93.0 23.0 95.0 
36.0 51.0 83.0 16.0 58.0 
36.0 51.0 83.0 16.0 58.0 
36.0 51.0 83.0 16.0 58.0 
36.0 51.0 83.0 16.0 58.0 
36.0 51.0 83.0 16.0 58.0 
91.0 81.0 28.0 59.0 87.0 
68.0 98.0 48.0 32.0 51.0 
68.0 98.0 48.0 32.0 51.0 
68.0 98.0 48.0 32.0 51.0 
33.0 78.0 64.0 37.0 90.0 
33.0 78.0 64.0 37.0 90.0 
