53.0 90.0 66.0 30.0 
53.0 90.0 66.0 30.0 
53.0 90.0 66.0 30.0 
53.0 90.0 66.0 30.0 
53.0 90.0 66.0 30.0 
57.0 23.0 92.0 28.0 
57.0 23.0 92.0 28.0 
57.0 23.0 92.0 28.0 
57.0 23.0 92.0 28.0 
57.0 23.0 92.0 28.0 
57.0 23.0 92.0 28.0 
57.0 23.0 92.0 28.0 
81.0 14.0 41.0 21.0 
81.0 14.0 41.0 21.0 
81.0 14.0 41.0 21.0 
81.0 14.0 41.0 21.0 
81.0 14.0 41.0 21.0 
81.0 14.0 41.0 21.0 
81.0 14.0 41.0 21.0 
81.0 14.0 41.0 21.0 
81.0 14.0 41.0 21.0 
81.0 14.0 41.0 21.0 
81.0 14.0 41.0 21.0 
81.0 14.0 41.0 21.0 
81.0 14.0 41.0 21.0 
81.0 14.0 41.0 21.0 
81.0 14.0 41.0 21.0 
81.0 14.0 41.0 21.0 
81.0 14.0 41.0 21.0 
81.0 14.0 41.0 21.0 
81.0 14.0 41.0 21.0 
88.0 47.0 19.0 55.0 
85.0 22.0 77.0 81.0 
85.0 22.0 77.0 81.0 
85.0 22.0 77.0 81.0 
86.0 13.0 60.0 80.0 
86.0 13.0 60.0 80.0 
86.0 13.0 60.0 80.0 
92.0 35.0 66.0 39.0 
92.0 35.0 66.0 39.0 
