61.0 94.0 43.0 79.0 
61.0 94.0 43.0 79.0 
61.0 94.0 43.0 79.0 
61.0 94.0 43.0 79.0 
61.0 94.0 43.0 79.0 
61.0 94.0 43.0 79.0 
61.0 94.0 43.0 79.0 
61.0 94.0 43.0 79.0 
61.0 94.0 43.0 79.0 
61.0 94.0 43.0 79.0 
61.0 94.0 43.0 79.0 
61.0 94.0 43.0 79.0 
61.0 94.0 43.0 79.0 
61.0 94.0 43.0 79.0 
61.0 94.0 43.0 79.0 
61.0 94.0 43.0 79.0 
61.0 94.0 43.0 79.0 
61.0 94.0 43.0 79.0 
61.0 94.0 43.0 79.0 
95.0 21.0 25.0 75.0 
95.0 21.0 25.0 75.0 
95.0 21.0 25.0 75.0 
95.0 21.0 25.0 75.0 
95.0 21.0 25.0 75.0 
95.0 21.0 25.0 75.0 
95.0 21.0 25.0 75.0 
95.0 21.0 25.0 75.0 
95.0 21.0 25.0 75.0 
95.0 21.0 25.0 75.0 
95.0 21.0 25.0 75.0 
95.0 21.0 25.0 75.0 
95.0 21.0 25.0 75.0 
19.0 60.0 98.0 73.0 
39.0 61.0 94.0 21.0 
32.0 100.0 60.0 18.0 
32.0 100.0 60.0 18.0 
32.0 100.0 60.0 18.0 
57.0 99.0 33.0 55.0 
13.0 48.0 89.0 27.0 
13.0 48.0 89.0 27.0 
