83.0 25.0 13.0 18.0 
83.0 25.0 13.0 18.0 
83.0 25.0 13.0 18.0 
83.0 25.0 13.0 18.0 
83.0 25.0 13.0 18.0 
83.0 25.0 13.0 18.0 
83.0 25.0 13.0 18.0 
83.0 25.0 13.0 18.0 
83.0 25.0 13.0 18.0 
83.0 25.0 13.0 18.0 
83.0 25.0 13.0 18.0 
83.0 25.0 13.0 18.0 
83.0 25.0 13.0 18.0 
83.0 25.0 13.0 18.0 
83.0 25.0 13.0 18.0 
83.0 25.0 13.0 18.0 
83.0 25.0 13.0 18.0 
83.0 25.0 13.0 18.0 
83.0 25.0 13.0 18.0 
83.0 25.0 13.0 18.0 
83.0 25.0 13.0 18.0 
83.0 25.0 13.0 18.0 
83.0 25.0 13.0 18.0 
83.0 25.0 13.0 18.0 
83.0 25.0 13.0 18.0 
83.0 25.0 13.0 18.0 
83.0 25.0 13.0 18.0 
83.0 25.0 13.0 18.0 
83.0 25.0 13.0 18.0 
83.0 25.0 13.0 18.0 
83.0 25.0 13.0 18.0 
83.0 25.0 13.0 18.0 
37.0 70.0 14.0 49.0 
57.0 82.0 34.0 12.0 
67.0 95.0 48.0 89.0 
67.0 95.0 48.0 89.0 
82.0 81.0 17.0 12.0 
90.0 87.0 24.0 76.0 
68.0 82.0 100.0 11.0 
68.0 82.0 100.0 11.0 
