35.0 80.0 37.0 67.0 91.0 
35.0 80.0 37.0 67.0 91.0 
35.0 80.0 37.0 67.0 91.0 
35.0 80.0 37.0 67.0 91.0 
35.0 80.0 37.0 67.0 91.0 
35.0 80.0 37.0 67.0 91.0 
35.0 80.0 37.0 67.0 91.0 
35.0 80.0 37.0 67.0 91.0 
35.0 80.0 37.0 67.0 91.0 
35.0 80.0 37.0 67.0 91.0 
35.0 80.0 37.0 67.0 91.0 
35.0 80.0 37.0 67.0 91.0 
35.0 80.0 37.0 67.0 91.0 
35.0 80.0 37.0 67.0 91.0 
35.0 80.0 37.0 67.0 91.0 
35.0 80.0 37.0 67.0 91.0 
35.0 80.0 37.0 67.0 91.0 
35.0 80.0 37.0 67.0 91.0 
35.0 80.0 37.0 67.0 91.0 
35.0 80.0 37.0 67.0 91.0 
35.0 80.0 37.0 67.0 91.0 
35.0 80.0 37.0 67.0 91.0 
35.0 80.0 37.0 67.0 91.0 
35.0 80.0 37.0 67.0 91.0 
35.0 80.0 37.0 67.0 91.0 
35.0 80.0 37.0 67.0 91.0 
35.0 80.0 37.0 67.0 91.0 
35.0 80.0 37.0 67.0 91.0 
35.0 80.0 37.0 67.0 91.0 
35.0 80.0 37.0 67.0 91.0 
35.0 80.0 37.0 67.0 91.0 
30.0 63.0 36.0 71.0 87.0 
30.0 63.0 36.0 71.0 87.0 
28.0 33.0 35.0 38.0 95.0 
71.0 73.0 27.0 83.0 30.0 
64.0 19.0 86.0 44.0 13.0 
76.0 77.0 62.0 87.0 48.0 
37.0 40.0 18.0 65.0 68.0 
32.0 28.0 51.0 65.0 56.0 
32.0 28.0 51.0 65.0 56.0 
