76.0 99.0 47.0 
86.0 28.0 100.0 
86.0 28.0 100.0 
86.0 28.0 100.0 
86.0 28.0 100.0 
86.0 28.0 100.0 
86.0 28.0 100.0 
86.0 28.0 100.0 
86.0 28.0 100.0 
86.0 28.0 100.0 
86.0 28.0 100.0 
86.0 28.0 100.0 
86.0 28.0 100.0 
86.0 28.0 100.0 
86.0 28.0 100.0 
86.0 28.0 100.0 
86.0 28.0 100.0 
86.0 28.0 100.0 
86.0 28.0 100.0 
86.0 28.0 100.0 
86.0 28.0 100.0 
62.0 57.0 29.0 
62.0 57.0 29.0 
62.0 57.0 29.0 
62.0 57.0 29.0 
62.0 57.0 29.0 
62.0 57.0 29.0 
62.0 57.0 29.0 
62.0 57.0 29.0 
62.0 57.0 29.0 
62.0 57.0 29.0 
62.0 57.0 29.0 
62.0 57.0 29.0 
62.0 57.0 29.0 
77.0 25.0 63.0 
21.0 26.0 35.0 
48.0 59.0 47.0 
32.0 42.0 27.0 
25.0 20.0 56.0 
25.0 20.0 56.0 
