78.0 45.0 74.0 26.0 
78.0 45.0 74.0 26.0 
78.0 45.0 74.0 26.0 
78.0 45.0 74.0 26.0 
78.0 45.0 74.0 26.0 
78.0 45.0 74.0 26.0 
78.0 45.0 74.0 26.0 
78.0 45.0 74.0 26.0 
78.0 45.0 74.0 26.0 
78.0 45.0 74.0 26.0 
78.0 45.0 74.0 26.0 
78.0 45.0 74.0 26.0 
78.0 45.0 74.0 26.0 
78.0 45.0 74.0 26.0 
78.0 45.0 74.0 26.0 
78.0 45.0 74.0 26.0 
78.0 45.0 74.0 26.0 
78.0 45.0 74.0 26.0 
78.0 45.0 74.0 26.0 
78.0 45.0 74.0 26.0 
78.0 45.0 74.0 26.0 
78.0 45.0 74.0 26.0 
78.0 45.0 74.0 26.0 
78.0 45.0 74.0 26.0 
78.0 45.0 74.0 26.0 
78.0 45.0 74.0 26.0 
78.0 45.0 74.0 26.0 
97.0 50.0 53.0 19.0 
97.0 50.0 53.0 19.0 
97.0 50.0 53.0 19.0 
97.0 50.0 53.0 19.0 
97.0 50.0 53.0 19.0 
39.0 91.0 15.0 51.0 
39.0 91.0 15.0 51.0 
34.0 97.0 45.0 32.0 
44.0 41.0 23.0 74.0 
86.0 14.0 73.0 86.0 
51.0 97.0 74.0 44.0 
75.0 19.0 89.0 43.0 
75.0 19.0 89.0 43.0 
