74.0 18.0 21.0 
74.0 18.0 21.0 
74.0 18.0 21.0 
74.0 18.0 21.0 
74.0 18.0 21.0 
41.0 57.0 15.0 
41.0 57.0 15.0 
41.0 57.0 15.0 
41.0 57.0 15.0 
41.0 57.0 15.0 
41.0 57.0 15.0 
41.0 57.0 15.0 
41.0 57.0 15.0 
41.0 57.0 15.0 
79.0 57.0 64.0 
79.0 57.0 64.0 
79.0 57.0 64.0 
79.0 57.0 64.0 
62.0 97.0 72.0 
62.0 97.0 72.0 
62.0 97.0 72.0 
62.0 97.0 72.0 
62.0 97.0 72.0 
62.0 97.0 72.0 
62.0 97.0 72.0 
62.0 97.0 72.0 
62.0 97.0 72.0 
62.0 97.0 72.0 
69.0 99.0 83.0 
69.0 99.0 83.0 
69.0 99.0 83.0 
69.0 99.0 83.0 
69.0 99.0 83.0 
69.0 99.0 83.0 
69.0 99.0 83.0 
71.0 45.0 40.0 
63.0 54.0 54.0 
63.0 54.0 54.0 
75.0 47.0 54.0 
75.0 47.0 54.0 
