77.0 80.0 84.0 19.0 40.0 
77.0 80.0 84.0 19.0 40.0 
77.0 80.0 84.0 19.0 40.0 
77.0 80.0 84.0 19.0 40.0 
77.0 80.0 84.0 19.0 40.0 
77.0 80.0 84.0 19.0 40.0 
77.0 80.0 84.0 19.0 40.0 
77.0 80.0 84.0 19.0 40.0 
77.0 80.0 84.0 19.0 40.0 
77.0 80.0 84.0 19.0 40.0 
77.0 80.0 84.0 19.0 40.0 
77.0 80.0 84.0 19.0 40.0 
77.0 80.0 84.0 19.0 40.0 
77.0 80.0 84.0 19.0 40.0 
77.0 80.0 84.0 19.0 40.0 
77.0 80.0 84.0 19.0 40.0 
77.0 80.0 84.0 19.0 40.0 
77.0 80.0 84.0 19.0 40.0 
77.0 80.0 84.0 19.0 40.0 
77.0 80.0 84.0 19.0 40.0 
77.0 80.0 84.0 19.0 40.0 
77.0 80.0 84.0 19.0 40.0 
77.0 80.0 84.0 19.0 40.0 
77.0 80.0 84.0 19.0 40.0 
77.0 80.0 84.0 19.0 40.0 
77.0 80.0 84.0 19.0 40.0 
77.0 80.0 84.0 19.0 40.0 
77.0 80.0 84.0 19.0 40.0 
77.0 80.0 84.0 19.0 40.0 
77.0 80.0 84.0 19.0 40.0 
77.0 80.0 84.0 19.0 40.0 
84.0 86.0 91.0 85.0 13.0 
28.0 84.0 73.0 87.0 60.0 
67.0 45.0 39.0 13.0 60.0 
85.0 42.0 18.0 66.0 56.0 
80.0 35.0 68.0 98.0 66.0 
19.0 75.0 13.0 20.0 75.0 
33.0 80.0 17.0 48.0 77.0 
33.0 80.0 17.0 48.0 77.0 
33.0 80.0 17.0 48.0 77.0 
