37.0 24.0 78.0 
37.0 24.0 78.0 
37.0 24.0 78.0 
37.0 24.0 78.0 
47.0 65.0 24.0 
47.0 65.0 24.0 
47.0 65.0 24.0 
47.0 65.0 24.0 
47.0 65.0 24.0 
62.0 21.0 60.0 
62.0 21.0 60.0 
71.0 71.0 14.0 
71.0 71.0 14.0 
71.0 71.0 14.0 
71.0 71.0 14.0 
71.0 71.0 14.0 
71.0 71.0 14.0 
71.0 71.0 14.0 
71.0 71.0 14.0 
71.0 71.0 14.0 
71.0 71.0 14.0 
71.0 71.0 14.0 
71.0 71.0 14.0 
71.0 71.0 14.0 
71.0 71.0 14.0 
71.0 71.0 14.0 
71.0 71.0 14.0 
71.0 71.0 14.0 
26.0 99.0 89.0 
26.0 99.0 89.0 
75.0 36.0 54.0 
75.0 36.0 54.0 
75.0 36.0 54.0 
75.0 36.0 54.0 
75.0 36.0 54.0 
75.0 36.0 54.0 
75.0 36.0 54.0 
50.0 76.0 98.0 
33.0 81.0 49.0 
33.0 81.0 49.0 
