99.0 35.0 82.0 40.0 68.0 
99.0 35.0 82.0 40.0 68.0 
99.0 35.0 82.0 40.0 68.0 
99.0 35.0 82.0 40.0 68.0 
99.0 35.0 82.0 40.0 68.0 
99.0 35.0 82.0 40.0 68.0 
99.0 35.0 82.0 40.0 68.0 
99.0 35.0 82.0 40.0 68.0 
99.0 35.0 82.0 40.0 68.0 
99.0 35.0 82.0 40.0 68.0 
99.0 35.0 82.0 40.0 68.0 
99.0 35.0 82.0 40.0 68.0 
99.0 35.0 82.0 40.0 68.0 
99.0 35.0 82.0 40.0 68.0 
99.0 35.0 82.0 40.0 68.0 
99.0 35.0 82.0 40.0 68.0 
99.0 35.0 82.0 40.0 68.0 
99.0 35.0 82.0 40.0 68.0 
99.0 35.0 82.0 40.0 68.0 
99.0 35.0 82.0 40.0 68.0 
99.0 35.0 82.0 40.0 68.0 
99.0 35.0 82.0 40.0 68.0 
99.0 35.0 82.0 40.0 68.0 
99.0 35.0 82.0 40.0 68.0 
99.0 35.0 82.0 40.0 68.0 
47.0 51.0 35.0 46.0 74.0 
47.0 51.0 35.0 46.0 74.0 
47.0 51.0 35.0 46.0 74.0 
47.0 51.0 35.0 46.0 74.0 
47.0 51.0 35.0 46.0 74.0 
47.0 51.0 35.0 46.0 74.0 
47.0 51.0 35.0 46.0 74.0 
47.0 51.0 35.0 46.0 74.0 
69.0 18.0 95.0 75.0 48.0 
80.0 84.0 51.0 61.0 91.0 
35.0 77.0 84.0 63.0 83.0 
84.0 96.0 82.0 53.0 27.0 
83.0 63.0 71.0 53.0 27.0 
91.0 27.0 52.0 40.0 90.0 
91.0 27.0 52.0 40.0 90.0 
