27.0 62.0 57.0 34.0 
27.0 62.0 57.0 34.0 
27.0 62.0 57.0 34.0 
27.0 62.0 57.0 34.0 
27.0 62.0 57.0 34.0 
27.0 62.0 57.0 34.0 
27.0 62.0 57.0 34.0 
27.0 62.0 57.0 34.0 
27.0 62.0 57.0 34.0 
27.0 62.0 57.0 34.0 
27.0 62.0 57.0 34.0 
27.0 62.0 57.0 34.0 
27.0 62.0 57.0 34.0 
27.0 62.0 57.0 34.0 
27.0 62.0 57.0 34.0 
27.0 62.0 57.0 34.0 
27.0 62.0 57.0 34.0 
27.0 62.0 57.0 34.0 
90.0 60.0 54.0 58.0 
90.0 60.0 54.0 58.0 
90.0 60.0 54.0 58.0 
90.0 60.0 54.0 58.0 
90.0 60.0 54.0 58.0 
90.0 60.0 54.0 58.0 
90.0 60.0 54.0 58.0 
90.0 60.0 54.0 58.0 
89.0 31.0 56.0 64.0 
89.0 31.0 56.0 64.0 
89.0 31.0 56.0 64.0 
89.0 31.0 56.0 64.0 
94.0 66.0 26.0 22.0 
48.0 62.0 96.0 35.0 
33.0 27.0 73.0 85.0 
33.0 27.0 73.0 85.0 
33.0 27.0 73.0 85.0 
33.0 27.0 73.0 85.0 
33.0 27.0 73.0 85.0 
69.0 75.0 76.0 73.0 
80.0 38.0 17.0 15.0 
80.0 38.0 17.0 15.0 
