92.0 12.0 31.0 90.0 
92.0 12.0 31.0 90.0 
92.0 12.0 31.0 90.0 
92.0 12.0 31.0 90.0 
92.0 12.0 31.0 90.0 
92.0 12.0 31.0 90.0 
92.0 12.0 31.0 90.0 
92.0 12.0 31.0 90.0 
92.0 12.0 31.0 90.0 
92.0 12.0 31.0 90.0 
92.0 12.0 31.0 90.0 
92.0 12.0 31.0 90.0 
92.0 12.0 31.0 90.0 
92.0 12.0 31.0 90.0 
92.0 12.0 31.0 90.0 
92.0 12.0 31.0 90.0 
92.0 12.0 31.0 90.0 
92.0 12.0 31.0 90.0 
92.0 12.0 31.0 90.0 
92.0 12.0 31.0 90.0 
92.0 12.0 31.0 90.0 
92.0 12.0 31.0 90.0 
92.0 12.0 31.0 90.0 
92.0 12.0 31.0 90.0 
92.0 12.0 31.0 90.0 
92.0 12.0 31.0 90.0 
92.0 12.0 31.0 90.0 
92.0 12.0 31.0 90.0 
92.0 12.0 31.0 90.0 
92.0 12.0 31.0 90.0 
91.0 74.0 66.0 24.0 
91.0 74.0 66.0 24.0 
91.0 74.0 66.0 24.0 
23.0 14.0 95.0 45.0 
38.0 16.0 56.0 16.0 
12.0 32.0 69.0 35.0 
13.0 98.0 31.0 34.0 
91.0 64.0 36.0 81.0 
45.0 16.0 78.0 68.0 
45.0 16.0 78.0 68.0 
