65.0 80.0 23.0 
65.0 80.0 23.0 
65.0 80.0 23.0 
65.0 80.0 23.0 
65.0 80.0 23.0 
65.0 80.0 23.0 
65.0 80.0 23.0 
65.0 80.0 23.0 
65.0 80.0 23.0 
65.0 80.0 23.0 
65.0 80.0 23.0 
65.0 80.0 23.0 
47.0 97.0 33.0 
47.0 97.0 33.0 
47.0 97.0 33.0 
47.0 97.0 33.0 
47.0 97.0 33.0 
47.0 97.0 33.0 
47.0 97.0 33.0 
47.0 97.0 33.0 
47.0 97.0 33.0 
11.0 72.0 47.0 
11.0 72.0 47.0 
11.0 72.0 47.0 
11.0 72.0 47.0 
11.0 72.0 47.0 
11.0 72.0 47.0 
82.0 88.0 14.0 
82.0 88.0 14.0 
82.0 88.0 14.0 
82.0 88.0 14.0 
82.0 88.0 14.0 
82.0 88.0 14.0 
82.0 88.0 14.0 
27.0 80.0 62.0 
26.0 77.0 35.0 
18.0 74.0 79.0 
24.0 62.0 13.0 
24.0 62.0 13.0 
24.0 62.0 13.0 
