82.0 26.0 36.0 
14.0 13.0 51.0 
14.0 13.0 51.0 
14.0 13.0 51.0 
14.0 13.0 51.0 
14.0 13.0 51.0 
14.0 13.0 51.0 
14.0 13.0 51.0 
14.0 13.0 51.0 
14.0 13.0 51.0 
14.0 13.0 51.0 
14.0 13.0 51.0 
14.0 13.0 51.0 
14.0 13.0 51.0 
14.0 13.0 51.0 
14.0 13.0 51.0 
14.0 13.0 51.0 
14.0 13.0 51.0 
14.0 13.0 51.0 
14.0 13.0 51.0 
35.0 37.0 67.0 
35.0 37.0 67.0 
35.0 37.0 67.0 
35.0 37.0 67.0 
35.0 37.0 67.0 
35.0 37.0 67.0 
35.0 37.0 67.0 
35.0 37.0 67.0 
35.0 37.0 67.0 
35.0 37.0 67.0 
35.0 37.0 67.0 
35.0 37.0 67.0 
35.0 37.0 67.0 
35.0 37.0 67.0 
83.0 77.0 92.0 
80.0 52.0 20.0 
15.0 18.0 18.0 
41.0 32.0 84.0 
34.0 20.0 87.0 
34.0 20.0 87.0 
