87.0 58.0 56.0 32.0 
87.0 58.0 56.0 32.0 
87.0 58.0 56.0 32.0 
87.0 58.0 56.0 32.0 
87.0 58.0 56.0 32.0 
87.0 58.0 56.0 32.0 
87.0 58.0 56.0 32.0 
87.0 58.0 56.0 32.0 
87.0 58.0 56.0 32.0 
87.0 58.0 56.0 32.0 
87.0 58.0 56.0 32.0 
87.0 58.0 56.0 32.0 
87.0 58.0 56.0 32.0 
87.0 58.0 56.0 32.0 
87.0 58.0 56.0 32.0 
87.0 58.0 56.0 32.0 
87.0 58.0 56.0 32.0 
87.0 58.0 56.0 32.0 
87.0 58.0 56.0 32.0 
87.0 58.0 56.0 32.0 
87.0 58.0 56.0 32.0 
87.0 58.0 56.0 32.0 
15.0 36.0 36.0 18.0 
15.0 36.0 36.0 18.0 
15.0 36.0 36.0 18.0 
15.0 36.0 36.0 18.0 
15.0 36.0 36.0 18.0 
15.0 36.0 36.0 18.0 
15.0 36.0 36.0 18.0 
15.0 36.0 36.0 18.0 
37.0 66.0 59.0 98.0 
37.0 66.0 59.0 98.0 
37.0 66.0 59.0 98.0 
37.0 66.0 59.0 98.0 
98.0 17.0 82.0 12.0 
62.0 45.0 29.0 29.0 
52.0 55.0 67.0 95.0 
61.0 32.0 56.0 66.0 
63.0 45.0 52.0 100.0 
63.0 45.0 52.0 100.0 
