59.0 72.0 17.0 89.0 18.0 
59.0 72.0 17.0 89.0 18.0 
59.0 72.0 17.0 89.0 18.0 
59.0 72.0 17.0 89.0 18.0 
59.0 72.0 17.0 89.0 18.0 
59.0 72.0 17.0 89.0 18.0 
59.0 72.0 17.0 89.0 18.0 
59.0 72.0 17.0 89.0 18.0 
59.0 72.0 17.0 89.0 18.0 
59.0 72.0 17.0 89.0 18.0 
59.0 72.0 17.0 89.0 18.0 
59.0 72.0 17.0 89.0 18.0 
59.0 72.0 17.0 89.0 18.0 
74.0 25.0 60.0 96.0 95.0 
74.0 25.0 60.0 96.0 95.0 
74.0 25.0 60.0 96.0 95.0 
74.0 25.0 60.0 96.0 95.0 
68.0 64.0 14.0 100.0 100.0 
68.0 64.0 14.0 100.0 100.0 
68.0 64.0 14.0 100.0 100.0 
68.0 64.0 14.0 100.0 100.0 
47.0 95.0 48.0 29.0 74.0 
47.0 95.0 48.0 29.0 74.0 
47.0 95.0 48.0 29.0 74.0 
47.0 95.0 48.0 29.0 74.0 
47.0 95.0 48.0 29.0 74.0 
47.0 95.0 48.0 29.0 74.0 
47.0 95.0 48.0 29.0 74.0 
47.0 95.0 48.0 29.0 74.0 
47.0 95.0 48.0 29.0 74.0 
47.0 95.0 48.0 29.0 74.0 
47.0 95.0 48.0 29.0 74.0 
47.0 95.0 48.0 29.0 74.0 
47.0 95.0 48.0 29.0 74.0 
47.0 95.0 48.0 29.0 74.0 
34.0 50.0 47.0 66.0 34.0 
69.0 90.0 91.0 19.0 78.0 
25.0 27.0 52.0 51.0 52.0 
56.0 95.0 17.0 53.0 94.0 
56.0 95.0 17.0 53.0 94.0 
