36.0 90.0 58.0 82.0 42.0 
36.0 90.0 58.0 82.0 42.0 
36.0 90.0 58.0 82.0 42.0 
36.0 90.0 58.0 82.0 42.0 
36.0 90.0 58.0 82.0 42.0 
36.0 90.0 58.0 82.0 42.0 
36.0 90.0 58.0 82.0 42.0 
36.0 90.0 58.0 82.0 42.0 
36.0 90.0 58.0 82.0 42.0 
36.0 90.0 58.0 82.0 42.0 
36.0 90.0 58.0 82.0 42.0 
36.0 90.0 58.0 82.0 42.0 
70.0 40.0 51.0 64.0 47.0 
70.0 40.0 51.0 64.0 47.0 
70.0 40.0 51.0 64.0 47.0 
70.0 40.0 51.0 64.0 47.0 
70.0 40.0 51.0 64.0 47.0 
70.0 40.0 51.0 64.0 47.0 
70.0 40.0 51.0 64.0 47.0 
70.0 40.0 51.0 64.0 47.0 
70.0 40.0 51.0 64.0 47.0 
70.0 40.0 51.0 64.0 47.0 
70.0 40.0 51.0 64.0 47.0 
70.0 40.0 51.0 64.0 47.0 
70.0 40.0 51.0 64.0 47.0 
70.0 40.0 51.0 64.0 47.0 
70.0 40.0 51.0 64.0 47.0 
70.0 40.0 51.0 64.0 47.0 
55.0 67.0 21.0 86.0 64.0 
55.0 67.0 21.0 86.0 64.0 
34.0 52.0 82.0 64.0 49.0 
16.0 50.0 29.0 72.0 87.0 
16.0 50.0 29.0 72.0 87.0 
16.0 50.0 29.0 72.0 87.0 
16.0 50.0 29.0 72.0 87.0 
16.0 50.0 29.0 72.0 87.0 
76.0 96.0 30.0 96.0 92.0 
77.0 23.0 28.0 19.0 40.0 
35.0 18.0 11.0 99.0 53.0 
35.0 18.0 11.0 99.0 53.0 
