67.0 90.0 81.0 74.0 
67.0 90.0 81.0 74.0 
67.0 90.0 81.0 74.0 
67.0 90.0 81.0 74.0 
67.0 90.0 81.0 74.0 
67.0 90.0 81.0 74.0 
67.0 90.0 81.0 74.0 
67.0 90.0 81.0 74.0 
67.0 90.0 81.0 74.0 
67.0 90.0 81.0 74.0 
67.0 90.0 81.0 74.0 
67.0 90.0 81.0 74.0 
67.0 90.0 81.0 74.0 
67.0 90.0 81.0 74.0 
67.0 90.0 81.0 74.0 
68.0 83.0 20.0 73.0 
68.0 83.0 20.0 73.0 
68.0 83.0 20.0 73.0 
68.0 83.0 20.0 73.0 
68.0 83.0 20.0 73.0 
68.0 83.0 20.0 73.0 
68.0 83.0 20.0 73.0 
68.0 83.0 20.0 73.0 
68.0 83.0 20.0 73.0 
68.0 83.0 20.0 73.0 
68.0 83.0 20.0 73.0 
68.0 83.0 20.0 73.0 
68.0 83.0 20.0 73.0 
68.0 83.0 20.0 73.0 
68.0 83.0 20.0 73.0 
68.0 83.0 20.0 73.0 
68.0 83.0 20.0 73.0 
98.0 64.0 45.0 94.0 
98.0 64.0 45.0 94.0 
46.0 75.0 77.0 60.0 
55.0 37.0 98.0 35.0 
70.0 36.0 51.0 79.0 
56.0 60.0 37.0 54.0 
36.0 51.0 68.0 96.0 
36.0 51.0 68.0 96.0 
