12.0 31.0 47.0 27.0 
12.0 31.0 47.0 27.0 
12.0 31.0 47.0 27.0 
12.0 31.0 47.0 27.0 
12.0 31.0 47.0 27.0 
12.0 31.0 47.0 27.0 
12.0 31.0 47.0 27.0 
12.0 31.0 47.0 27.0 
12.0 31.0 47.0 27.0 
12.0 31.0 47.0 27.0 
37.0 31.0 69.0 36.0 
37.0 31.0 69.0 36.0 
37.0 31.0 69.0 36.0 
37.0 31.0 69.0 36.0 
37.0 31.0 69.0 36.0 
37.0 31.0 69.0 36.0 
37.0 31.0 69.0 36.0 
37.0 31.0 69.0 36.0 
37.0 31.0 69.0 36.0 
37.0 31.0 69.0 36.0 
37.0 31.0 69.0 36.0 
37.0 31.0 69.0 36.0 
37.0 31.0 69.0 36.0 
37.0 31.0 69.0 36.0 
94.0 84.0 93.0 25.0 
94.0 84.0 93.0 25.0 
94.0 84.0 93.0 25.0 
94.0 84.0 93.0 25.0 
94.0 84.0 93.0 25.0 
94.0 84.0 93.0 25.0 
94.0 84.0 93.0 25.0 
94.0 84.0 93.0 25.0 
99.0 31.0 63.0 62.0 
13.0 16.0 45.0 13.0 
13.0 16.0 45.0 13.0 
68.0 14.0 82.0 84.0 
92.0 47.0 31.0 48.0 
77.0 73.0 100.0 76.0 
91.0 75.0 21.0 91.0 
91.0 75.0 21.0 91.0 
