79.0 97.0 25.0 95.0 
79.0 97.0 25.0 95.0 
22.0 40.0 94.0 11.0 
22.0 40.0 94.0 11.0 
22.0 40.0 94.0 11.0 
22.0 40.0 94.0 11.0 
22.0 40.0 94.0 11.0 
22.0 40.0 94.0 11.0 
22.0 40.0 94.0 11.0 
22.0 40.0 94.0 11.0 
22.0 40.0 94.0 11.0 
22.0 40.0 94.0 11.0 
22.0 40.0 94.0 11.0 
22.0 40.0 94.0 11.0 
22.0 40.0 94.0 11.0 
22.0 40.0 94.0 11.0 
22.0 40.0 94.0 11.0 
22.0 40.0 94.0 11.0 
22.0 40.0 94.0 11.0 
22.0 40.0 94.0 11.0 
58.0 68.0 96.0 55.0 
58.0 68.0 96.0 55.0 
58.0 68.0 96.0 55.0 
58.0 68.0 96.0 55.0 
58.0 68.0 96.0 55.0 
58.0 68.0 96.0 55.0 
58.0 68.0 96.0 55.0 
58.0 68.0 96.0 55.0 
45.0 32.0 69.0 47.0 
45.0 32.0 69.0 47.0 
45.0 32.0 69.0 47.0 
45.0 32.0 69.0 47.0 
87.0 25.0 74.0 66.0 
87.0 25.0 74.0 66.0 
69.0 25.0 14.0 43.0 
37.0 22.0 13.0 40.0 
61.0 37.0 48.0 28.0 
84.0 89.0 90.0 57.0 
84.0 89.0 90.0 57.0 
84.0 89.0 90.0 57.0 
