29.0 25.0 22.0 15.0 48.0 
29.0 25.0 22.0 15.0 48.0 
29.0 25.0 22.0 15.0 48.0 
29.0 25.0 22.0 15.0 48.0 
29.0 25.0 22.0 15.0 48.0 
29.0 25.0 22.0 15.0 48.0 
29.0 25.0 22.0 15.0 48.0 
29.0 25.0 22.0 15.0 48.0 
29.0 25.0 22.0 15.0 48.0 
29.0 25.0 22.0 15.0 48.0 
29.0 25.0 22.0 15.0 48.0 
29.0 25.0 22.0 15.0 48.0 
29.0 25.0 22.0 15.0 48.0 
29.0 25.0 22.0 15.0 48.0 
29.0 25.0 22.0 15.0 48.0 
29.0 25.0 22.0 15.0 48.0 
29.0 25.0 22.0 15.0 48.0 
29.0 25.0 22.0 15.0 48.0 
29.0 25.0 22.0 15.0 48.0 
29.0 25.0 22.0 15.0 48.0 
29.0 25.0 22.0 15.0 48.0 
29.0 25.0 22.0 15.0 48.0 
29.0 25.0 22.0 15.0 48.0 
29.0 25.0 22.0 15.0 48.0 
29.0 25.0 22.0 15.0 48.0 
29.0 25.0 22.0 15.0 48.0 
29.0 25.0 22.0 15.0 48.0 
79.0 60.0 20.0 83.0 51.0 
79.0 60.0 20.0 83.0 51.0 
44.0 23.0 45.0 86.0 15.0 
42.0 35.0 93.0 56.0 61.0 
51.0 13.0 39.0 15.0 67.0 
51.0 13.0 39.0 15.0 67.0 
51.0 13.0 39.0 15.0 67.0 
85.0 84.0 21.0 58.0 91.0 
97.0 26.0 58.0 49.0 32.0 
83.0 60.0 71.0 29.0 86.0 
65.0 88.0 77.0 40.0 50.0 
65.0 88.0 77.0 40.0 50.0 
65.0 88.0 77.0 40.0 50.0 
