85.0 23.0 48.0 63.0 
85.0 23.0 48.0 63.0 
85.0 23.0 48.0 63.0 
85.0 23.0 48.0 63.0 
85.0 23.0 48.0 63.0 
85.0 23.0 48.0 63.0 
85.0 23.0 48.0 63.0 
85.0 23.0 48.0 63.0 
85.0 23.0 48.0 63.0 
85.0 23.0 48.0 63.0 
85.0 23.0 48.0 63.0 
85.0 23.0 48.0 63.0 
85.0 23.0 48.0 63.0 
85.0 23.0 48.0 63.0 
85.0 23.0 48.0 63.0 
85.0 23.0 48.0 63.0 
85.0 23.0 48.0 63.0 
85.0 23.0 48.0 63.0 
97.0 12.0 100.0 80.0 
97.0 12.0 100.0 80.0 
97.0 12.0 100.0 80.0 
97.0 12.0 100.0 80.0 
97.0 12.0 100.0 80.0 
97.0 12.0 100.0 80.0 
97.0 12.0 100.0 80.0 
97.0 12.0 100.0 80.0 
97.0 12.0 100.0 80.0 
97.0 12.0 100.0 80.0 
52.0 53.0 63.0 18.0 
52.0 53.0 63.0 18.0 
52.0 53.0 63.0 18.0 
75.0 33.0 98.0 47.0 
75.0 33.0 98.0 47.0 
99.0 11.0 46.0 78.0 
28.0 25.0 72.0 73.0 
59.0 99.0 65.0 63.0 
59.0 99.0 65.0 63.0 
29.0 46.0 74.0 46.0 
63.0 42.0 61.0 66.0 
63.0 42.0 61.0 66.0 
