22.0 18.0 56.0 89.0 37.0 
22.0 18.0 56.0 89.0 37.0 
22.0 18.0 56.0 89.0 37.0 
22.0 18.0 56.0 89.0 37.0 
22.0 18.0 56.0 89.0 37.0 
22.0 18.0 56.0 89.0 37.0 
22.0 18.0 56.0 89.0 37.0 
22.0 18.0 56.0 89.0 37.0 
22.0 18.0 56.0 89.0 37.0 
22.0 18.0 56.0 89.0 37.0 
22.0 18.0 56.0 89.0 37.0 
22.0 18.0 56.0 89.0 37.0 
22.0 18.0 56.0 89.0 37.0 
22.0 18.0 56.0 89.0 37.0 
22.0 18.0 56.0 89.0 37.0 
22.0 18.0 56.0 89.0 37.0 
33.0 39.0 23.0 77.0 97.0 
33.0 39.0 23.0 77.0 97.0 
33.0 39.0 23.0 77.0 97.0 
33.0 39.0 23.0 77.0 97.0 
33.0 39.0 23.0 77.0 97.0 
33.0 39.0 23.0 77.0 97.0 
33.0 39.0 23.0 77.0 97.0 
33.0 39.0 23.0 77.0 97.0 
55.0 67.0 19.0 90.0 50.0 
64.0 48.0 23.0 91.0 56.0 
64.0 48.0 23.0 91.0 56.0 
64.0 48.0 23.0 91.0 56.0 
64.0 48.0 23.0 91.0 56.0 
64.0 48.0 23.0 91.0 56.0 
64.0 48.0 23.0 91.0 56.0 
64.0 48.0 23.0 91.0 56.0 
64.0 48.0 23.0 91.0 56.0 
64.0 48.0 23.0 91.0 56.0 
34.0 46.0 75.0 81.0 11.0 
58.0 99.0 46.0 95.0 33.0 
86.0 72.0 54.0 71.0 30.0 
62.0 55.0 51.0 36.0 47.0 
97.0 19.0 74.0 37.0 22.0 
97.0 19.0 74.0 37.0 22.0 
