60.0 19.0 47.0 88.0 
60.0 19.0 47.0 88.0 
60.0 19.0 47.0 88.0 
60.0 19.0 47.0 88.0 
60.0 19.0 47.0 88.0 
60.0 19.0 47.0 88.0 
60.0 19.0 47.0 88.0 
56.0 48.0 15.0 18.0 
56.0 48.0 15.0 18.0 
56.0 48.0 15.0 18.0 
56.0 48.0 15.0 18.0 
56.0 48.0 15.0 18.0 
56.0 48.0 15.0 18.0 
25.0 57.0 73.0 47.0 
25.0 57.0 73.0 47.0 
25.0 57.0 73.0 47.0 
25.0 57.0 73.0 47.0 
25.0 57.0 73.0 47.0 
25.0 57.0 73.0 47.0 
25.0 57.0 73.0 47.0 
92.0 67.0 67.0 64.0 
92.0 67.0 67.0 64.0 
92.0 67.0 67.0 64.0 
92.0 67.0 67.0 64.0 
92.0 67.0 67.0 64.0 
67.0 83.0 57.0 62.0 
67.0 83.0 57.0 62.0 
67.0 83.0 57.0 62.0 
67.0 83.0 57.0 62.0 
67.0 83.0 57.0 62.0 
67.0 83.0 57.0 62.0 
67.0 83.0 57.0 62.0 
67.0 83.0 57.0 62.0 
67.0 83.0 57.0 62.0 
89.0 76.0 53.0 27.0 
89.0 76.0 53.0 27.0 
18.0 90.0 55.0 13.0 
53.0 33.0 43.0 44.0 
55.0 60.0 36.0 16.0 
55.0 60.0 36.0 16.0 
