16.0 89.0 25.0 
16.0 89.0 25.0 
16.0 89.0 25.0 
16.0 89.0 25.0 
16.0 89.0 25.0 
16.0 89.0 25.0 
16.0 89.0 25.0 
16.0 89.0 25.0 
16.0 89.0 25.0 
16.0 89.0 25.0 
16.0 89.0 25.0 
16.0 89.0 25.0 
16.0 89.0 25.0 
16.0 89.0 25.0 
16.0 89.0 25.0 
16.0 89.0 25.0 
16.0 89.0 25.0 
16.0 89.0 25.0 
16.0 89.0 25.0 
16.0 89.0 25.0 
16.0 89.0 25.0 
16.0 89.0 25.0 
16.0 89.0 25.0 
16.0 89.0 25.0 
16.0 89.0 25.0 
16.0 89.0 25.0 
16.0 89.0 25.0 
16.0 89.0 25.0 
16.0 89.0 25.0 
16.0 89.0 25.0 
16.0 89.0 25.0 
49.0 55.0 85.0 
35.0 87.0 75.0 
25.0 73.0 31.0 
40.0 90.0 55.0 
64.0 71.0 53.0 
84.0 53.0 59.0 
83.0 13.0 55.0 
32.0 95.0 80.0 
32.0 95.0 80.0 
