30.0 59.0 58.0 
30.0 59.0 58.0 
30.0 59.0 58.0 
30.0 59.0 58.0 
30.0 59.0 58.0 
30.0 59.0 58.0 
30.0 59.0 58.0 
30.0 59.0 58.0 
30.0 59.0 58.0 
30.0 59.0 58.0 
30.0 59.0 58.0 
30.0 59.0 58.0 
30.0 59.0 58.0 
30.0 59.0 58.0 
30.0 59.0 58.0 
30.0 59.0 58.0 
30.0 59.0 58.0 
30.0 59.0 58.0 
30.0 59.0 58.0 
30.0 59.0 58.0 
30.0 59.0 58.0 
30.0 59.0 58.0 
30.0 59.0 58.0 
30.0 59.0 58.0 
30.0 59.0 58.0 
30.0 59.0 58.0 
30.0 59.0 58.0 
30.0 59.0 58.0 
30.0 59.0 58.0 
30.0 59.0 58.0 
91.0 32.0 48.0 
23.0 50.0 32.0 
23.0 50.0 32.0 
69.0 40.0 85.0 
12.0 50.0 19.0 
88.0 99.0 43.0 
53.0 75.0 46.0 
52.0 20.0 15.0 
69.0 17.0 15.0 
69.0 17.0 15.0 
