75.0 40.0 98.0 
75.0 40.0 98.0 
75.0 40.0 98.0 
75.0 40.0 98.0 
75.0 40.0 98.0 
75.0 40.0 98.0 
75.0 40.0 98.0 
75.0 40.0 98.0 
75.0 40.0 98.0 
75.0 40.0 98.0 
75.0 40.0 98.0 
75.0 40.0 98.0 
75.0 40.0 98.0 
75.0 40.0 98.0 
75.0 40.0 98.0 
75.0 40.0 98.0 
75.0 40.0 98.0 
75.0 40.0 98.0 
75.0 40.0 98.0 
75.0 40.0 98.0 
75.0 40.0 98.0 
75.0 40.0 98.0 
75.0 40.0 98.0 
75.0 40.0 98.0 
75.0 40.0 98.0 
75.0 40.0 98.0 
75.0 40.0 98.0 
75.0 40.0 98.0 
100.0 67.0 52.0 
100.0 67.0 52.0 
100.0 67.0 52.0 
65.0 60.0 57.0 
65.0 16.0 38.0 
65.0 16.0 38.0 
74.0 80.0 25.0 
83.0 76.0 54.0 
14.0 55.0 90.0 
34.0 57.0 22.0 
78.0 77.0 56.0 
78.0 77.0 56.0 
