84.0 95.0 22.0 81.0 78.0 
84.0 95.0 22.0 81.0 78.0 
84.0 95.0 22.0 81.0 78.0 
84.0 95.0 22.0 81.0 78.0 
84.0 95.0 22.0 81.0 78.0 
84.0 95.0 22.0 81.0 78.0 
76.0 13.0 19.0 33.0 57.0 
76.0 13.0 19.0 33.0 57.0 
76.0 13.0 19.0 33.0 57.0 
76.0 13.0 19.0 33.0 57.0 
23.0 38.0 12.0 18.0 99.0 
23.0 38.0 12.0 18.0 99.0 
23.0 38.0 12.0 18.0 99.0 
23.0 38.0 12.0 18.0 99.0 
23.0 38.0 12.0 18.0 99.0 
23.0 38.0 12.0 18.0 99.0 
21.0 55.0 70.0 99.0 67.0 
21.0 55.0 70.0 99.0 67.0 
21.0 55.0 70.0 99.0 67.0 
21.0 55.0 70.0 99.0 67.0 
21.0 55.0 70.0 99.0 67.0 
21.0 55.0 70.0 99.0 67.0 
21.0 55.0 70.0 99.0 67.0 
21.0 55.0 70.0 99.0 67.0 
21.0 55.0 70.0 99.0 67.0 
21.0 55.0 70.0 99.0 67.0 
57.0 12.0 53.0 73.0 41.0 
63.0 35.0 41.0 40.0 87.0 
44.0 16.0 78.0 75.0 76.0 
44.0 16.0 78.0 75.0 76.0 
44.0 16.0 78.0 75.0 76.0 
44.0 16.0 78.0 75.0 76.0 
44.0 16.0 78.0 75.0 76.0 
44.0 16.0 78.0 75.0 76.0 
44.0 16.0 78.0 75.0 76.0 
60.0 89.0 51.0 14.0 95.0 
60.0 89.0 51.0 14.0 95.0 
13.0 19.0 73.0 49.0 72.0 
13.0 19.0 73.0 49.0 72.0 
13.0 19.0 73.0 49.0 72.0 
