39.0 30.0 37.0 
39.0 30.0 37.0 
39.0 30.0 37.0 
39.0 30.0 37.0 
39.0 30.0 37.0 
39.0 30.0 37.0 
39.0 30.0 37.0 
39.0 30.0 37.0 
39.0 30.0 37.0 
39.0 30.0 37.0 
39.0 30.0 37.0 
39.0 30.0 37.0 
39.0 30.0 37.0 
39.0 30.0 37.0 
39.0 30.0 37.0 
39.0 30.0 37.0 
39.0 30.0 37.0 
39.0 30.0 37.0 
39.0 30.0 37.0 
39.0 30.0 37.0 
39.0 30.0 37.0 
39.0 30.0 37.0 
39.0 30.0 37.0 
39.0 30.0 37.0 
39.0 30.0 37.0 
39.0 30.0 37.0 
39.0 30.0 37.0 
29.0 59.0 43.0 
29.0 59.0 43.0 
29.0 59.0 43.0 
29.0 59.0 43.0 
18.0 67.0 33.0 
18.0 67.0 33.0 
98.0 18.0 74.0 
53.0 38.0 91.0 
56.0 46.0 40.0 
29.0 29.0 66.0 
65.0 85.0 86.0 
61.0 57.0 45.0 
61.0 57.0 45.0 
