76.0 72.0 14.0 
76.0 72.0 14.0 
76.0 72.0 14.0 
76.0 72.0 14.0 
76.0 72.0 14.0 
76.0 72.0 14.0 
76.0 72.0 14.0 
76.0 72.0 14.0 
76.0 72.0 14.0 
76.0 72.0 14.0 
76.0 72.0 14.0 
76.0 72.0 14.0 
76.0 72.0 14.0 
76.0 72.0 14.0 
76.0 72.0 14.0 
76.0 72.0 14.0 
76.0 72.0 14.0 
76.0 72.0 14.0 
76.0 72.0 14.0 
76.0 72.0 14.0 
76.0 72.0 14.0 
76.0 72.0 14.0 
66.0 78.0 89.0 
66.0 78.0 89.0 
66.0 78.0 89.0 
66.0 78.0 89.0 
66.0 78.0 89.0 
66.0 78.0 89.0 
47.0 17.0 31.0 
37.0 62.0 60.0 
37.0 62.0 60.0 
37.0 62.0 60.0 
90.0 29.0 38.0 
90.0 29.0 38.0 
90.0 29.0 38.0 
48.0 64.0 26.0 
18.0 49.0 60.0 
38.0 89.0 20.0 
90.0 78.0 24.0 
90.0 78.0 24.0 
