62.0 78.0 43.0 41.0 56.0 
62.0 78.0 43.0 41.0 56.0 
62.0 78.0 43.0 41.0 56.0 
62.0 78.0 43.0 41.0 56.0 
62.0 78.0 43.0 41.0 56.0 
62.0 78.0 43.0 41.0 56.0 
62.0 78.0 43.0 41.0 56.0 
62.0 78.0 43.0 41.0 56.0 
62.0 78.0 43.0 41.0 56.0 
62.0 78.0 43.0 41.0 56.0 
62.0 78.0 43.0 41.0 56.0 
62.0 78.0 43.0 41.0 56.0 
62.0 78.0 43.0 41.0 56.0 
62.0 78.0 43.0 41.0 56.0 
62.0 78.0 43.0 41.0 56.0 
62.0 78.0 43.0 41.0 56.0 
62.0 78.0 43.0 41.0 56.0 
62.0 78.0 43.0 41.0 56.0 
62.0 78.0 43.0 41.0 56.0 
62.0 78.0 43.0 41.0 56.0 
62.0 78.0 43.0 41.0 56.0 
62.0 78.0 43.0 41.0 56.0 
62.0 78.0 43.0 41.0 56.0 
62.0 78.0 43.0 41.0 56.0 
62.0 78.0 43.0 41.0 56.0 
62.0 78.0 43.0 41.0 56.0 
56.0 63.0 80.0 82.0 88.0 
61.0 62.0 80.0 25.0 48.0 
61.0 62.0 80.0 25.0 48.0 
61.0 62.0 80.0 25.0 48.0 
61.0 62.0 80.0 25.0 48.0 
92.0 34.0 81.0 30.0 76.0 
92.0 34.0 81.0 30.0 76.0 
86.0 54.0 50.0 34.0 21.0 
86.0 54.0 50.0 34.0 21.0 
32.0 75.0 52.0 66.0 24.0 
50.0 20.0 66.0 24.0 67.0 
78.0 12.0 82.0 90.0 93.0 
78.0 37.0 72.0 85.0 44.0 
78.0 37.0 72.0 85.0 44.0 
