51.0 25.0 20.0 33.0 11.0 
51.0 25.0 20.0 33.0 11.0 
51.0 25.0 20.0 33.0 11.0 
51.0 25.0 20.0 33.0 11.0 
51.0 25.0 20.0 33.0 11.0 
51.0 25.0 20.0 33.0 11.0 
51.0 25.0 20.0 33.0 11.0 
51.0 25.0 20.0 33.0 11.0 
51.0 25.0 20.0 33.0 11.0 
51.0 25.0 20.0 33.0 11.0 
15.0 67.0 47.0 86.0 28.0 
15.0 67.0 47.0 86.0 28.0 
15.0 67.0 47.0 86.0 28.0 
15.0 67.0 47.0 86.0 28.0 
15.0 67.0 47.0 86.0 28.0 
15.0 67.0 47.0 86.0 28.0 
15.0 67.0 47.0 86.0 28.0 
15.0 67.0 47.0 86.0 28.0 
15.0 67.0 47.0 86.0 28.0 
15.0 67.0 47.0 86.0 28.0 
15.0 67.0 47.0 86.0 28.0 
15.0 67.0 47.0 86.0 28.0 
15.0 67.0 47.0 86.0 28.0 
15.0 67.0 47.0 86.0 28.0 
15.0 67.0 47.0 86.0 28.0 
15.0 67.0 47.0 86.0 28.0 
15.0 67.0 47.0 86.0 28.0 
15.0 67.0 47.0 86.0 28.0 
96.0 83.0 82.0 35.0 86.0 
96.0 83.0 82.0 35.0 86.0 
96.0 83.0 82.0 35.0 86.0 
64.0 48.0 11.0 40.0 55.0 
64.0 48.0 11.0 40.0 55.0 
64.0 48.0 11.0 40.0 55.0 
94.0 49.0 52.0 28.0 53.0 
37.0 40.0 12.0 61.0 83.0 
87.0 32.0 56.0 87.0 75.0 
100.0 70.0 14.0 40.0 40.0 
66.0 53.0 20.0 98.0 54.0 
66.0 53.0 20.0 98.0 54.0 
