63.0 80.0 39.0 38.0 
63.0 80.0 39.0 38.0 
63.0 80.0 39.0 38.0 
63.0 80.0 39.0 38.0 
63.0 80.0 39.0 38.0 
63.0 80.0 39.0 38.0 
63.0 80.0 39.0 38.0 
63.0 80.0 39.0 38.0 
63.0 80.0 39.0 38.0 
63.0 80.0 39.0 38.0 
63.0 80.0 39.0 38.0 
39.0 61.0 28.0 12.0 
39.0 61.0 28.0 12.0 
39.0 61.0 28.0 12.0 
39.0 61.0 28.0 12.0 
39.0 61.0 28.0 12.0 
39.0 61.0 28.0 12.0 
39.0 61.0 28.0 12.0 
39.0 61.0 28.0 12.0 
39.0 61.0 28.0 12.0 
39.0 61.0 28.0 12.0 
39.0 61.0 28.0 12.0 
39.0 61.0 28.0 12.0 
21.0 27.0 36.0 65.0 
21.0 27.0 36.0 65.0 
21.0 27.0 36.0 65.0 
21.0 27.0 36.0 65.0 
21.0 27.0 36.0 65.0 
21.0 27.0 36.0 65.0 
21.0 27.0 36.0 65.0 
21.0 27.0 36.0 65.0 
21.0 27.0 36.0 65.0 
21.0 27.0 36.0 65.0 
98.0 30.0 41.0 36.0 
79.0 69.0 44.0 29.0 
12.0 67.0 18.0 63.0 
33.0 87.0 30.0 59.0 
90.0 43.0 93.0 38.0 
95.0 99.0 44.0 35.0 
95.0 99.0 44.0 35.0 
