91.0 80.0 28.0 72.0 24.0 
91.0 80.0 28.0 72.0 24.0 
91.0 80.0 28.0 72.0 24.0 
91.0 80.0 28.0 72.0 24.0 
91.0 80.0 28.0 72.0 24.0 
91.0 80.0 28.0 72.0 24.0 
91.0 80.0 28.0 72.0 24.0 
91.0 80.0 28.0 72.0 24.0 
91.0 80.0 28.0 72.0 24.0 
91.0 80.0 28.0 72.0 24.0 
91.0 80.0 28.0 72.0 24.0 
91.0 80.0 28.0 72.0 24.0 
91.0 80.0 28.0 72.0 24.0 
91.0 80.0 28.0 72.0 24.0 
91.0 80.0 28.0 72.0 24.0 
91.0 80.0 28.0 72.0 24.0 
91.0 80.0 28.0 72.0 24.0 
91.0 80.0 28.0 72.0 24.0 
91.0 80.0 28.0 72.0 24.0 
91.0 80.0 28.0 72.0 24.0 
91.0 80.0 28.0 72.0 24.0 
91.0 80.0 28.0 72.0 24.0 
91.0 80.0 28.0 72.0 24.0 
91.0 80.0 28.0 72.0 24.0 
91.0 80.0 28.0 72.0 24.0 
91.0 80.0 28.0 72.0 24.0 
91.0 80.0 28.0 72.0 24.0 
91.0 80.0 28.0 72.0 24.0 
91.0 80.0 28.0 72.0 24.0 
91.0 80.0 28.0 72.0 24.0 
91.0 80.0 28.0 72.0 24.0 
91.0 80.0 28.0 72.0 24.0 
91.0 80.0 28.0 72.0 24.0 
91.0 80.0 28.0 72.0 24.0 
91.0 80.0 28.0 72.0 24.0 
91.0 80.0 28.0 72.0 24.0 
91.0 80.0 28.0 72.0 24.0 
91.0 80.0 28.0 72.0 24.0 
91.0 80.0 28.0 72.0 24.0 
91.0 80.0 28.0 72.0 24.0 
91.0 80.0 28.0 72.0 24.0 
91.0 80.0 28.0 72.0 24.0 
91.0 80.0 28.0 72.0 24.0 
91.0 80.0 28.0 72.0 24.0 
91.0 80.0 28.0 72.0 24.0 
91.0 80.0 28.0 72.0 24.0 
91.0 80.0 28.0 72.0 24.0 
91.0 80.0 28.0 72.0 24.0 
91.0 80.0 28.0 72.0 24.0 
72.0 25.0 71.0 68.0 11.0 
72.0 25.0 71.0 68.0 11.0 
12.0 44.0 90.0 27.0 12.0 
58.0 99.0 37.0 41.0 15.0 
57.0 23.0 62.0 19.0 98.0 
98.0 84.0 91.0 90.0 76.0 
68.0 57.0 27.0 35.0 36.0 
68.0 82.0 63.0 38.0 70.0 
51.0 58.0 17.0 53.0 56.0 
34.0 23.0 99.0 88.0 37.0 
34.0 23.0 99.0 88.0 37.0 
