21.0 98.0 31.0 67.0 
21.0 98.0 31.0 67.0 
21.0 98.0 31.0 67.0 
21.0 98.0 31.0 67.0 
21.0 98.0 31.0 67.0 
21.0 98.0 31.0 67.0 
50.0 55.0 14.0 68.0 
50.0 55.0 14.0 68.0 
50.0 55.0 14.0 68.0 
50.0 55.0 14.0 68.0 
50.0 55.0 14.0 68.0 
50.0 55.0 14.0 68.0 
50.0 55.0 14.0 68.0 
50.0 55.0 14.0 68.0 
50.0 55.0 14.0 68.0 
50.0 55.0 14.0 68.0 
50.0 55.0 14.0 68.0 
50.0 55.0 14.0 68.0 
50.0 55.0 14.0 68.0 
50.0 55.0 14.0 68.0 
50.0 55.0 14.0 68.0 
50.0 55.0 14.0 68.0 
50.0 55.0 14.0 68.0 
50.0 55.0 14.0 68.0 
50.0 55.0 14.0 68.0 
50.0 55.0 14.0 68.0 
50.0 55.0 14.0 68.0 
50.0 55.0 14.0 68.0 
50.0 55.0 14.0 68.0 
50.0 55.0 14.0 68.0 
50.0 55.0 14.0 68.0 
50.0 55.0 14.0 68.0 
77.0 76.0 99.0 78.0 
77.0 76.0 99.0 78.0 
77.0 76.0 99.0 78.0 
77.0 76.0 99.0 78.0 
77.0 76.0 99.0 78.0 
77.0 76.0 99.0 78.0 
77.0 76.0 99.0 78.0 
77.0 76.0 99.0 78.0 
77.0 76.0 99.0 78.0 
77.0 76.0 99.0 78.0 
77.0 76.0 99.0 78.0 
77.0 76.0 99.0 78.0 
77.0 76.0 99.0 78.0 
56.0 35.0 78.0 77.0 
56.0 35.0 78.0 77.0 
56.0 35.0 78.0 77.0 
56.0 35.0 78.0 77.0 
56.0 35.0 78.0 77.0 
69.0 31.0 82.0 80.0 
69.0 31.0 82.0 80.0 
69.0 31.0 82.0 80.0 
31.0 30.0 81.0 41.0 
31.0 30.0 81.0 41.0 
40.0 42.0 84.0 39.0 
73.0 55.0 92.0 68.0 
92.0 63.0 54.0 15.0 
95.0 28.0 65.0 36.0 
95.0 28.0 65.0 36.0 
