92.0 61.0 20.0 
92.0 61.0 20.0 
92.0 61.0 20.0 
92.0 61.0 20.0 
92.0 61.0 20.0 
92.0 61.0 20.0 
92.0 61.0 20.0 
92.0 61.0 20.0 
92.0 61.0 20.0 
92.0 61.0 20.0 
92.0 61.0 20.0 
92.0 61.0 20.0 
92.0 61.0 20.0 
92.0 61.0 20.0 
92.0 61.0 20.0 
92.0 61.0 20.0 
92.0 61.0 20.0 
92.0 61.0 20.0 
92.0 61.0 20.0 
92.0 61.0 20.0 
92.0 61.0 20.0 
92.0 61.0 20.0 
92.0 61.0 20.0 
92.0 61.0 20.0 
92.0 61.0 20.0 
92.0 61.0 20.0 
92.0 61.0 20.0 
92.0 61.0 20.0 
92.0 61.0 20.0 
92.0 61.0 20.0 
92.0 61.0 20.0 
92.0 61.0 20.0 
92.0 61.0 20.0 
92.0 61.0 20.0 
92.0 61.0 20.0 
92.0 61.0 20.0 
92.0 61.0 20.0 
92.0 61.0 20.0 
92.0 61.0 20.0 
92.0 61.0 20.0 
92.0 61.0 20.0 
77.0 27.0 31.0 
77.0 27.0 31.0 
30.0 22.0 31.0 
30.0 22.0 31.0 
30.0 22.0 31.0 
30.0 22.0 31.0 
80.0 76.0 97.0 
80.0 76.0 97.0 
80.0 76.0 97.0 
80.0 76.0 97.0 
80.0 76.0 97.0 
80.0 76.0 97.0 
91.0 71.0 49.0 
74.0 96.0 80.0 
36.0 55.0 85.0 
69.0 28.0 21.0 
76.0 13.0 50.0 
41.0 20.0 78.0 
41.0 20.0 78.0 
