50.0 84.0 56.0 56.0 59.0 
50.0 84.0 56.0 56.0 59.0 
50.0 84.0 56.0 56.0 59.0 
50.0 84.0 56.0 56.0 59.0 
50.0 84.0 56.0 56.0 59.0 
50.0 84.0 56.0 56.0 59.0 
50.0 84.0 56.0 56.0 59.0 
50.0 84.0 56.0 56.0 59.0 
50.0 84.0 56.0 56.0 59.0 
50.0 84.0 56.0 56.0 59.0 
50.0 84.0 56.0 56.0 59.0 
50.0 84.0 56.0 56.0 59.0 
50.0 84.0 56.0 56.0 59.0 
50.0 84.0 56.0 56.0 59.0 
50.0 84.0 56.0 56.0 59.0 
50.0 84.0 56.0 56.0 59.0 
50.0 84.0 56.0 56.0 59.0 
50.0 84.0 56.0 56.0 59.0 
50.0 84.0 56.0 56.0 59.0 
50.0 84.0 56.0 56.0 59.0 
50.0 84.0 56.0 56.0 59.0 
50.0 84.0 56.0 56.0 59.0 
50.0 84.0 56.0 56.0 59.0 
50.0 84.0 56.0 56.0 59.0 
50.0 84.0 56.0 56.0 59.0 
50.0 84.0 56.0 56.0 59.0 
50.0 84.0 56.0 56.0 59.0 
50.0 84.0 56.0 56.0 59.0 
50.0 84.0 56.0 56.0 59.0 
50.0 84.0 56.0 56.0 59.0 
50.0 84.0 56.0 56.0 59.0 
50.0 84.0 56.0 56.0 59.0 
50.0 84.0 56.0 56.0 59.0 
50.0 84.0 56.0 56.0 59.0 
50.0 84.0 56.0 56.0 59.0 
50.0 84.0 56.0 56.0 59.0 
97.0 27.0 24.0 84.0 91.0 
97.0 27.0 24.0 84.0 91.0 
97.0 27.0 24.0 84.0 91.0 
97.0 27.0 24.0 84.0 91.0 
97.0 27.0 24.0 84.0 91.0 
97.0 27.0 24.0 84.0 91.0 
97.0 27.0 24.0 84.0 91.0 
97.0 27.0 24.0 84.0 91.0 
97.0 27.0 24.0 84.0 91.0 
97.0 27.0 24.0 84.0 91.0 
97.0 27.0 24.0 84.0 91.0 
97.0 27.0 24.0 84.0 91.0 
97.0 27.0 24.0 84.0 91.0 
97.0 27.0 24.0 84.0 91.0 
97.0 27.0 24.0 84.0 91.0 
83.0 74.0 56.0 86.0 44.0 
80.0 81.0 17.0 47.0 11.0 
94.0 63.0 57.0 96.0 27.0 
56.0 29.0 50.0 41.0 44.0 
76.0 11.0 35.0 66.0 58.0 
31.0 17.0 76.0 32.0 57.0 
22.0 37.0 11.0 53.0 94.0 
28.0 53.0 38.0 76.0 83.0 
28.0 53.0 38.0 76.0 83.0 
