86.0 51.0 19.0 54.0 48.0 
86.0 51.0 19.0 54.0 48.0 
86.0 51.0 19.0 54.0 48.0 
86.0 51.0 19.0 54.0 48.0 
86.0 51.0 19.0 54.0 48.0 
86.0 51.0 19.0 54.0 48.0 
86.0 51.0 19.0 54.0 48.0 
86.0 51.0 19.0 54.0 48.0 
86.0 51.0 19.0 54.0 48.0 
86.0 51.0 19.0 54.0 48.0 
86.0 51.0 19.0 54.0 48.0 
86.0 51.0 19.0 54.0 48.0 
86.0 51.0 19.0 54.0 48.0 
86.0 51.0 19.0 54.0 48.0 
86.0 51.0 19.0 54.0 48.0 
86.0 51.0 19.0 54.0 48.0 
55.0 95.0 38.0 56.0 71.0 
55.0 95.0 38.0 56.0 71.0 
55.0 95.0 38.0 56.0 71.0 
55.0 95.0 38.0 56.0 71.0 
55.0 95.0 38.0 56.0 71.0 
55.0 95.0 38.0 56.0 71.0 
55.0 95.0 38.0 56.0 71.0 
55.0 95.0 38.0 56.0 71.0 
55.0 95.0 38.0 56.0 71.0 
55.0 95.0 38.0 56.0 71.0 
55.0 95.0 38.0 56.0 71.0 
55.0 95.0 38.0 56.0 71.0 
55.0 95.0 38.0 56.0 71.0 
55.0 95.0 38.0 56.0 71.0 
55.0 95.0 38.0 56.0 71.0 
55.0 95.0 38.0 56.0 71.0 
55.0 95.0 38.0 56.0 71.0 
55.0 95.0 38.0 56.0 71.0 
55.0 95.0 38.0 56.0 71.0 
55.0 95.0 38.0 56.0 71.0 
88.0 57.0 83.0 57.0 27.0 
88.0 57.0 83.0 57.0 27.0 
88.0 57.0 83.0 57.0 27.0 
88.0 57.0 83.0 57.0 27.0 
88.0 57.0 83.0 57.0 27.0 
88.0 57.0 83.0 57.0 27.0 
88.0 57.0 83.0 57.0 27.0 
88.0 57.0 83.0 57.0 27.0 
88.0 57.0 83.0 57.0 27.0 
86.0 37.0 94.0 92.0 34.0 
86.0 37.0 94.0 92.0 34.0 
86.0 37.0 94.0 92.0 34.0 
84.0 58.0 68.0 17.0 94.0 
84.0 58.0 68.0 17.0 94.0 
84.0 58.0 68.0 17.0 94.0 
84.0 58.0 68.0 17.0 94.0 
84.0 58.0 68.0 17.0 94.0 
84.0 58.0 68.0 17.0 94.0 
64.0 100.0 46.0 77.0 95.0 
26.0 66.0 54.0 91.0 36.0 
64.0 22.0 91.0 52.0 63.0 
50.0 31.0 34.0 86.0 75.0 
16.0 75.0 94.0 93.0 38.0 
16.0 75.0 94.0 93.0 38.0 
