31.0 74.0 50.0 
31.0 74.0 50.0 
31.0 74.0 50.0 
31.0 74.0 50.0 
31.0 74.0 50.0 
31.0 74.0 50.0 
31.0 74.0 50.0 
31.0 74.0 50.0 
21.0 94.0 33.0 
21.0 94.0 33.0 
21.0 94.0 33.0 
21.0 94.0 33.0 
21.0 94.0 33.0 
21.0 94.0 33.0 
21.0 94.0 33.0 
21.0 94.0 33.0 
21.0 94.0 33.0 
21.0 94.0 33.0 
21.0 94.0 33.0 
21.0 94.0 33.0 
21.0 94.0 33.0 
21.0 94.0 33.0 
64.0 29.0 57.0 
64.0 29.0 57.0 
64.0 29.0 57.0 
64.0 29.0 57.0 
64.0 29.0 57.0 
64.0 29.0 57.0 
64.0 29.0 57.0 
64.0 29.0 57.0 
64.0 29.0 57.0 
64.0 29.0 57.0 
64.0 29.0 57.0 
64.0 29.0 57.0 
64.0 29.0 57.0 
64.0 29.0 57.0 
64.0 29.0 57.0 
37.0 43.0 20.0 
37.0 43.0 20.0 
37.0 43.0 20.0 
37.0 43.0 20.0 
37.0 43.0 20.0 
37.0 43.0 20.0 
37.0 43.0 20.0 
37.0 43.0 20.0 
37.0 43.0 20.0 
29.0 59.0 68.0 
29.0 59.0 68.0 
29.0 59.0 68.0 
54.0 80.0 88.0 
54.0 80.0 88.0 
54.0 80.0 88.0 
54.0 80.0 88.0 
71.0 56.0 11.0 
71.0 56.0 11.0 
72.0 58.0 35.0 
92.0 25.0 77.0 
92.0 25.0 77.0 
43.0 75.0 73.0 
43.0 75.0 73.0 
