76.0 31.0 70.0 86.0 69.0 
76.0 31.0 70.0 86.0 69.0 
76.0 31.0 70.0 86.0 69.0 
76.0 31.0 70.0 86.0 69.0 
76.0 31.0 70.0 86.0 69.0 
76.0 31.0 70.0 86.0 69.0 
76.0 31.0 70.0 86.0 69.0 
76.0 31.0 70.0 86.0 69.0 
76.0 31.0 70.0 86.0 69.0 
76.0 31.0 70.0 86.0 69.0 
76.0 31.0 70.0 86.0 69.0 
76.0 31.0 70.0 86.0 69.0 
76.0 31.0 70.0 86.0 69.0 
76.0 31.0 70.0 86.0 69.0 
76.0 31.0 70.0 86.0 69.0 
76.0 31.0 70.0 86.0 69.0 
76.0 31.0 70.0 86.0 69.0 
76.0 31.0 70.0 86.0 69.0 
76.0 31.0 70.0 86.0 69.0 
76.0 31.0 70.0 86.0 69.0 
76.0 31.0 70.0 86.0 69.0 
76.0 31.0 70.0 86.0 69.0 
76.0 31.0 70.0 86.0 69.0 
76.0 31.0 70.0 86.0 69.0 
76.0 31.0 70.0 86.0 69.0 
76.0 31.0 70.0 86.0 69.0 
76.0 31.0 70.0 86.0 69.0 
76.0 31.0 70.0 86.0 69.0 
76.0 31.0 70.0 86.0 69.0 
76.0 31.0 70.0 86.0 69.0 
76.0 31.0 70.0 86.0 69.0 
76.0 31.0 70.0 86.0 69.0 
76.0 31.0 70.0 86.0 69.0 
76.0 31.0 70.0 86.0 69.0 
76.0 31.0 70.0 86.0 69.0 
76.0 31.0 70.0 86.0 69.0 
76.0 31.0 70.0 86.0 69.0 
76.0 31.0 70.0 86.0 69.0 
76.0 31.0 70.0 86.0 69.0 
76.0 31.0 70.0 86.0 69.0 
76.0 31.0 70.0 86.0 69.0 
76.0 31.0 70.0 86.0 69.0 
76.0 31.0 70.0 86.0 69.0 
17.0 59.0 95.0 93.0 64.0 
17.0 59.0 95.0 93.0 64.0 
17.0 59.0 95.0 93.0 64.0 
17.0 59.0 95.0 93.0 64.0 
17.0 59.0 95.0 93.0 64.0 
17.0 59.0 95.0 93.0 64.0 
68.0 23.0 91.0 43.0 43.0 
68.0 23.0 91.0 43.0 43.0 
68.0 23.0 91.0 43.0 43.0 
54.0 32.0 54.0 98.0 97.0 
65.0 48.0 75.0 61.0 44.0 
67.0 42.0 61.0 50.0 42.0 
60.0 76.0 81.0 83.0 57.0 
32.0 64.0 56.0 53.0 53.0 
56.0 47.0 27.0 41.0 26.0 
98.0 49.0 50.0 39.0 77.0 
98.0 49.0 50.0 39.0 77.0 
