24.0 51.0 100.0 
24.0 51.0 100.0 
24.0 51.0 100.0 
24.0 51.0 100.0 
24.0 51.0 100.0 
24.0 51.0 100.0 
24.0 51.0 100.0 
24.0 51.0 100.0 
24.0 51.0 100.0 
85.0 33.0 68.0 
85.0 33.0 68.0 
85.0 33.0 68.0 
85.0 33.0 68.0 
85.0 33.0 68.0 
85.0 33.0 68.0 
85.0 33.0 68.0 
85.0 33.0 68.0 
85.0 33.0 68.0 
85.0 33.0 68.0 
85.0 33.0 68.0 
85.0 33.0 68.0 
85.0 33.0 68.0 
85.0 33.0 68.0 
85.0 33.0 68.0 
85.0 33.0 68.0 
85.0 33.0 68.0 
85.0 33.0 68.0 
85.0 33.0 68.0 
85.0 33.0 68.0 
85.0 33.0 68.0 
85.0 33.0 68.0 
85.0 33.0 68.0 
85.0 33.0 68.0 
85.0 33.0 68.0 
85.0 33.0 68.0 
85.0 33.0 68.0 
85.0 33.0 68.0 
85.0 33.0 68.0 
85.0 33.0 68.0 
85.0 33.0 68.0 
85.0 33.0 68.0 
85.0 33.0 68.0 
85.0 33.0 68.0 
85.0 33.0 68.0 
85.0 33.0 68.0 
85.0 33.0 68.0 
85.0 33.0 68.0 
85.0 33.0 68.0 
85.0 33.0 68.0 
85.0 33.0 68.0 
85.0 33.0 68.0 
76.0 70.0 23.0 
13.0 31.0 20.0 
85.0 48.0 51.0 
29.0 54.0 41.0 
17.0 48.0 51.0 
76.0 100.0 50.0 
60.0 82.0 12.0 
57.0 78.0 61.0 
57.0 78.0 61.0 
