36.0 76.0 37.0 
36.0 76.0 37.0 
36.0 76.0 37.0 
36.0 76.0 37.0 
36.0 76.0 37.0 
36.0 76.0 37.0 
36.0 76.0 37.0 
36.0 76.0 37.0 
36.0 76.0 37.0 
36.0 76.0 37.0 
36.0 76.0 37.0 
36.0 76.0 37.0 
36.0 76.0 37.0 
36.0 76.0 37.0 
36.0 76.0 37.0 
36.0 76.0 37.0 
36.0 76.0 37.0 
36.0 76.0 37.0 
36.0 76.0 37.0 
36.0 76.0 37.0 
36.0 76.0 37.0 
36.0 76.0 37.0 
36.0 76.0 37.0 
36.0 76.0 37.0 
36.0 76.0 37.0 
52.0 14.0 63.0 
52.0 14.0 63.0 
52.0 14.0 63.0 
52.0 14.0 63.0 
52.0 14.0 63.0 
52.0 14.0 63.0 
52.0 14.0 63.0 
52.0 14.0 63.0 
52.0 14.0 63.0 
96.0 41.0 34.0 
96.0 41.0 34.0 
96.0 41.0 34.0 
96.0 41.0 34.0 
96.0 41.0 34.0 
96.0 41.0 34.0 
12.0 35.0 39.0 
12.0 35.0 39.0 
12.0 35.0 39.0 
12.0 35.0 39.0 
12.0 35.0 39.0 
12.0 35.0 39.0 
12.0 35.0 39.0 
12.0 35.0 39.0 
12.0 35.0 39.0 
12.0 35.0 39.0 
40.0 46.0 17.0 
40.0 46.0 17.0 
40.0 46.0 17.0 
40.0 46.0 17.0 
68.0 13.0 25.0 
100.0 70.0 48.0 
24.0 12.0 69.0 
65.0 36.0 44.0 
82.0 94.0 95.0 
82.0 94.0 95.0 
