14.0 16.0 60.0 19.0 84.0 
14.0 16.0 60.0 19.0 84.0 
14.0 16.0 60.0 19.0 84.0 
14.0 16.0 60.0 19.0 84.0 
14.0 16.0 60.0 19.0 84.0 
14.0 16.0 60.0 19.0 84.0 
14.0 16.0 60.0 19.0 84.0 
14.0 16.0 60.0 19.0 84.0 
14.0 16.0 60.0 19.0 84.0 
14.0 16.0 60.0 19.0 84.0 
14.0 16.0 60.0 19.0 84.0 
14.0 16.0 60.0 19.0 84.0 
14.0 16.0 60.0 19.0 84.0 
14.0 16.0 60.0 19.0 84.0 
77.0 12.0 99.0 49.0 32.0 
77.0 12.0 99.0 49.0 32.0 
77.0 12.0 99.0 49.0 32.0 
77.0 12.0 99.0 49.0 32.0 
77.0 12.0 99.0 49.0 32.0 
77.0 12.0 99.0 49.0 32.0 
77.0 12.0 99.0 49.0 32.0 
77.0 12.0 99.0 49.0 32.0 
77.0 12.0 99.0 49.0 32.0 
77.0 12.0 99.0 49.0 32.0 
77.0 12.0 99.0 49.0 32.0 
77.0 12.0 99.0 49.0 32.0 
77.0 12.0 99.0 49.0 32.0 
77.0 12.0 99.0 49.0 32.0 
77.0 12.0 99.0 49.0 32.0 
77.0 12.0 99.0 49.0 32.0 
77.0 12.0 99.0 49.0 32.0 
77.0 12.0 99.0 49.0 32.0 
77.0 12.0 99.0 49.0 32.0 
77.0 12.0 99.0 49.0 32.0 
77.0 12.0 99.0 49.0 32.0 
77.0 12.0 99.0 49.0 32.0 
77.0 12.0 99.0 49.0 32.0 
77.0 12.0 99.0 49.0 32.0 
77.0 12.0 99.0 49.0 32.0 
77.0 12.0 99.0 49.0 32.0 
77.0 12.0 99.0 49.0 32.0 
77.0 12.0 99.0 49.0 32.0 
77.0 12.0 99.0 49.0 32.0 
42.0 84.0 54.0 53.0 100.0 
45.0 48.0 21.0 39.0 27.0 
45.0 48.0 21.0 39.0 27.0 
45.0 48.0 21.0 39.0 27.0 
45.0 48.0 21.0 39.0 27.0 
84.0 34.0 79.0 93.0 81.0 
84.0 34.0 79.0 93.0 81.0 
84.0 34.0 79.0 93.0 81.0 
84.0 34.0 79.0 93.0 81.0 
84.0 34.0 79.0 93.0 81.0 
84.0 34.0 79.0 93.0 81.0 
36.0 19.0 53.0 31.0 20.0 
60.0 94.0 21.0 62.0 26.0 
95.0 48.0 65.0 52.0 60.0 
15.0 91.0 23.0 68.0 100.0 
84.0 37.0 24.0 17.0 30.0 
84.0 37.0 24.0 17.0 30.0 
