38.0 82.0 79.0 37.0 
38.0 82.0 79.0 37.0 
38.0 82.0 79.0 37.0 
38.0 82.0 79.0 37.0 
50.0 38.0 17.0 29.0 
50.0 38.0 17.0 29.0 
50.0 38.0 17.0 29.0 
50.0 38.0 17.0 29.0 
50.0 38.0 17.0 29.0 
50.0 38.0 17.0 29.0 
50.0 38.0 17.0 29.0 
50.0 38.0 17.0 29.0 
50.0 38.0 17.0 29.0 
50.0 38.0 17.0 29.0 
50.0 38.0 17.0 29.0 
50.0 38.0 17.0 29.0 
50.0 38.0 17.0 29.0 
50.0 38.0 17.0 29.0 
50.0 38.0 17.0 29.0 
50.0 38.0 17.0 29.0 
50.0 38.0 17.0 29.0 
50.0 38.0 17.0 29.0 
50.0 38.0 17.0 29.0 
50.0 38.0 17.0 29.0 
50.0 38.0 17.0 29.0 
50.0 38.0 17.0 29.0 
50.0 38.0 17.0 29.0 
50.0 38.0 17.0 29.0 
50.0 38.0 17.0 29.0 
50.0 38.0 17.0 29.0 
50.0 38.0 17.0 29.0 
50.0 38.0 17.0 29.0 
50.0 38.0 17.0 29.0 
50.0 38.0 17.0 29.0 
50.0 38.0 17.0 29.0 
50.0 38.0 17.0 29.0 
50.0 38.0 17.0 29.0 
50.0 38.0 17.0 29.0 
21.0 92.0 94.0 100.0 
21.0 92.0 94.0 100.0 
56.0 12.0 50.0 77.0 
56.0 12.0 50.0 77.0 
56.0 39.0 28.0 41.0 
56.0 39.0 28.0 41.0 
56.0 39.0 28.0 41.0 
56.0 39.0 28.0 41.0 
56.0 39.0 28.0 41.0 
56.0 39.0 28.0 41.0 
56.0 39.0 28.0 41.0 
56.0 39.0 28.0 41.0 
56.0 39.0 28.0 41.0 
56.0 39.0 28.0 41.0 
56.0 39.0 28.0 41.0 
56.0 39.0 28.0 41.0 
34.0 88.0 77.0 59.0 
74.0 48.0 69.0 87.0 
58.0 64.0 33.0 98.0 
13.0 36.0 42.0 97.0 
43.0 96.0 50.0 39.0 
43.0 96.0 50.0 39.0 
