77.0 67.0 29.0 78.0 
77.0 67.0 29.0 78.0 
77.0 67.0 29.0 78.0 
46.0 11.0 14.0 27.0 
46.0 11.0 14.0 27.0 
46.0 11.0 14.0 27.0 
46.0 11.0 14.0 27.0 
46.0 11.0 14.0 27.0 
46.0 11.0 14.0 27.0 
46.0 11.0 14.0 27.0 
46.0 11.0 14.0 27.0 
46.0 11.0 14.0 27.0 
46.0 11.0 14.0 27.0 
46.0 11.0 14.0 27.0 
46.0 11.0 14.0 27.0 
46.0 11.0 14.0 27.0 
46.0 11.0 14.0 27.0 
46.0 11.0 14.0 27.0 
46.0 11.0 14.0 27.0 
46.0 11.0 14.0 27.0 
46.0 11.0 14.0 27.0 
46.0 11.0 14.0 27.0 
46.0 11.0 14.0 27.0 
46.0 11.0 14.0 27.0 
46.0 11.0 14.0 27.0 
46.0 11.0 14.0 27.0 
46.0 11.0 14.0 27.0 
46.0 11.0 14.0 27.0 
46.0 11.0 14.0 27.0 
46.0 11.0 14.0 27.0 
46.0 11.0 14.0 27.0 
46.0 11.0 14.0 27.0 
46.0 11.0 14.0 27.0 
55.0 98.0 12.0 76.0 
55.0 98.0 12.0 76.0 
55.0 98.0 12.0 76.0 
55.0 98.0 12.0 76.0 
55.0 98.0 12.0 76.0 
55.0 98.0 12.0 76.0 
55.0 98.0 12.0 76.0 
55.0 98.0 12.0 76.0 
55.0 98.0 12.0 76.0 
55.0 98.0 12.0 76.0 
55.0 98.0 12.0 76.0 
55.0 98.0 12.0 76.0 
55.0 98.0 12.0 76.0 
55.0 98.0 12.0 76.0 
55.0 98.0 12.0 76.0 
56.0 88.0 73.0 40.0 
56.0 88.0 73.0 40.0 
23.0 33.0 30.0 76.0 
78.0 34.0 43.0 82.0 
78.0 34.0 43.0 82.0 
77.0 81.0 80.0 32.0 
88.0 43.0 84.0 85.0 
26.0 71.0 24.0 55.0 
26.0 71.0 24.0 55.0 
26.0 71.0 24.0 55.0 
99.0 55.0 70.0 49.0 
99.0 55.0 70.0 49.0 
