37.0 65.0 16.0 15.0 
37.0 65.0 16.0 15.0 
37.0 65.0 16.0 15.0 
37.0 65.0 16.0 15.0 
37.0 65.0 16.0 15.0 
37.0 65.0 16.0 15.0 
37.0 65.0 16.0 15.0 
37.0 65.0 16.0 15.0 
37.0 65.0 16.0 15.0 
37.0 65.0 16.0 15.0 
37.0 65.0 16.0 15.0 
37.0 65.0 16.0 15.0 
37.0 65.0 16.0 15.0 
37.0 65.0 16.0 15.0 
37.0 65.0 16.0 15.0 
37.0 65.0 16.0 15.0 
37.0 65.0 16.0 15.0 
37.0 65.0 16.0 15.0 
37.0 65.0 16.0 15.0 
37.0 65.0 16.0 15.0 
37.0 65.0 16.0 15.0 
37.0 65.0 16.0 15.0 
37.0 65.0 16.0 15.0 
37.0 65.0 16.0 15.0 
37.0 65.0 16.0 15.0 
37.0 65.0 16.0 15.0 
81.0 30.0 87.0 99.0 
81.0 30.0 87.0 99.0 
81.0 30.0 87.0 99.0 
81.0 30.0 87.0 99.0 
81.0 30.0 87.0 99.0 
81.0 30.0 87.0 99.0 
81.0 30.0 87.0 99.0 
69.0 61.0 54.0 45.0 
69.0 61.0 54.0 45.0 
69.0 61.0 54.0 45.0 
69.0 61.0 54.0 45.0 
69.0 61.0 54.0 45.0 
69.0 61.0 54.0 45.0 
69.0 61.0 54.0 45.0 
69.0 61.0 54.0 45.0 
69.0 61.0 54.0 45.0 
69.0 61.0 54.0 45.0 
69.0 61.0 54.0 45.0 
54.0 15.0 75.0 47.0 
54.0 15.0 75.0 47.0 
54.0 15.0 75.0 47.0 
54.0 15.0 75.0 47.0 
54.0 15.0 75.0 47.0 
32.0 67.0 26.0 73.0 
32.0 67.0 26.0 73.0 
59.0 79.0 50.0 13.0 
59.0 79.0 50.0 13.0 
61.0 84.0 59.0 12.0 
61.0 84.0 59.0 12.0 
49.0 52.0 19.0 32.0 
57.0 77.0 54.0 83.0 
57.0 77.0 54.0 83.0 
14.0 43.0 55.0 98.0 
14.0 43.0 55.0 98.0 
