82.0 32.0 26.0 73.0 
82.0 32.0 26.0 73.0 
82.0 32.0 26.0 73.0 
82.0 32.0 26.0 73.0 
82.0 32.0 26.0 73.0 
82.0 32.0 26.0 73.0 
82.0 32.0 26.0 73.0 
82.0 32.0 26.0 73.0 
82.0 32.0 26.0 73.0 
82.0 32.0 26.0 73.0 
82.0 32.0 26.0 73.0 
82.0 32.0 26.0 73.0 
82.0 32.0 26.0 73.0 
82.0 32.0 26.0 73.0 
82.0 32.0 26.0 73.0 
82.0 32.0 26.0 73.0 
82.0 32.0 26.0 73.0 
82.0 32.0 26.0 73.0 
82.0 32.0 26.0 73.0 
82.0 32.0 26.0 73.0 
82.0 32.0 26.0 73.0 
82.0 32.0 26.0 73.0 
82.0 32.0 26.0 73.0 
82.0 32.0 26.0 73.0 
82.0 32.0 26.0 73.0 
82.0 32.0 26.0 73.0 
82.0 32.0 26.0 73.0 
82.0 32.0 26.0 73.0 
82.0 32.0 26.0 73.0 
82.0 32.0 26.0 73.0 
78.0 35.0 43.0 97.0 
78.0 35.0 43.0 97.0 
78.0 35.0 43.0 97.0 
78.0 35.0 43.0 97.0 
78.0 35.0 43.0 97.0 
78.0 35.0 43.0 97.0 
78.0 35.0 43.0 97.0 
78.0 35.0 43.0 97.0 
78.0 35.0 43.0 97.0 
78.0 35.0 43.0 97.0 
78.0 35.0 43.0 97.0 
78.0 35.0 43.0 97.0 
78.0 35.0 43.0 97.0 
78.0 35.0 43.0 97.0 
78.0 35.0 43.0 97.0 
78.0 35.0 43.0 97.0 
84.0 99.0 94.0 80.0 
84.0 99.0 94.0 80.0 
84.0 99.0 94.0 80.0 
17.0 43.0 27.0 11.0 
19.0 57.0 45.0 14.0 
19.0 57.0 45.0 14.0 
11.0 20.0 73.0 97.0 
11.0 20.0 73.0 97.0 
11.0 20.0 73.0 97.0 
55.0 85.0 41.0 73.0 
90.0 44.0 21.0 23.0 
26.0 43.0 41.0 49.0 
91.0 34.0 18.0 89.0 
91.0 34.0 18.0 89.0 
