37.0 55.0 31.0 80.0 14.0 
37.0 55.0 31.0 80.0 14.0 
37.0 55.0 31.0 80.0 14.0 
37.0 55.0 31.0 80.0 14.0 
14.0 48.0 41.0 23.0 74.0 
14.0 48.0 41.0 23.0 74.0 
14.0 48.0 41.0 23.0 74.0 
14.0 48.0 41.0 23.0 74.0 
14.0 48.0 41.0 23.0 74.0 
14.0 48.0 41.0 23.0 74.0 
14.0 48.0 41.0 23.0 74.0 
14.0 48.0 41.0 23.0 74.0 
14.0 48.0 41.0 23.0 74.0 
14.0 48.0 41.0 23.0 74.0 
14.0 48.0 41.0 23.0 74.0 
14.0 48.0 41.0 23.0 74.0 
14.0 48.0 41.0 23.0 74.0 
14.0 48.0 41.0 23.0 74.0 
14.0 48.0 41.0 23.0 74.0 
14.0 48.0 41.0 23.0 74.0 
14.0 48.0 41.0 23.0 74.0 
14.0 48.0 41.0 23.0 74.0 
14.0 48.0 41.0 23.0 74.0 
14.0 48.0 41.0 23.0 74.0 
14.0 48.0 41.0 23.0 74.0 
14.0 48.0 41.0 23.0 74.0 
14.0 48.0 41.0 23.0 74.0 
14.0 48.0 41.0 23.0 74.0 
14.0 48.0 41.0 23.0 74.0 
14.0 48.0 41.0 23.0 74.0 
14.0 48.0 41.0 23.0 74.0 
14.0 48.0 41.0 23.0 74.0 
14.0 48.0 41.0 23.0 74.0 
14.0 48.0 41.0 23.0 74.0 
14.0 48.0 41.0 23.0 74.0 
14.0 48.0 41.0 23.0 74.0 
55.0 95.0 70.0 80.0 44.0 
55.0 95.0 70.0 80.0 44.0 
55.0 95.0 70.0 80.0 44.0 
55.0 95.0 70.0 80.0 44.0 
90.0 72.0 95.0 70.0 35.0 
90.0 72.0 95.0 70.0 35.0 
90.0 72.0 95.0 70.0 35.0 
90.0 72.0 95.0 70.0 35.0 
90.0 72.0 95.0 70.0 35.0 
90.0 72.0 95.0 70.0 35.0 
90.0 72.0 95.0 70.0 35.0 
90.0 72.0 95.0 70.0 35.0 
90.0 72.0 95.0 70.0 35.0 
90.0 72.0 95.0 70.0 35.0 
90.0 72.0 95.0 70.0 35.0 
90.0 72.0 95.0 70.0 35.0 
90.0 72.0 95.0 70.0 35.0 
90.0 72.0 95.0 70.0 35.0 
90.0 72.0 95.0 70.0 35.0 
90.0 72.0 95.0 70.0 35.0 
90.0 72.0 95.0 70.0 35.0 
90.0 72.0 95.0 70.0 35.0 
90.0 72.0 95.0 70.0 35.0 
90.0 72.0 95.0 70.0 35.0 
