80.0 66.0 31.0 
80.0 66.0 31.0 
80.0 66.0 31.0 
80.0 66.0 31.0 
80.0 66.0 31.0 
80.0 66.0 31.0 
80.0 66.0 31.0 
80.0 66.0 31.0 
80.0 66.0 31.0 
80.0 66.0 31.0 
80.0 66.0 31.0 
80.0 66.0 31.0 
80.0 66.0 31.0 
80.0 66.0 31.0 
80.0 66.0 31.0 
80.0 66.0 31.0 
80.0 66.0 31.0 
80.0 66.0 31.0 
80.0 66.0 31.0 
80.0 66.0 31.0 
80.0 66.0 31.0 
80.0 66.0 31.0 
80.0 66.0 31.0 
80.0 66.0 31.0 
68.0 89.0 43.0 
68.0 89.0 43.0 
68.0 89.0 43.0 
68.0 89.0 43.0 
68.0 89.0 43.0 
68.0 89.0 43.0 
68.0 89.0 43.0 
68.0 89.0 43.0 
68.0 89.0 43.0 
68.0 89.0 43.0 
68.0 89.0 43.0 
68.0 89.0 43.0 
68.0 89.0 43.0 
68.0 89.0 43.0 
68.0 89.0 43.0 
68.0 89.0 43.0 
68.0 89.0 43.0 
68.0 89.0 43.0 
68.0 89.0 43.0 
68.0 89.0 43.0 
56.0 76.0 19.0 
56.0 76.0 19.0 
56.0 76.0 19.0 
56.0 76.0 19.0 
56.0 76.0 19.0 
56.0 76.0 19.0 
56.0 76.0 19.0 
56.0 76.0 19.0 
56.0 76.0 19.0 
56.0 76.0 19.0 
21.0 92.0 75.0 
21.0 92.0 75.0 
21.0 92.0 75.0 
21.0 92.0 75.0 
21.0 92.0 75.0 
21.0 92.0 75.0 
