71.0 50.0 34.0 41.0 
71.0 50.0 34.0 41.0 
71.0 50.0 34.0 41.0 
71.0 50.0 34.0 41.0 
71.0 50.0 34.0 41.0 
71.0 50.0 34.0 41.0 
71.0 50.0 34.0 41.0 
71.0 50.0 34.0 41.0 
71.0 50.0 34.0 41.0 
71.0 50.0 34.0 41.0 
71.0 50.0 34.0 41.0 
71.0 50.0 34.0 41.0 
71.0 50.0 34.0 41.0 
71.0 50.0 34.0 41.0 
71.0 50.0 34.0 41.0 
71.0 50.0 34.0 41.0 
71.0 50.0 34.0 41.0 
71.0 50.0 34.0 41.0 
71.0 50.0 34.0 41.0 
71.0 50.0 34.0 41.0 
71.0 50.0 34.0 41.0 
71.0 50.0 34.0 41.0 
71.0 50.0 34.0 41.0 
71.0 50.0 34.0 41.0 
71.0 50.0 34.0 41.0 
97.0 47.0 25.0 54.0 
97.0 47.0 25.0 54.0 
97.0 47.0 25.0 54.0 
97.0 47.0 25.0 54.0 
97.0 47.0 25.0 54.0 
97.0 47.0 25.0 54.0 
97.0 47.0 25.0 54.0 
97.0 47.0 25.0 54.0 
97.0 47.0 25.0 54.0 
97.0 47.0 25.0 54.0 
97.0 47.0 25.0 54.0 
97.0 47.0 25.0 54.0 
97.0 47.0 25.0 54.0 
97.0 47.0 25.0 54.0 
97.0 47.0 25.0 54.0 
97.0 47.0 25.0 54.0 
97.0 47.0 25.0 54.0 
97.0 47.0 25.0 54.0 
97.0 47.0 25.0 54.0 
97.0 47.0 25.0 54.0 
97.0 47.0 25.0 54.0 
97.0 47.0 25.0 54.0 
97.0 47.0 25.0 54.0 
97.0 47.0 25.0 54.0 
97.0 47.0 25.0 54.0 
97.0 47.0 25.0 54.0 
97.0 47.0 25.0 54.0 
97.0 47.0 25.0 54.0 
68.0 98.0 56.0 61.0 
68.0 98.0 56.0 61.0 
68.0 98.0 56.0 61.0 
83.0 77.0 88.0 53.0 
83.0 77.0 88.0 53.0 
83.0 77.0 88.0 53.0 
83.0 77.0 88.0 53.0 
