12.0 23.0 27.0 59.0 63.0 
12.0 23.0 27.0 59.0 63.0 
12.0 23.0 27.0 59.0 63.0 
12.0 23.0 27.0 59.0 63.0 
12.0 23.0 27.0 59.0 63.0 
12.0 23.0 27.0 59.0 63.0 
12.0 23.0 27.0 59.0 63.0 
12.0 23.0 27.0 59.0 63.0 
12.0 23.0 27.0 59.0 63.0 
12.0 23.0 27.0 59.0 63.0 
12.0 23.0 27.0 59.0 63.0 
12.0 23.0 27.0 59.0 63.0 
12.0 23.0 27.0 59.0 63.0 
12.0 23.0 27.0 59.0 63.0 
12.0 23.0 27.0 59.0 63.0 
24.0 98.0 38.0 92.0 42.0 
24.0 98.0 38.0 92.0 42.0 
24.0 98.0 38.0 92.0 42.0 
24.0 98.0 38.0 92.0 42.0 
24.0 98.0 38.0 92.0 42.0 
24.0 98.0 38.0 92.0 42.0 
24.0 98.0 38.0 92.0 42.0 
24.0 98.0 38.0 92.0 42.0 
24.0 98.0 38.0 92.0 42.0 
24.0 98.0 38.0 92.0 42.0 
24.0 98.0 38.0 92.0 42.0 
24.0 98.0 38.0 92.0 42.0 
24.0 98.0 38.0 92.0 42.0 
24.0 98.0 38.0 92.0 42.0 
24.0 98.0 38.0 92.0 42.0 
24.0 98.0 38.0 92.0 42.0 
24.0 98.0 38.0 92.0 42.0 
24.0 98.0 38.0 92.0 42.0 
24.0 98.0 38.0 92.0 42.0 
24.0 98.0 38.0 92.0 42.0 
24.0 98.0 38.0 92.0 42.0 
24.0 98.0 38.0 92.0 42.0 
24.0 98.0 38.0 92.0 42.0 
24.0 98.0 38.0 92.0 42.0 
24.0 98.0 38.0 92.0 42.0 
24.0 98.0 38.0 92.0 42.0 
24.0 98.0 38.0 92.0 42.0 
24.0 98.0 38.0 92.0 42.0 
24.0 98.0 38.0 92.0 42.0 
28.0 20.0 65.0 34.0 26.0 
28.0 20.0 65.0 34.0 26.0 
28.0 20.0 65.0 34.0 26.0 
28.0 20.0 65.0 34.0 26.0 
28.0 20.0 65.0 34.0 26.0 
28.0 20.0 65.0 34.0 26.0 
28.0 20.0 65.0 34.0 26.0 
28.0 20.0 65.0 34.0 26.0 
28.0 20.0 65.0 34.0 26.0 
28.0 20.0 65.0 34.0 26.0 
28.0 20.0 65.0 34.0 26.0 
46.0 58.0 54.0 67.0 59.0 
46.0 58.0 54.0 67.0 59.0 
46.0 58.0 54.0 67.0 59.0 
46.0 58.0 54.0 67.0 59.0 
46.0 58.0 54.0 67.0 59.0 
