72.0 54.0 11.0 
72.0 54.0 11.0 
72.0 54.0 11.0 
72.0 54.0 11.0 
72.0 54.0 11.0 
72.0 54.0 11.0 
72.0 54.0 11.0 
72.0 54.0 11.0 
72.0 54.0 11.0 
72.0 54.0 11.0 
72.0 54.0 11.0 
72.0 54.0 11.0 
72.0 54.0 11.0 
72.0 54.0 11.0 
72.0 54.0 11.0 
72.0 54.0 11.0 
72.0 54.0 11.0 
72.0 54.0 11.0 
72.0 54.0 11.0 
72.0 54.0 11.0 
72.0 54.0 11.0 
72.0 54.0 11.0 
72.0 54.0 11.0 
72.0 54.0 11.0 
72.0 54.0 11.0 
72.0 54.0 11.0 
72.0 54.0 11.0 
72.0 54.0 11.0 
72.0 54.0 11.0 
72.0 54.0 11.0 
72.0 54.0 11.0 
72.0 54.0 11.0 
72.0 54.0 11.0 
72.0 54.0 11.0 
36.0 88.0 92.0 
36.0 88.0 92.0 
89.0 39.0 28.0 
89.0 39.0 28.0 
89.0 39.0 28.0 
89.0 39.0 28.0 
89.0 39.0 28.0 
89.0 39.0 28.0 
89.0 39.0 28.0 
89.0 39.0 28.0 
89.0 39.0 28.0 
89.0 39.0 28.0 
89.0 39.0 28.0 
89.0 39.0 28.0 
89.0 39.0 28.0 
64.0 23.0 61.0 
64.0 23.0 61.0 
64.0 23.0 61.0 
64.0 23.0 61.0 
64.0 23.0 61.0 
64.0 23.0 61.0 
64.0 23.0 61.0 
64.0 23.0 61.0 
64.0 23.0 61.0 
64.0 23.0 61.0 
64.0 23.0 61.0 
