71.0 100.0 45.0 
71.0 100.0 45.0 
71.0 100.0 45.0 
71.0 100.0 45.0 
71.0 100.0 45.0 
71.0 100.0 45.0 
71.0 100.0 45.0 
71.0 100.0 45.0 
71.0 100.0 45.0 
71.0 100.0 45.0 
71.0 100.0 45.0 
71.0 100.0 45.0 
71.0 100.0 45.0 
71.0 100.0 45.0 
71.0 100.0 45.0 
71.0 100.0 45.0 
71.0 100.0 45.0 
71.0 100.0 45.0 
98.0 41.0 64.0 
98.0 41.0 64.0 
98.0 41.0 64.0 
98.0 41.0 64.0 
98.0 41.0 64.0 
98.0 41.0 64.0 
98.0 41.0 64.0 
98.0 41.0 64.0 
98.0 41.0 64.0 
98.0 41.0 64.0 
98.0 41.0 64.0 
98.0 41.0 64.0 
98.0 41.0 64.0 
98.0 41.0 64.0 
98.0 41.0 64.0 
98.0 41.0 64.0 
98.0 41.0 64.0 
98.0 41.0 64.0 
98.0 41.0 64.0 
98.0 41.0 64.0 
98.0 41.0 64.0 
98.0 41.0 64.0 
98.0 41.0 64.0 
98.0 41.0 64.0 
98.0 41.0 64.0 
98.0 41.0 64.0 
98.0 41.0 64.0 
98.0 41.0 64.0 
81.0 33.0 94.0 
81.0 33.0 94.0 
81.0 33.0 94.0 
81.0 33.0 94.0 
81.0 33.0 94.0 
81.0 33.0 94.0 
81.0 33.0 94.0 
81.0 33.0 94.0 
81.0 33.0 94.0 
81.0 33.0 94.0 
81.0 33.0 94.0 
81.0 33.0 94.0 
42.0 35.0 97.0 
42.0 35.0 97.0 
