52.0 13.0 59.0 
17.0 100.0 33.0 
17.0 100.0 33.0 
17.0 100.0 33.0 
17.0 100.0 33.0 
17.0 100.0 33.0 
17.0 100.0 33.0 
17.0 100.0 33.0 
17.0 100.0 33.0 
17.0 100.0 33.0 
17.0 100.0 33.0 
17.0 100.0 33.0 
17.0 100.0 33.0 
17.0 100.0 33.0 
17.0 100.0 33.0 
17.0 100.0 33.0 
17.0 100.0 33.0 
17.0 100.0 33.0 
17.0 100.0 33.0 
17.0 100.0 33.0 
17.0 100.0 33.0 
17.0 100.0 33.0 
17.0 100.0 33.0 
17.0 100.0 33.0 
17.0 100.0 33.0 
17.0 100.0 33.0 
17.0 100.0 33.0 
17.0 100.0 33.0 
17.0 100.0 33.0 
17.0 100.0 33.0 
17.0 100.0 33.0 
17.0 100.0 33.0 
17.0 100.0 33.0 
17.0 100.0 33.0 
17.0 100.0 33.0 
17.0 100.0 33.0 
17.0 100.0 33.0 
17.0 100.0 33.0 
17.0 100.0 33.0 
17.0 100.0 33.0 
17.0 100.0 33.0 
17.0 100.0 33.0 
17.0 100.0 33.0 
17.0 100.0 33.0 
17.0 100.0 33.0 
17.0 100.0 33.0 
17.0 100.0 33.0 
17.0 100.0 33.0 
17.0 100.0 33.0 
17.0 100.0 33.0 
95.0 80.0 83.0 
95.0 80.0 83.0 
95.0 80.0 83.0 
95.0 80.0 83.0 
22.0 89.0 96.0 
22.0 89.0 96.0 
22.0 89.0 96.0 
22.0 89.0 96.0 
22.0 89.0 96.0 
22.0 89.0 96.0 
