24.0 83.0 43.0 84.0 
24.0 83.0 43.0 84.0 
24.0 83.0 43.0 84.0 
24.0 83.0 43.0 84.0 
24.0 83.0 43.0 84.0 
24.0 83.0 43.0 84.0 
24.0 83.0 43.0 84.0 
24.0 83.0 43.0 84.0 
24.0 83.0 43.0 84.0 
24.0 83.0 43.0 84.0 
24.0 83.0 43.0 84.0 
24.0 83.0 43.0 84.0 
24.0 83.0 43.0 84.0 
24.0 83.0 43.0 84.0 
24.0 83.0 43.0 84.0 
24.0 83.0 43.0 84.0 
24.0 83.0 43.0 84.0 
24.0 83.0 43.0 84.0 
24.0 83.0 43.0 84.0 
24.0 83.0 43.0 84.0 
24.0 83.0 43.0 84.0 
24.0 83.0 43.0 84.0 
24.0 83.0 43.0 84.0 
24.0 83.0 43.0 84.0 
24.0 83.0 43.0 84.0 
24.0 83.0 43.0 84.0 
24.0 83.0 43.0 84.0 
24.0 83.0 43.0 84.0 
24.0 83.0 43.0 84.0 
24.0 83.0 43.0 84.0 
24.0 83.0 43.0 84.0 
31.0 50.0 32.0 36.0 
31.0 50.0 32.0 36.0 
31.0 50.0 32.0 36.0 
31.0 50.0 32.0 36.0 
31.0 50.0 32.0 36.0 
31.0 50.0 32.0 36.0 
31.0 50.0 32.0 36.0 
31.0 50.0 32.0 36.0 
31.0 50.0 32.0 36.0 
31.0 50.0 32.0 36.0 
29.0 35.0 16.0 58.0 
29.0 35.0 16.0 58.0 
29.0 35.0 16.0 58.0 
97.0 16.0 90.0 30.0 
97.0 16.0 90.0 30.0 
97.0 16.0 90.0 30.0 
97.0 16.0 90.0 30.0 
97.0 16.0 90.0 30.0 
97.0 16.0 90.0 30.0 
97.0 16.0 90.0 30.0 
97.0 16.0 90.0 30.0 
97.0 16.0 90.0 30.0 
97.0 16.0 90.0 30.0 
97.0 16.0 90.0 30.0 
97.0 16.0 90.0 30.0 
97.0 16.0 90.0 30.0 
97.0 16.0 90.0 30.0 
97.0 16.0 90.0 30.0 
97.0 16.0 90.0 30.0 
