91.0 77.0 88.0 11.0 22.0 
91.0 77.0 88.0 11.0 22.0 
91.0 77.0 88.0 11.0 22.0 
91.0 77.0 88.0 11.0 22.0 
91.0 77.0 88.0 11.0 22.0 
91.0 77.0 88.0 11.0 22.0 
91.0 77.0 88.0 11.0 22.0 
91.0 77.0 88.0 11.0 22.0 
91.0 77.0 88.0 11.0 22.0 
91.0 77.0 88.0 11.0 22.0 
91.0 77.0 88.0 11.0 22.0 
91.0 77.0 88.0 11.0 22.0 
91.0 77.0 88.0 11.0 22.0 
91.0 77.0 88.0 11.0 22.0 
91.0 77.0 88.0 11.0 22.0 
91.0 77.0 88.0 11.0 22.0 
91.0 77.0 88.0 11.0 22.0 
91.0 77.0 88.0 11.0 22.0 
91.0 77.0 88.0 11.0 22.0 
91.0 77.0 88.0 11.0 22.0 
91.0 77.0 88.0 11.0 22.0 
91.0 77.0 88.0 11.0 22.0 
91.0 77.0 88.0 11.0 22.0 
91.0 77.0 88.0 11.0 22.0 
91.0 77.0 88.0 11.0 22.0 
91.0 77.0 88.0 11.0 22.0 
91.0 77.0 88.0 11.0 22.0 
91.0 77.0 88.0 11.0 22.0 
91.0 77.0 88.0 11.0 22.0 
91.0 77.0 88.0 11.0 22.0 
91.0 77.0 88.0 11.0 22.0 
91.0 77.0 88.0 11.0 22.0 
91.0 77.0 88.0 11.0 22.0 
91.0 77.0 88.0 11.0 22.0 
91.0 77.0 88.0 11.0 22.0 
91.0 77.0 88.0 11.0 22.0 
91.0 77.0 88.0 11.0 22.0 
91.0 77.0 88.0 11.0 22.0 
91.0 77.0 88.0 11.0 22.0 
91.0 77.0 88.0 11.0 22.0 
91.0 77.0 88.0 11.0 22.0 
91.0 77.0 88.0 11.0 22.0 
91.0 77.0 88.0 11.0 22.0 
91.0 77.0 88.0 11.0 22.0 
91.0 77.0 88.0 11.0 22.0 
91.0 77.0 88.0 11.0 22.0 
91.0 77.0 88.0 11.0 22.0 
91.0 77.0 88.0 11.0 22.0 
51.0 60.0 30.0 68.0 14.0 
51.0 60.0 30.0 68.0 14.0 
51.0 60.0 30.0 68.0 14.0 
56.0 20.0 31.0 33.0 14.0 
56.0 20.0 31.0 33.0 14.0 
56.0 20.0 31.0 33.0 14.0 
14.0 43.0 89.0 23.0 89.0 
14.0 43.0 89.0 23.0 89.0 
14.0 43.0 89.0 23.0 89.0 
14.0 43.0 89.0 23.0 89.0 
14.0 43.0 89.0 23.0 89.0 
14.0 43.0 89.0 23.0 89.0 
