75.0 29.0 57.0 62.0 
75.0 29.0 57.0 62.0 
75.0 29.0 57.0 62.0 
75.0 29.0 57.0 62.0 
75.0 29.0 57.0 62.0 
75.0 29.0 57.0 62.0 
75.0 29.0 57.0 62.0 
75.0 29.0 57.0 62.0 
75.0 29.0 57.0 62.0 
75.0 29.0 57.0 62.0 
75.0 29.0 57.0 62.0 
75.0 29.0 57.0 62.0 
75.0 29.0 57.0 62.0 
75.0 29.0 57.0 62.0 
75.0 29.0 57.0 62.0 
75.0 29.0 57.0 62.0 
75.0 29.0 57.0 62.0 
75.0 29.0 57.0 62.0 
75.0 29.0 57.0 62.0 
75.0 29.0 57.0 62.0 
75.0 29.0 57.0 62.0 
75.0 29.0 57.0 62.0 
75.0 29.0 57.0 62.0 
75.0 29.0 57.0 62.0 
75.0 29.0 57.0 62.0 
75.0 29.0 57.0 62.0 
75.0 29.0 57.0 62.0 
75.0 29.0 57.0 62.0 
75.0 29.0 57.0 62.0 
75.0 29.0 57.0 62.0 
75.0 29.0 57.0 62.0 
75.0 29.0 57.0 62.0 
75.0 29.0 57.0 62.0 
75.0 29.0 57.0 62.0 
68.0 55.0 74.0 11.0 
68.0 55.0 74.0 11.0 
68.0 55.0 74.0 11.0 
68.0 55.0 74.0 11.0 
68.0 55.0 74.0 11.0 
68.0 55.0 74.0 11.0 
68.0 55.0 74.0 11.0 
68.0 55.0 74.0 11.0 
68.0 55.0 74.0 11.0 
68.0 55.0 74.0 11.0 
68.0 55.0 74.0 11.0 
68.0 55.0 74.0 11.0 
68.0 55.0 74.0 11.0 
68.0 55.0 74.0 11.0 
68.0 55.0 74.0 11.0 
68.0 55.0 74.0 11.0 
68.0 55.0 74.0 11.0 
68.0 55.0 74.0 11.0 
68.0 55.0 74.0 11.0 
68.0 55.0 74.0 11.0 
68.0 55.0 74.0 11.0 
68.0 55.0 74.0 11.0 
68.0 55.0 74.0 11.0 
28.0 50.0 37.0 85.0 
56.0 20.0 99.0 42.0 
56.0 20.0 99.0 42.0 
