21.0 26.0 83.0 14.0 
21.0 26.0 83.0 14.0 
21.0 26.0 83.0 14.0 
21.0 26.0 83.0 14.0 
21.0 26.0 83.0 14.0 
21.0 26.0 83.0 14.0 
21.0 26.0 83.0 14.0 
21.0 26.0 83.0 14.0 
21.0 26.0 83.0 14.0 
21.0 26.0 83.0 14.0 
21.0 26.0 83.0 14.0 
21.0 26.0 83.0 14.0 
21.0 26.0 83.0 14.0 
21.0 26.0 83.0 14.0 
21.0 26.0 83.0 14.0 
21.0 26.0 83.0 14.0 
21.0 26.0 83.0 14.0 
21.0 26.0 83.0 14.0 
21.0 26.0 83.0 14.0 
21.0 26.0 83.0 14.0 
21.0 26.0 83.0 14.0 
21.0 26.0 83.0 14.0 
21.0 26.0 83.0 14.0 
21.0 26.0 83.0 14.0 
21.0 26.0 83.0 14.0 
21.0 26.0 83.0 14.0 
21.0 26.0 83.0 14.0 
21.0 26.0 83.0 14.0 
21.0 26.0 83.0 14.0 
21.0 26.0 83.0 14.0 
21.0 26.0 83.0 14.0 
21.0 26.0 83.0 14.0 
21.0 26.0 83.0 14.0 
21.0 26.0 83.0 14.0 
21.0 26.0 83.0 14.0 
21.0 26.0 83.0 14.0 
21.0 26.0 83.0 14.0 
21.0 26.0 83.0 14.0 
33.0 80.0 32.0 46.0 
33.0 80.0 32.0 46.0 
87.0 17.0 84.0 81.0 
87.0 17.0 84.0 81.0 
87.0 17.0 84.0 81.0 
87.0 17.0 84.0 81.0 
87.0 17.0 84.0 81.0 
87.0 17.0 84.0 81.0 
31.0 55.0 91.0 70.0 
31.0 55.0 91.0 70.0 
31.0 55.0 91.0 70.0 
31.0 55.0 91.0 70.0 
31.0 55.0 91.0 70.0 
31.0 55.0 91.0 70.0 
31.0 55.0 91.0 70.0 
31.0 55.0 91.0 70.0 
31.0 55.0 91.0 70.0 
31.0 55.0 91.0 70.0 
31.0 55.0 91.0 70.0 
31.0 55.0 91.0 70.0 
31.0 55.0 91.0 70.0 
31.0 55.0 91.0 70.0 
