85.0 23.0 87.0 15.0 
85.0 23.0 87.0 15.0 
85.0 23.0 87.0 15.0 
85.0 23.0 87.0 15.0 
85.0 23.0 87.0 15.0 
85.0 23.0 87.0 15.0 
85.0 23.0 87.0 15.0 
85.0 23.0 87.0 15.0 
85.0 23.0 87.0 15.0 
63.0 84.0 63.0 47.0 
63.0 84.0 63.0 47.0 
63.0 84.0 63.0 47.0 
63.0 84.0 63.0 47.0 
63.0 84.0 63.0 47.0 
63.0 84.0 63.0 47.0 
63.0 84.0 63.0 47.0 
63.0 84.0 63.0 47.0 
50.0 47.0 47.0 81.0 
50.0 47.0 47.0 81.0 
50.0 47.0 47.0 81.0 
50.0 47.0 47.0 81.0 
50.0 47.0 47.0 81.0 
22.0 32.0 81.0 75.0 
22.0 32.0 81.0 75.0 
22.0 32.0 81.0 75.0 
22.0 32.0 81.0 75.0 
22.0 32.0 81.0 75.0 
22.0 32.0 81.0 75.0 
22.0 32.0 81.0 75.0 
22.0 32.0 81.0 75.0 
22.0 32.0 81.0 75.0 
22.0 32.0 81.0 75.0 
22.0 32.0 81.0 75.0 
22.0 32.0 81.0 75.0 
22.0 32.0 81.0 75.0 
22.0 32.0 81.0 75.0 
22.0 32.0 81.0 75.0 
22.0 32.0 81.0 75.0 
22.0 32.0 81.0 75.0 
22.0 32.0 81.0 75.0 
22.0 32.0 81.0 75.0 
22.0 32.0 81.0 75.0 
22.0 32.0 81.0 75.0 
22.0 32.0 81.0 75.0 
22.0 32.0 81.0 75.0 
22.0 32.0 81.0 75.0 
22.0 32.0 81.0 75.0 
22.0 32.0 81.0 75.0 
22.0 32.0 81.0 75.0 
22.0 32.0 81.0 75.0 
22.0 32.0 81.0 75.0 
22.0 32.0 81.0 75.0 
22.0 32.0 81.0 75.0 
22.0 32.0 81.0 75.0 
22.0 32.0 81.0 75.0 
22.0 32.0 81.0 75.0 
22.0 32.0 81.0 75.0 
22.0 32.0 81.0 75.0 
22.0 32.0 81.0 75.0 
22.0 32.0 81.0 75.0 
