22.0 24.0 25.0 49.0 78.0 
22.0 24.0 25.0 49.0 78.0 
22.0 24.0 25.0 49.0 78.0 
22.0 24.0 25.0 49.0 78.0 
22.0 24.0 25.0 49.0 78.0 
22.0 24.0 25.0 49.0 78.0 
22.0 24.0 25.0 49.0 78.0 
22.0 24.0 25.0 49.0 78.0 
22.0 24.0 25.0 49.0 78.0 
22.0 24.0 25.0 49.0 78.0 
22.0 24.0 25.0 49.0 78.0 
22.0 24.0 25.0 49.0 78.0 
22.0 24.0 25.0 49.0 78.0 
22.0 24.0 25.0 49.0 78.0 
22.0 24.0 25.0 49.0 78.0 
22.0 24.0 25.0 49.0 78.0 
22.0 24.0 25.0 49.0 78.0 
22.0 24.0 25.0 49.0 78.0 
22.0 24.0 25.0 49.0 78.0 
22.0 24.0 25.0 49.0 78.0 
22.0 24.0 25.0 49.0 78.0 
22.0 24.0 25.0 49.0 78.0 
22.0 24.0 25.0 49.0 78.0 
22.0 24.0 25.0 49.0 78.0 
22.0 24.0 25.0 49.0 78.0 
22.0 24.0 25.0 49.0 78.0 
22.0 24.0 25.0 49.0 78.0 
49.0 29.0 61.0 11.0 12.0 
49.0 29.0 61.0 11.0 12.0 
49.0 29.0 61.0 11.0 12.0 
68.0 80.0 75.0 16.0 62.0 
68.0 80.0 75.0 16.0 62.0 
68.0 80.0 75.0 16.0 62.0 
68.0 80.0 75.0 16.0 62.0 
68.0 80.0 75.0 16.0 62.0 
68.0 80.0 75.0 16.0 62.0 
68.0 80.0 75.0 16.0 62.0 
68.0 80.0 75.0 16.0 62.0 
68.0 80.0 75.0 16.0 62.0 
68.0 80.0 75.0 16.0 62.0 
68.0 80.0 75.0 16.0 62.0 
68.0 80.0 75.0 16.0 62.0 
68.0 80.0 75.0 16.0 62.0 
68.0 80.0 75.0 16.0 62.0 
68.0 80.0 75.0 16.0 62.0 
68.0 80.0 75.0 16.0 62.0 
72.0 86.0 70.0 47.0 76.0 
72.0 86.0 70.0 47.0 76.0 
72.0 86.0 70.0 47.0 76.0 
72.0 86.0 70.0 47.0 76.0 
72.0 86.0 70.0 47.0 76.0 
72.0 86.0 70.0 47.0 76.0 
72.0 86.0 70.0 47.0 76.0 
72.0 86.0 70.0 47.0 76.0 
72.0 86.0 70.0 47.0 76.0 
72.0 86.0 70.0 47.0 76.0 
72.0 86.0 70.0 47.0 76.0 
72.0 86.0 70.0 47.0 76.0 
72.0 86.0 70.0 47.0 76.0 
72.0 86.0 70.0 47.0 76.0 
