69.0 90.0 13.0 58.0 90.0 
69.0 90.0 13.0 58.0 90.0 
69.0 90.0 13.0 58.0 90.0 
69.0 90.0 13.0 58.0 90.0 
69.0 90.0 13.0 58.0 90.0 
69.0 90.0 13.0 58.0 90.0 
69.0 90.0 13.0 58.0 90.0 
69.0 90.0 13.0 58.0 90.0 
69.0 90.0 13.0 58.0 90.0 
69.0 90.0 13.0 58.0 90.0 
69.0 90.0 13.0 58.0 90.0 
69.0 90.0 13.0 58.0 90.0 
69.0 90.0 13.0 58.0 90.0 
69.0 90.0 13.0 58.0 90.0 
69.0 90.0 13.0 58.0 90.0 
69.0 90.0 13.0 58.0 90.0 
69.0 90.0 13.0 58.0 90.0 
69.0 90.0 13.0 58.0 90.0 
69.0 90.0 13.0 58.0 90.0 
69.0 90.0 13.0 58.0 90.0 
69.0 90.0 13.0 58.0 90.0 
69.0 90.0 13.0 58.0 90.0 
69.0 90.0 13.0 58.0 90.0 
69.0 90.0 13.0 58.0 90.0 
69.0 90.0 13.0 58.0 90.0 
69.0 90.0 13.0 58.0 90.0 
69.0 90.0 13.0 58.0 90.0 
69.0 90.0 13.0 58.0 90.0 
69.0 90.0 13.0 58.0 90.0 
69.0 90.0 13.0 58.0 90.0 
13.0 92.0 23.0 62.0 71.0 
13.0 92.0 23.0 62.0 71.0 
13.0 92.0 23.0 62.0 71.0 
13.0 92.0 23.0 62.0 71.0 
13.0 92.0 23.0 62.0 71.0 
13.0 92.0 23.0 62.0 71.0 
13.0 92.0 23.0 62.0 71.0 
13.0 92.0 23.0 62.0 71.0 
13.0 92.0 23.0 62.0 71.0 
13.0 92.0 23.0 62.0 71.0 
13.0 92.0 23.0 62.0 71.0 
13.0 92.0 23.0 62.0 71.0 
13.0 92.0 23.0 62.0 71.0 
13.0 92.0 23.0 62.0 71.0 
13.0 92.0 23.0 62.0 71.0 
13.0 92.0 23.0 62.0 71.0 
13.0 92.0 23.0 62.0 71.0 
13.0 92.0 23.0 62.0 71.0 
13.0 92.0 23.0 62.0 71.0 
13.0 92.0 23.0 62.0 71.0 
13.0 92.0 23.0 62.0 71.0 
13.0 92.0 23.0 62.0 71.0 
13.0 92.0 23.0 62.0 71.0 
74.0 91.0 74.0 51.0 27.0 
74.0 91.0 74.0 51.0 27.0 
74.0 91.0 74.0 51.0 27.0 
66.0 60.0 84.0 85.0 18.0 
66.0 60.0 84.0 85.0 18.0 
66.0 60.0 84.0 85.0 18.0 
66.0 60.0 84.0 85.0 18.0 
