73.0 54.0 79.0 
73.0 54.0 79.0 
73.0 54.0 79.0 
73.0 54.0 79.0 
73.0 54.0 79.0 
73.0 54.0 79.0 
73.0 54.0 79.0 
73.0 54.0 79.0 
73.0 54.0 79.0 
73.0 54.0 79.0 
73.0 54.0 79.0 
73.0 54.0 79.0 
73.0 54.0 79.0 
73.0 54.0 79.0 
73.0 54.0 79.0 
73.0 54.0 79.0 
73.0 54.0 79.0 
73.0 54.0 79.0 
73.0 54.0 79.0 
73.0 54.0 79.0 
73.0 54.0 79.0 
73.0 54.0 79.0 
73.0 54.0 79.0 
73.0 54.0 79.0 
73.0 54.0 79.0 
73.0 54.0 79.0 
73.0 54.0 79.0 
73.0 54.0 79.0 
73.0 54.0 79.0 
73.0 54.0 79.0 
73.0 54.0 79.0 
73.0 54.0 79.0 
73.0 54.0 79.0 
73.0 54.0 79.0 
73.0 54.0 79.0 
73.0 54.0 79.0 
73.0 54.0 79.0 
73.0 12.0 32.0 
73.0 12.0 32.0 
73.0 12.0 32.0 
73.0 12.0 32.0 
73.0 12.0 32.0 
73.0 12.0 32.0 
73.0 12.0 32.0 
73.0 12.0 32.0 
73.0 12.0 32.0 
73.0 12.0 32.0 
73.0 12.0 32.0 
73.0 12.0 32.0 
73.0 12.0 32.0 
73.0 12.0 32.0 
73.0 12.0 32.0 
73.0 12.0 32.0 
73.0 12.0 32.0 
73.0 12.0 32.0 
86.0 76.0 12.0 
86.0 76.0 12.0 
86.0 76.0 12.0 
65.0 74.0 38.0 
65.0 74.0 38.0 
