53.0 67.0 16.0 
53.0 67.0 16.0 
53.0 67.0 16.0 
53.0 67.0 16.0 
53.0 67.0 16.0 
53.0 67.0 16.0 
53.0 67.0 16.0 
98.0 12.0 43.0 
98.0 12.0 43.0 
98.0 12.0 43.0 
98.0 12.0 43.0 
98.0 12.0 43.0 
98.0 12.0 43.0 
98.0 12.0 43.0 
98.0 12.0 43.0 
98.0 12.0 43.0 
98.0 12.0 43.0 
98.0 12.0 43.0 
98.0 12.0 43.0 
98.0 12.0 43.0 
98.0 12.0 43.0 
98.0 12.0 43.0 
98.0 12.0 43.0 
98.0 12.0 43.0 
98.0 12.0 43.0 
98.0 12.0 43.0 
98.0 12.0 43.0 
98.0 12.0 43.0 
98.0 12.0 43.0 
98.0 12.0 43.0 
98.0 12.0 43.0 
98.0 12.0 43.0 
98.0 12.0 43.0 
98.0 12.0 43.0 
98.0 12.0 43.0 
98.0 12.0 43.0 
98.0 12.0 43.0 
98.0 12.0 43.0 
98.0 12.0 43.0 
98.0 12.0 43.0 
98.0 12.0 43.0 
98.0 12.0 43.0 
98.0 12.0 43.0 
98.0 12.0 43.0 
98.0 12.0 43.0 
98.0 12.0 43.0 
80.0 19.0 55.0 
80.0 19.0 55.0 
80.0 19.0 55.0 
80.0 19.0 55.0 
80.0 19.0 55.0 
80.0 19.0 55.0 
80.0 19.0 55.0 
80.0 19.0 55.0 
68.0 42.0 98.0 
68.0 42.0 98.0 
68.0 42.0 98.0 
68.0 42.0 98.0 
59.0 89.0 86.0 
59.0 89.0 86.0 
