100.0 77.0 53.0 74.0 
100.0 77.0 53.0 74.0 
100.0 77.0 53.0 74.0 
100.0 77.0 53.0 74.0 
100.0 77.0 53.0 74.0 
100.0 77.0 53.0 74.0 
100.0 77.0 53.0 74.0 
100.0 77.0 53.0 74.0 
100.0 77.0 53.0 74.0 
100.0 77.0 53.0 74.0 
100.0 77.0 53.0 74.0 
100.0 77.0 53.0 74.0 
100.0 77.0 53.0 74.0 
100.0 77.0 53.0 74.0 
100.0 77.0 53.0 74.0 
100.0 77.0 53.0 74.0 
100.0 77.0 53.0 74.0 
100.0 77.0 53.0 74.0 
100.0 77.0 53.0 74.0 
100.0 77.0 53.0 74.0 
100.0 77.0 53.0 74.0 
100.0 77.0 53.0 74.0 
100.0 77.0 53.0 74.0 
100.0 77.0 53.0 74.0 
100.0 77.0 53.0 74.0 
100.0 77.0 53.0 74.0 
100.0 77.0 53.0 74.0 
100.0 77.0 53.0 74.0 
100.0 77.0 53.0 74.0 
44.0 86.0 78.0 13.0 
44.0 86.0 78.0 13.0 
44.0 86.0 78.0 13.0 
44.0 86.0 78.0 13.0 
44.0 86.0 78.0 13.0 
44.0 86.0 78.0 13.0 
44.0 86.0 78.0 13.0 
44.0 86.0 78.0 13.0 
44.0 86.0 78.0 13.0 
44.0 86.0 78.0 13.0 
44.0 86.0 78.0 13.0 
44.0 86.0 78.0 13.0 
44.0 86.0 78.0 13.0 
44.0 86.0 78.0 13.0 
44.0 86.0 78.0 13.0 
44.0 86.0 78.0 13.0 
44.0 86.0 78.0 13.0 
44.0 86.0 78.0 13.0 
44.0 86.0 78.0 13.0 
44.0 86.0 78.0 13.0 
44.0 86.0 78.0 13.0 
44.0 86.0 78.0 13.0 
44.0 86.0 78.0 13.0 
44.0 86.0 78.0 13.0 
11.0 48.0 64.0 44.0 
27.0 91.0 87.0 55.0 
27.0 91.0 87.0 55.0 
27.0 91.0 87.0 55.0 
27.0 91.0 87.0 55.0 
91.0 98.0 72.0 71.0 
91.0 98.0 72.0 71.0 
