37.0 82.0 29.0 
37.0 82.0 29.0 
37.0 82.0 29.0 
37.0 82.0 29.0 
37.0 82.0 29.0 
37.0 82.0 29.0 
37.0 82.0 29.0 
37.0 82.0 29.0 
37.0 82.0 29.0 
37.0 82.0 29.0 
37.0 82.0 29.0 
37.0 82.0 29.0 
37.0 82.0 29.0 
37.0 82.0 29.0 
37.0 82.0 29.0 
75.0 97.0 84.0 
75.0 97.0 84.0 
75.0 97.0 84.0 
75.0 97.0 84.0 
75.0 97.0 84.0 
75.0 97.0 84.0 
75.0 97.0 84.0 
75.0 97.0 84.0 
75.0 97.0 84.0 
75.0 97.0 84.0 
75.0 97.0 84.0 
75.0 97.0 84.0 
75.0 97.0 84.0 
75.0 97.0 84.0 
75.0 97.0 84.0 
75.0 97.0 84.0 
75.0 97.0 84.0 
75.0 97.0 84.0 
37.0 88.0 62.0 
37.0 88.0 62.0 
37.0 88.0 62.0 
37.0 88.0 62.0 
37.0 88.0 62.0 
37.0 88.0 62.0 
37.0 88.0 62.0 
37.0 88.0 62.0 
37.0 88.0 62.0 
37.0 88.0 62.0 
37.0 88.0 62.0 
37.0 88.0 62.0 
37.0 88.0 62.0 
37.0 88.0 62.0 
37.0 88.0 62.0 
37.0 88.0 62.0 
37.0 88.0 62.0 
37.0 88.0 62.0 
37.0 88.0 62.0 
37.0 88.0 62.0 
37.0 88.0 62.0 
37.0 88.0 62.0 
78.0 94.0 21.0 
78.0 94.0 21.0 
78.0 94.0 21.0 
43.0 36.0 33.0 
43.0 36.0 33.0 
