66.0 59.0 72.0 
66.0 59.0 72.0 
66.0 59.0 72.0 
66.0 59.0 72.0 
66.0 59.0 72.0 
66.0 59.0 72.0 
66.0 59.0 72.0 
66.0 59.0 72.0 
66.0 59.0 72.0 
66.0 59.0 72.0 
66.0 59.0 72.0 
66.0 59.0 72.0 
66.0 59.0 72.0 
66.0 59.0 72.0 
66.0 59.0 72.0 
66.0 59.0 72.0 
66.0 59.0 72.0 
66.0 59.0 72.0 
66.0 59.0 72.0 
66.0 59.0 72.0 
66.0 59.0 72.0 
66.0 59.0 72.0 
66.0 59.0 72.0 
66.0 59.0 72.0 
66.0 59.0 72.0 
66.0 59.0 72.0 
66.0 59.0 72.0 
66.0 59.0 72.0 
66.0 59.0 72.0 
66.0 59.0 72.0 
66.0 59.0 72.0 
66.0 59.0 72.0 
66.0 59.0 72.0 
66.0 59.0 72.0 
87.0 74.0 39.0 
87.0 74.0 39.0 
87.0 74.0 39.0 
87.0 74.0 39.0 
87.0 74.0 39.0 
57.0 71.0 64.0 
57.0 71.0 64.0 
57.0 71.0 64.0 
57.0 71.0 64.0 
57.0 71.0 64.0 
57.0 71.0 64.0 
57.0 71.0 64.0 
57.0 71.0 64.0 
57.0 71.0 64.0 
57.0 71.0 64.0 
57.0 71.0 64.0 
57.0 71.0 64.0 
57.0 71.0 64.0 
57.0 71.0 64.0 
47.0 95.0 92.0 
94.0 61.0 82.0 
94.0 61.0 82.0 
94.0 61.0 82.0 
94.0 61.0 82.0 
94.0 61.0 82.0 
94.0 61.0 82.0 
