81.0 71.0 89.0 75.0 
81.0 71.0 89.0 75.0 
81.0 71.0 89.0 75.0 
81.0 71.0 89.0 75.0 
81.0 71.0 89.0 75.0 
81.0 71.0 89.0 75.0 
81.0 71.0 89.0 75.0 
81.0 71.0 89.0 75.0 
81.0 71.0 89.0 75.0 
81.0 71.0 89.0 75.0 
81.0 71.0 89.0 75.0 
81.0 71.0 89.0 75.0 
81.0 71.0 89.0 75.0 
81.0 71.0 89.0 75.0 
81.0 71.0 89.0 75.0 
81.0 71.0 89.0 75.0 
81.0 71.0 89.0 75.0 
81.0 71.0 89.0 75.0 
81.0 71.0 89.0 75.0 
81.0 71.0 89.0 75.0 
81.0 71.0 89.0 75.0 
81.0 71.0 89.0 75.0 
81.0 71.0 89.0 75.0 
81.0 71.0 89.0 75.0 
81.0 71.0 89.0 75.0 
81.0 71.0 89.0 75.0 
81.0 71.0 89.0 75.0 
81.0 71.0 89.0 75.0 
81.0 71.0 89.0 75.0 
81.0 71.0 89.0 75.0 
81.0 71.0 89.0 75.0 
81.0 71.0 89.0 75.0 
81.0 71.0 89.0 75.0 
81.0 71.0 89.0 75.0 
81.0 71.0 89.0 75.0 
81.0 71.0 89.0 75.0 
81.0 71.0 89.0 75.0 
81.0 71.0 89.0 75.0 
81.0 71.0 89.0 75.0 
81.0 71.0 89.0 75.0 
81.0 71.0 89.0 75.0 
81.0 71.0 89.0 75.0 
81.0 71.0 89.0 75.0 
81.0 71.0 89.0 75.0 
81.0 71.0 89.0 75.0 
31.0 30.0 46.0 14.0 
31.0 30.0 46.0 14.0 
31.0 30.0 46.0 14.0 
31.0 30.0 46.0 14.0 
31.0 30.0 46.0 14.0 
31.0 30.0 46.0 14.0 
31.0 30.0 46.0 14.0 
31.0 30.0 46.0 14.0 
31.0 30.0 46.0 14.0 
31.0 30.0 46.0 14.0 
31.0 30.0 46.0 14.0 
39.0 28.0 47.0 48.0 
73.0 96.0 74.0 97.0 
88.0 27.0 87.0 54.0 
88.0 27.0 87.0 54.0 
