70.0 91.0 45.0 
70.0 91.0 45.0 
70.0 91.0 45.0 
70.0 91.0 45.0 
70.0 91.0 45.0 
70.0 91.0 45.0 
70.0 91.0 45.0 
70.0 91.0 45.0 
70.0 91.0 45.0 
70.0 91.0 45.0 
70.0 91.0 45.0 
70.0 91.0 45.0 
70.0 91.0 45.0 
70.0 91.0 45.0 
70.0 91.0 45.0 
70.0 91.0 45.0 
70.0 91.0 45.0 
70.0 91.0 45.0 
70.0 91.0 45.0 
70.0 91.0 45.0 
70.0 91.0 45.0 
70.0 91.0 45.0 
70.0 91.0 45.0 
70.0 91.0 45.0 
70.0 91.0 45.0 
70.0 91.0 45.0 
70.0 91.0 45.0 
70.0 91.0 45.0 
70.0 91.0 45.0 
70.0 91.0 45.0 
70.0 91.0 45.0 
70.0 91.0 45.0 
70.0 91.0 45.0 
70.0 91.0 45.0 
70.0 91.0 45.0 
70.0 91.0 45.0 
70.0 91.0 45.0 
70.0 91.0 45.0 
70.0 91.0 45.0 
70.0 91.0 45.0 
70.0 91.0 45.0 
70.0 91.0 45.0 
29.0 24.0 24.0 
29.0 24.0 24.0 
29.0 24.0 24.0 
29.0 24.0 24.0 
29.0 24.0 24.0 
29.0 24.0 24.0 
29.0 24.0 24.0 
29.0 24.0 24.0 
29.0 24.0 24.0 
29.0 24.0 24.0 
29.0 24.0 24.0 
29.0 24.0 24.0 
81.0 38.0 51.0 
81.0 38.0 51.0 
52.0 31.0 52.0 
95.0 81.0 14.0 
95.0 81.0 14.0 
95.0 81.0 14.0 
