23.0 87.0 60.0 91.0 24.0 
23.0 87.0 60.0 91.0 24.0 
23.0 87.0 60.0 91.0 24.0 
23.0 87.0 60.0 91.0 24.0 
23.0 87.0 60.0 91.0 24.0 
23.0 87.0 60.0 91.0 24.0 
23.0 87.0 60.0 91.0 24.0 
23.0 87.0 60.0 91.0 24.0 
23.0 87.0 60.0 91.0 24.0 
23.0 87.0 60.0 91.0 24.0 
23.0 87.0 60.0 91.0 24.0 
23.0 87.0 60.0 91.0 24.0 
23.0 87.0 60.0 91.0 24.0 
23.0 87.0 60.0 91.0 24.0 
23.0 87.0 60.0 91.0 24.0 
23.0 87.0 60.0 91.0 24.0 
90.0 49.0 55.0 28.0 98.0 
90.0 49.0 55.0 28.0 98.0 
90.0 49.0 55.0 28.0 98.0 
90.0 49.0 55.0 28.0 98.0 
90.0 49.0 55.0 28.0 98.0 
90.0 49.0 55.0 28.0 98.0 
90.0 49.0 55.0 28.0 98.0 
90.0 49.0 55.0 28.0 98.0 
90.0 49.0 55.0 28.0 98.0 
90.0 49.0 55.0 28.0 98.0 
90.0 49.0 55.0 28.0 98.0 
90.0 49.0 55.0 28.0 98.0 
90.0 49.0 55.0 28.0 98.0 
90.0 49.0 55.0 28.0 98.0 
90.0 49.0 55.0 28.0 98.0 
90.0 49.0 55.0 28.0 98.0 
90.0 49.0 55.0 28.0 98.0 
90.0 49.0 55.0 28.0 98.0 
90.0 49.0 55.0 28.0 98.0 
90.0 49.0 55.0 28.0 98.0 
90.0 49.0 55.0 28.0 98.0 
90.0 49.0 55.0 28.0 98.0 
90.0 49.0 55.0 28.0 98.0 
90.0 49.0 55.0 28.0 98.0 
90.0 49.0 55.0 28.0 98.0 
90.0 49.0 55.0 28.0 98.0 
90.0 49.0 55.0 28.0 98.0 
90.0 49.0 55.0 28.0 98.0 
90.0 49.0 55.0 28.0 98.0 
90.0 49.0 55.0 28.0 98.0 
90.0 49.0 55.0 28.0 98.0 
90.0 49.0 55.0 28.0 98.0 
90.0 49.0 55.0 28.0 98.0 
90.0 49.0 55.0 28.0 98.0 
90.0 49.0 55.0 28.0 98.0 
90.0 49.0 55.0 28.0 98.0 
90.0 49.0 55.0 28.0 98.0 
90.0 49.0 55.0 28.0 98.0 
71.0 81.0 45.0 73.0 14.0 
35.0 24.0 75.0 58.0 46.0 
35.0 24.0 75.0 58.0 46.0 
23.0 60.0 47.0 56.0 78.0 
23.0 60.0 47.0 56.0 78.0 
23.0 60.0 47.0 56.0 78.0 
