74.0 60.0 67.0 
74.0 60.0 67.0 
74.0 60.0 67.0 
74.0 60.0 67.0 
74.0 60.0 67.0 
74.0 60.0 67.0 
74.0 60.0 67.0 
74.0 60.0 67.0 
74.0 60.0 67.0 
74.0 60.0 67.0 
74.0 60.0 67.0 
74.0 60.0 67.0 
74.0 60.0 67.0 
74.0 60.0 67.0 
74.0 60.0 67.0 
74.0 60.0 67.0 
74.0 60.0 67.0 
74.0 60.0 67.0 
74.0 60.0 67.0 
74.0 60.0 67.0 
74.0 60.0 67.0 
74.0 60.0 67.0 
74.0 60.0 67.0 
74.0 60.0 67.0 
74.0 60.0 67.0 
74.0 60.0 67.0 
74.0 60.0 67.0 
74.0 60.0 67.0 
74.0 60.0 67.0 
74.0 87.0 88.0 
74.0 87.0 88.0 
74.0 87.0 88.0 
74.0 87.0 88.0 
74.0 87.0 88.0 
74.0 87.0 88.0 
74.0 87.0 88.0 
74.0 87.0 88.0 
74.0 87.0 88.0 
74.0 87.0 88.0 
74.0 87.0 88.0 
74.0 87.0 88.0 
74.0 87.0 88.0 
74.0 87.0 88.0 
74.0 87.0 88.0 
74.0 87.0 88.0 
74.0 87.0 88.0 
74.0 87.0 88.0 
66.0 19.0 88.0 
66.0 19.0 88.0 
66.0 19.0 88.0 
66.0 19.0 88.0 
66.0 19.0 88.0 
66.0 19.0 88.0 
66.0 19.0 88.0 
66.0 19.0 88.0 
51.0 54.0 72.0 
86.0 55.0 83.0 
86.0 55.0 83.0 
86.0 55.0 83.0 
86.0 55.0 83.0 
