76.0 67.0 25.0 42.0 84.0 
76.0 67.0 25.0 42.0 84.0 
76.0 67.0 25.0 42.0 84.0 
76.0 67.0 25.0 42.0 84.0 
76.0 67.0 25.0 42.0 84.0 
86.0 44.0 97.0 26.0 69.0 
86.0 44.0 97.0 26.0 69.0 
86.0 44.0 97.0 26.0 69.0 
86.0 44.0 97.0 26.0 69.0 
86.0 44.0 97.0 26.0 69.0 
19.0 62.0 83.0 85.0 19.0 
19.0 62.0 83.0 85.0 19.0 
19.0 62.0 83.0 85.0 19.0 
19.0 62.0 83.0 85.0 19.0 
19.0 62.0 83.0 85.0 19.0 
19.0 62.0 83.0 85.0 19.0 
19.0 62.0 83.0 85.0 19.0 
19.0 62.0 83.0 85.0 19.0 
19.0 62.0 83.0 85.0 19.0 
19.0 62.0 83.0 85.0 19.0 
19.0 62.0 83.0 85.0 19.0 
19.0 62.0 83.0 85.0 19.0 
19.0 62.0 83.0 85.0 19.0 
19.0 62.0 83.0 85.0 19.0 
19.0 62.0 83.0 85.0 19.0 
19.0 62.0 83.0 85.0 19.0 
19.0 62.0 83.0 85.0 19.0 
41.0 39.0 18.0 13.0 56.0 
41.0 39.0 18.0 13.0 56.0 
41.0 39.0 18.0 13.0 56.0 
41.0 39.0 18.0 13.0 56.0 
41.0 39.0 18.0 13.0 56.0 
41.0 39.0 18.0 13.0 56.0 
41.0 39.0 18.0 13.0 56.0 
41.0 39.0 18.0 13.0 56.0 
41.0 39.0 18.0 13.0 56.0 
41.0 39.0 18.0 13.0 56.0 
41.0 39.0 18.0 13.0 56.0 
41.0 39.0 18.0 13.0 56.0 
41.0 39.0 18.0 13.0 56.0 
41.0 39.0 18.0 13.0 56.0 
41.0 39.0 18.0 13.0 56.0 
41.0 39.0 18.0 13.0 56.0 
41.0 39.0 18.0 13.0 56.0 
41.0 39.0 18.0 13.0 56.0 
41.0 39.0 18.0 13.0 56.0 
41.0 39.0 18.0 13.0 56.0 
41.0 39.0 18.0 13.0 56.0 
41.0 39.0 18.0 13.0 56.0 
41.0 39.0 18.0 13.0 56.0 
41.0 39.0 18.0 13.0 56.0 
99.0 87.0 69.0 92.0 55.0 
99.0 87.0 69.0 92.0 55.0 
99.0 87.0 69.0 92.0 55.0 
99.0 87.0 69.0 92.0 55.0 
99.0 87.0 69.0 92.0 55.0 
99.0 87.0 69.0 92.0 55.0 
99.0 87.0 69.0 92.0 55.0 
99.0 87.0 69.0 92.0 55.0 
99.0 87.0 69.0 92.0 55.0 
