94.0 95.0 36.0 51.0 
94.0 95.0 36.0 51.0 
94.0 95.0 36.0 51.0 
94.0 95.0 36.0 51.0 
94.0 95.0 36.0 51.0 
94.0 95.0 36.0 51.0 
94.0 95.0 36.0 51.0 
94.0 95.0 36.0 51.0 
94.0 95.0 36.0 51.0 
94.0 95.0 36.0 51.0 
94.0 95.0 36.0 51.0 
94.0 95.0 36.0 51.0 
94.0 95.0 36.0 51.0 
94.0 95.0 36.0 51.0 
94.0 95.0 36.0 51.0 
94.0 95.0 36.0 51.0 
94.0 95.0 36.0 51.0 
94.0 95.0 36.0 51.0 
94.0 95.0 36.0 51.0 
94.0 95.0 36.0 51.0 
94.0 95.0 36.0 51.0 
94.0 95.0 36.0 51.0 
94.0 95.0 36.0 51.0 
94.0 95.0 36.0 51.0 
94.0 95.0 36.0 51.0 
94.0 95.0 36.0 51.0 
94.0 95.0 36.0 51.0 
94.0 95.0 36.0 51.0 
94.0 95.0 36.0 51.0 
94.0 95.0 36.0 51.0 
76.0 32.0 30.0 93.0 
76.0 32.0 30.0 93.0 
76.0 32.0 30.0 93.0 
76.0 32.0 30.0 93.0 
76.0 32.0 30.0 93.0 
76.0 32.0 30.0 93.0 
76.0 32.0 30.0 93.0 
76.0 32.0 30.0 93.0 
17.0 36.0 48.0 25.0 
17.0 36.0 48.0 25.0 
17.0 36.0 48.0 25.0 
17.0 36.0 48.0 25.0 
17.0 36.0 48.0 25.0 
17.0 36.0 48.0 25.0 
28.0 30.0 31.0 42.0 
28.0 30.0 31.0 42.0 
28.0 30.0 31.0 42.0 
28.0 30.0 31.0 42.0 
28.0 30.0 31.0 42.0 
28.0 30.0 31.0 42.0 
28.0 30.0 31.0 42.0 
27.0 81.0 67.0 25.0 
27.0 81.0 67.0 25.0 
27.0 81.0 67.0 25.0 
27.0 81.0 67.0 25.0 
27.0 81.0 67.0 25.0 
27.0 81.0 67.0 25.0 
27.0 81.0 67.0 25.0 
27.0 81.0 67.0 25.0 
27.0 81.0 67.0 25.0 
