61.0 60.0 66.0 23.0 
61.0 60.0 66.0 23.0 
61.0 60.0 66.0 23.0 
62.0 13.0 24.0 74.0 
62.0 13.0 24.0 74.0 
62.0 13.0 24.0 74.0 
62.0 13.0 24.0 74.0 
62.0 13.0 24.0 74.0 
62.0 13.0 24.0 74.0 
62.0 13.0 24.0 74.0 
62.0 13.0 24.0 74.0 
62.0 13.0 24.0 74.0 
62.0 13.0 24.0 74.0 
62.0 13.0 24.0 74.0 
62.0 13.0 24.0 74.0 
62.0 13.0 24.0 74.0 
62.0 13.0 24.0 74.0 
62.0 13.0 24.0 74.0 
62.0 13.0 24.0 74.0 
62.0 13.0 24.0 74.0 
62.0 13.0 24.0 74.0 
62.0 13.0 24.0 74.0 
62.0 13.0 24.0 74.0 
62.0 13.0 24.0 74.0 
62.0 13.0 24.0 74.0 
62.0 13.0 24.0 74.0 
62.0 13.0 24.0 74.0 
62.0 13.0 24.0 74.0 
62.0 13.0 24.0 74.0 
62.0 13.0 24.0 74.0 
62.0 13.0 24.0 74.0 
62.0 13.0 24.0 74.0 
62.0 13.0 24.0 74.0 
62.0 13.0 24.0 74.0 
62.0 13.0 24.0 74.0 
62.0 13.0 24.0 74.0 
62.0 13.0 24.0 74.0 
62.0 13.0 24.0 74.0 
62.0 13.0 24.0 74.0 
26.0 66.0 90.0 98.0 
26.0 66.0 90.0 98.0 
26.0 66.0 90.0 98.0 
26.0 66.0 90.0 98.0 
26.0 66.0 90.0 98.0 
75.0 76.0 18.0 90.0 
75.0 76.0 18.0 90.0 
75.0 76.0 18.0 90.0 
86.0 79.0 78.0 47.0 
86.0 79.0 78.0 47.0 
86.0 79.0 78.0 47.0 
86.0 79.0 78.0 47.0 
86.0 79.0 78.0 47.0 
86.0 79.0 78.0 47.0 
86.0 79.0 78.0 47.0 
86.0 79.0 78.0 47.0 
86.0 79.0 78.0 47.0 
86.0 79.0 78.0 47.0 
86.0 79.0 78.0 47.0 
86.0 79.0 78.0 47.0 
86.0 79.0 78.0 47.0 
