31.0 100.0 96.0 84.0 53.0 
31.0 100.0 96.0 84.0 53.0 
31.0 100.0 96.0 84.0 53.0 
31.0 100.0 96.0 84.0 53.0 
31.0 100.0 96.0 84.0 53.0 
31.0 100.0 96.0 84.0 53.0 
31.0 100.0 96.0 84.0 53.0 
31.0 100.0 96.0 84.0 53.0 
31.0 100.0 96.0 84.0 53.0 
31.0 100.0 96.0 84.0 53.0 
31.0 100.0 96.0 84.0 53.0 
31.0 100.0 96.0 84.0 53.0 
31.0 100.0 96.0 84.0 53.0 
31.0 100.0 96.0 84.0 53.0 
31.0 100.0 96.0 84.0 53.0 
31.0 100.0 96.0 84.0 53.0 
31.0 100.0 96.0 84.0 53.0 
31.0 100.0 96.0 84.0 53.0 
31.0 100.0 96.0 84.0 53.0 
31.0 100.0 96.0 84.0 53.0 
31.0 100.0 96.0 84.0 53.0 
31.0 100.0 96.0 84.0 53.0 
31.0 100.0 96.0 84.0 53.0 
31.0 100.0 96.0 84.0 53.0 
31.0 100.0 96.0 84.0 53.0 
31.0 100.0 96.0 84.0 53.0 
31.0 100.0 96.0 84.0 53.0 
31.0 100.0 96.0 84.0 53.0 
92.0 22.0 40.0 33.0 46.0 
92.0 22.0 40.0 33.0 46.0 
51.0 23.0 52.0 71.0 94.0 
51.0 23.0 52.0 71.0 94.0 
51.0 23.0 52.0 71.0 94.0 
51.0 23.0 52.0 71.0 94.0 
51.0 23.0 52.0 71.0 94.0 
51.0 23.0 52.0 71.0 94.0 
51.0 23.0 52.0 71.0 94.0 
51.0 23.0 52.0 71.0 94.0 
88.0 22.0 90.0 75.0 48.0 
88.0 22.0 90.0 75.0 48.0 
88.0 22.0 90.0 75.0 48.0 
88.0 22.0 90.0 75.0 48.0 
88.0 22.0 90.0 75.0 48.0 
88.0 22.0 90.0 75.0 48.0 
88.0 22.0 90.0 75.0 48.0 
88.0 22.0 90.0 75.0 48.0 
88.0 22.0 90.0 75.0 48.0 
88.0 22.0 90.0 75.0 48.0 
25.0 69.0 91.0 38.0 95.0 
25.0 69.0 91.0 38.0 95.0 
25.0 69.0 91.0 38.0 95.0 
25.0 69.0 91.0 38.0 95.0 
25.0 69.0 91.0 38.0 95.0 
25.0 69.0 91.0 38.0 95.0 
25.0 69.0 91.0 38.0 95.0 
25.0 69.0 91.0 38.0 95.0 
25.0 69.0 91.0 38.0 95.0 
25.0 69.0 91.0 38.0 95.0 
25.0 69.0 91.0 38.0 95.0 
25.0 69.0 91.0 38.0 95.0 
