15.0 69.0 79.0 66.0 62.0 
15.0 69.0 79.0 66.0 62.0 
15.0 69.0 79.0 66.0 62.0 
15.0 69.0 79.0 66.0 62.0 
15.0 69.0 79.0 66.0 62.0 
15.0 69.0 79.0 66.0 62.0 
15.0 69.0 79.0 66.0 62.0 
15.0 69.0 79.0 66.0 62.0 
15.0 69.0 79.0 66.0 62.0 
15.0 69.0 79.0 66.0 62.0 
15.0 69.0 79.0 66.0 62.0 
15.0 69.0 79.0 66.0 62.0 
15.0 69.0 79.0 66.0 62.0 
15.0 69.0 79.0 66.0 62.0 
15.0 69.0 79.0 66.0 62.0 
15.0 69.0 79.0 66.0 62.0 
15.0 69.0 79.0 66.0 62.0 
15.0 69.0 79.0 66.0 62.0 
15.0 69.0 79.0 66.0 62.0 
15.0 69.0 79.0 66.0 62.0 
15.0 69.0 79.0 66.0 62.0 
15.0 69.0 79.0 66.0 62.0 
15.0 69.0 79.0 66.0 62.0 
15.0 69.0 79.0 66.0 62.0 
15.0 69.0 79.0 66.0 62.0 
15.0 69.0 79.0 66.0 62.0 
15.0 69.0 79.0 66.0 62.0 
15.0 69.0 79.0 66.0 62.0 
15.0 69.0 79.0 66.0 62.0 
15.0 69.0 79.0 66.0 62.0 
15.0 69.0 79.0 66.0 62.0 
15.0 69.0 79.0 66.0 62.0 
15.0 69.0 79.0 66.0 62.0 
15.0 69.0 79.0 66.0 62.0 
15.0 69.0 79.0 66.0 62.0 
64.0 25.0 58.0 60.0 37.0 
64.0 25.0 58.0 60.0 37.0 
64.0 25.0 58.0 60.0 37.0 
64.0 25.0 58.0 60.0 37.0 
64.0 25.0 58.0 60.0 37.0 
64.0 25.0 58.0 60.0 37.0 
64.0 25.0 58.0 60.0 37.0 
64.0 25.0 58.0 60.0 37.0 
64.0 25.0 58.0 60.0 37.0 
64.0 25.0 58.0 60.0 37.0 
64.0 25.0 58.0 60.0 37.0 
64.0 25.0 58.0 60.0 37.0 
64.0 25.0 58.0 60.0 37.0 
64.0 25.0 58.0 60.0 37.0 
64.0 25.0 58.0 60.0 37.0 
13.0 81.0 80.0 52.0 38.0 
13.0 81.0 80.0 52.0 38.0 
13.0 81.0 80.0 52.0 38.0 
13.0 81.0 80.0 52.0 38.0 
13.0 81.0 80.0 52.0 38.0 
59.0 67.0 76.0 28.0 21.0 
59.0 67.0 76.0 28.0 21.0 
59.0 67.0 76.0 28.0 21.0 
17.0 61.0 46.0 41.0 48.0 
17.0 61.0 46.0 41.0 48.0 
