52.0 59.0 23.0 13.0 53.0 
52.0 59.0 23.0 13.0 53.0 
52.0 59.0 23.0 13.0 53.0 
52.0 59.0 23.0 13.0 53.0 
52.0 59.0 23.0 13.0 53.0 
52.0 59.0 23.0 13.0 53.0 
52.0 59.0 23.0 13.0 53.0 
52.0 59.0 23.0 13.0 53.0 
52.0 59.0 23.0 13.0 53.0 
52.0 59.0 23.0 13.0 53.0 
52.0 59.0 23.0 13.0 53.0 
52.0 59.0 23.0 13.0 53.0 
42.0 51.0 57.0 56.0 71.0 
42.0 51.0 57.0 56.0 71.0 
42.0 51.0 57.0 56.0 71.0 
42.0 51.0 57.0 56.0 71.0 
42.0 51.0 57.0 56.0 71.0 
42.0 51.0 57.0 56.0 71.0 
42.0 51.0 57.0 56.0 71.0 
42.0 51.0 57.0 56.0 71.0 
42.0 51.0 57.0 56.0 71.0 
42.0 51.0 57.0 56.0 71.0 
42.0 51.0 57.0 56.0 71.0 
42.0 51.0 57.0 56.0 71.0 
42.0 51.0 57.0 56.0 71.0 
42.0 51.0 57.0 56.0 71.0 
42.0 51.0 57.0 56.0 71.0 
42.0 51.0 57.0 56.0 71.0 
42.0 51.0 57.0 56.0 71.0 
42.0 51.0 57.0 56.0 71.0 
42.0 51.0 57.0 56.0 71.0 
42.0 51.0 57.0 56.0 71.0 
42.0 51.0 57.0 56.0 71.0 
42.0 51.0 57.0 56.0 71.0 
42.0 51.0 57.0 56.0 71.0 
42.0 51.0 57.0 56.0 71.0 
42.0 51.0 57.0 56.0 71.0 
42.0 51.0 57.0 56.0 71.0 
42.0 51.0 57.0 56.0 71.0 
42.0 51.0 57.0 56.0 71.0 
42.0 51.0 57.0 56.0 71.0 
42.0 51.0 57.0 56.0 71.0 
42.0 51.0 57.0 56.0 71.0 
42.0 51.0 57.0 56.0 71.0 
36.0 64.0 45.0 67.0 83.0 
36.0 64.0 45.0 67.0 83.0 
36.0 64.0 45.0 67.0 83.0 
36.0 64.0 45.0 67.0 83.0 
36.0 64.0 45.0 67.0 83.0 
63.0 74.0 16.0 34.0 92.0 
63.0 74.0 16.0 34.0 92.0 
63.0 74.0 16.0 34.0 92.0 
63.0 74.0 16.0 34.0 92.0 
63.0 74.0 16.0 34.0 92.0 
63.0 74.0 16.0 34.0 92.0 
63.0 74.0 16.0 34.0 92.0 
11.0 11.0 39.0 99.0 26.0 
11.0 11.0 39.0 99.0 26.0 
11.0 11.0 39.0 99.0 26.0 
11.0 11.0 39.0 99.0 26.0 
