30.0 93.0 14.0 32.0 
30.0 93.0 14.0 32.0 
30.0 93.0 14.0 32.0 
30.0 93.0 14.0 32.0 
30.0 93.0 14.0 32.0 
30.0 93.0 14.0 32.0 
30.0 93.0 14.0 32.0 
30.0 93.0 14.0 32.0 
30.0 93.0 14.0 32.0 
30.0 93.0 14.0 32.0 
30.0 93.0 14.0 32.0 
30.0 93.0 14.0 32.0 
30.0 93.0 14.0 32.0 
30.0 93.0 14.0 32.0 
30.0 93.0 14.0 32.0 
30.0 93.0 14.0 32.0 
30.0 93.0 14.0 32.0 
30.0 93.0 14.0 32.0 
30.0 93.0 14.0 32.0 
30.0 93.0 14.0 32.0 
30.0 93.0 14.0 32.0 
30.0 93.0 14.0 32.0 
30.0 93.0 14.0 32.0 
30.0 93.0 14.0 32.0 
60.0 77.0 59.0 18.0 
60.0 77.0 59.0 18.0 
60.0 77.0 59.0 18.0 
60.0 77.0 59.0 18.0 
60.0 77.0 59.0 18.0 
60.0 77.0 59.0 18.0 
60.0 77.0 59.0 18.0 
60.0 77.0 59.0 18.0 
60.0 77.0 59.0 18.0 
60.0 77.0 59.0 18.0 
60.0 77.0 59.0 18.0 
60.0 77.0 59.0 18.0 
60.0 77.0 59.0 18.0 
60.0 77.0 59.0 18.0 
60.0 77.0 59.0 18.0 
60.0 77.0 59.0 18.0 
60.0 77.0 59.0 18.0 
60.0 77.0 59.0 18.0 
60.0 77.0 59.0 18.0 
60.0 77.0 59.0 18.0 
60.0 77.0 59.0 18.0 
60.0 77.0 59.0 18.0 
60.0 77.0 59.0 18.0 
60.0 77.0 59.0 18.0 
60.0 77.0 59.0 18.0 
60.0 77.0 59.0 18.0 
60.0 77.0 59.0 18.0 
60.0 77.0 59.0 18.0 
60.0 77.0 59.0 18.0 
42.0 98.0 82.0 43.0 
42.0 98.0 82.0 43.0 
42.0 98.0 82.0 43.0 
57.0 21.0 90.0 52.0 
96.0 71.0 39.0 46.0 
96.0 71.0 39.0 46.0 
96.0 71.0 39.0 46.0 
