53.0 13.0 78.0 
53.0 13.0 78.0 
53.0 13.0 78.0 
53.0 13.0 78.0 
53.0 13.0 78.0 
53.0 13.0 78.0 
21.0 100.0 50.0 
21.0 100.0 50.0 
21.0 100.0 50.0 
21.0 100.0 50.0 
21.0 100.0 50.0 
21.0 100.0 50.0 
21.0 100.0 50.0 
21.0 100.0 50.0 
21.0 100.0 50.0 
21.0 100.0 50.0 
21.0 100.0 50.0 
21.0 100.0 50.0 
21.0 100.0 50.0 
21.0 100.0 50.0 
21.0 100.0 50.0 
21.0 100.0 50.0 
21.0 100.0 50.0 
21.0 100.0 50.0 
62.0 61.0 33.0 
62.0 61.0 33.0 
62.0 61.0 33.0 
62.0 61.0 33.0 
62.0 61.0 33.0 
62.0 61.0 33.0 
62.0 61.0 33.0 
62.0 61.0 33.0 
62.0 61.0 33.0 
62.0 61.0 33.0 
62.0 61.0 33.0 
62.0 61.0 33.0 
62.0 61.0 33.0 
62.0 61.0 33.0 
62.0 61.0 33.0 
62.0 61.0 33.0 
62.0 61.0 33.0 
62.0 61.0 33.0 
62.0 61.0 33.0 
62.0 61.0 33.0 
62.0 61.0 33.0 
62.0 61.0 33.0 
62.0 61.0 33.0 
62.0 61.0 33.0 
62.0 61.0 33.0 
62.0 61.0 33.0 
62.0 61.0 33.0 
62.0 61.0 33.0 
62.0 61.0 33.0 
62.0 61.0 33.0 
62.0 61.0 33.0 
96.0 66.0 95.0 
96.0 66.0 95.0 
11.0 98.0 32.0 
43.0 99.0 45.0 
43.0 99.0 45.0 
