98.0 88.0 76.0 
98.0 88.0 76.0 
98.0 88.0 76.0 
73.0 40.0 18.0 
73.0 40.0 18.0 
73.0 40.0 18.0 
73.0 40.0 18.0 
73.0 40.0 18.0 
73.0 40.0 18.0 
73.0 40.0 18.0 
73.0 40.0 18.0 
73.0 40.0 18.0 
73.0 40.0 18.0 
73.0 40.0 18.0 
73.0 40.0 18.0 
73.0 40.0 18.0 
73.0 40.0 18.0 
73.0 40.0 18.0 
73.0 40.0 18.0 
57.0 76.0 21.0 
57.0 76.0 21.0 
57.0 76.0 21.0 
57.0 76.0 21.0 
57.0 76.0 21.0 
57.0 76.0 21.0 
57.0 76.0 21.0 
57.0 76.0 21.0 
57.0 76.0 21.0 
57.0 76.0 21.0 
57.0 76.0 21.0 
57.0 76.0 21.0 
57.0 76.0 21.0 
57.0 76.0 21.0 
57.0 76.0 21.0 
57.0 76.0 21.0 
57.0 76.0 21.0 
57.0 76.0 21.0 
57.0 76.0 21.0 
57.0 76.0 21.0 
57.0 76.0 21.0 
57.0 76.0 21.0 
57.0 76.0 21.0 
46.0 96.0 74.0 
46.0 96.0 74.0 
46.0 96.0 74.0 
46.0 96.0 74.0 
46.0 96.0 74.0 
46.0 96.0 74.0 
46.0 96.0 74.0 
46.0 96.0 74.0 
46.0 96.0 74.0 
46.0 96.0 74.0 
61.0 96.0 20.0 
61.0 96.0 20.0 
61.0 96.0 20.0 
61.0 96.0 20.0 
49.0 100.0 64.0 
49.0 100.0 64.0 
49.0 100.0 64.0 
49.0 100.0 64.0 
