76.0 70.0 28.0 90.0 
76.0 70.0 28.0 90.0 
76.0 70.0 28.0 90.0 
76.0 70.0 28.0 90.0 
76.0 70.0 28.0 90.0 
76.0 70.0 28.0 90.0 
76.0 70.0 28.0 90.0 
76.0 70.0 28.0 90.0 
76.0 70.0 28.0 90.0 
76.0 70.0 28.0 90.0 
76.0 70.0 28.0 90.0 
76.0 70.0 28.0 90.0 
76.0 70.0 28.0 90.0 
76.0 70.0 28.0 90.0 
76.0 70.0 28.0 90.0 
76.0 70.0 28.0 90.0 
76.0 70.0 28.0 90.0 
76.0 70.0 28.0 90.0 
76.0 70.0 28.0 90.0 
76.0 70.0 28.0 90.0 
76.0 70.0 28.0 90.0 
76.0 70.0 28.0 90.0 
76.0 70.0 28.0 90.0 
76.0 70.0 28.0 90.0 
76.0 70.0 28.0 90.0 
76.0 70.0 28.0 90.0 
76.0 70.0 28.0 90.0 
76.0 70.0 28.0 90.0 
76.0 70.0 28.0 90.0 
27.0 100.0 52.0 52.0 
27.0 100.0 52.0 52.0 
27.0 100.0 52.0 52.0 
27.0 100.0 52.0 52.0 
27.0 100.0 52.0 52.0 
27.0 100.0 52.0 52.0 
27.0 100.0 52.0 52.0 
27.0 100.0 52.0 52.0 
27.0 100.0 52.0 52.0 
27.0 100.0 52.0 52.0 
27.0 100.0 52.0 52.0 
27.0 100.0 52.0 52.0 
27.0 100.0 52.0 52.0 
27.0 100.0 52.0 52.0 
27.0 100.0 52.0 52.0 
27.0 100.0 52.0 52.0 
27.0 100.0 52.0 52.0 
27.0 100.0 52.0 52.0 
27.0 100.0 52.0 52.0 
27.0 100.0 52.0 52.0 
27.0 100.0 52.0 52.0 
27.0 100.0 52.0 52.0 
27.0 100.0 52.0 52.0 
27.0 100.0 52.0 52.0 
27.0 100.0 52.0 52.0 
27.0 100.0 52.0 52.0 
52.0 40.0 78.0 39.0 
23.0 43.0 95.0 91.0 
18.0 62.0 11.0 11.0 
22.0 56.0 59.0 53.0 
22.0 56.0 59.0 53.0 
