90.0 17.0 66.0 17.0 
90.0 17.0 66.0 17.0 
90.0 17.0 66.0 17.0 
90.0 17.0 66.0 17.0 
90.0 17.0 66.0 17.0 
90.0 17.0 66.0 17.0 
90.0 17.0 66.0 17.0 
90.0 17.0 66.0 17.0 
90.0 17.0 66.0 17.0 
90.0 17.0 66.0 17.0 
90.0 17.0 66.0 17.0 
90.0 17.0 66.0 17.0 
90.0 17.0 66.0 17.0 
90.0 17.0 66.0 17.0 
90.0 17.0 66.0 17.0 
90.0 17.0 66.0 17.0 
90.0 17.0 66.0 17.0 
90.0 17.0 66.0 17.0 
90.0 17.0 66.0 17.0 
90.0 17.0 66.0 17.0 
90.0 17.0 66.0 17.0 
90.0 17.0 66.0 17.0 
90.0 17.0 66.0 17.0 
90.0 17.0 66.0 17.0 
90.0 17.0 66.0 17.0 
90.0 17.0 66.0 17.0 
90.0 17.0 66.0 17.0 
90.0 17.0 66.0 17.0 
90.0 17.0 66.0 17.0 
90.0 17.0 66.0 17.0 
90.0 17.0 66.0 17.0 
90.0 17.0 66.0 17.0 
90.0 17.0 66.0 17.0 
90.0 17.0 66.0 17.0 
71.0 92.0 34.0 38.0 
71.0 92.0 34.0 38.0 
71.0 92.0 34.0 38.0 
71.0 92.0 34.0 38.0 
71.0 92.0 34.0 38.0 
71.0 92.0 34.0 38.0 
71.0 92.0 34.0 38.0 
71.0 92.0 34.0 38.0 
71.0 92.0 34.0 38.0 
71.0 92.0 34.0 38.0 
71.0 92.0 34.0 38.0 
71.0 92.0 34.0 38.0 
71.0 92.0 34.0 38.0 
68.0 81.0 93.0 77.0 
92.0 55.0 75.0 78.0 
92.0 55.0 75.0 78.0 
92.0 55.0 75.0 78.0 
92.0 55.0 75.0 78.0 
92.0 55.0 75.0 78.0 
92.0 55.0 75.0 78.0 
92.0 55.0 75.0 78.0 
86.0 81.0 73.0 81.0 
86.0 81.0 73.0 81.0 
86.0 81.0 73.0 81.0 
61.0 85.0 27.0 34.0 
61.0 85.0 27.0 34.0 
