58.0 35.0 78.0 90.0 
58.0 35.0 78.0 90.0 
58.0 35.0 78.0 90.0 
58.0 35.0 78.0 90.0 
58.0 35.0 78.0 90.0 
58.0 35.0 78.0 90.0 
58.0 35.0 78.0 90.0 
58.0 35.0 78.0 90.0 
58.0 35.0 78.0 90.0 
58.0 35.0 78.0 90.0 
58.0 35.0 78.0 90.0 
58.0 35.0 78.0 90.0 
58.0 35.0 78.0 90.0 
58.0 35.0 78.0 90.0 
58.0 35.0 78.0 90.0 
58.0 35.0 78.0 90.0 
58.0 35.0 78.0 90.0 
58.0 35.0 78.0 90.0 
58.0 35.0 78.0 90.0 
58.0 35.0 78.0 90.0 
58.0 35.0 78.0 90.0 
58.0 35.0 78.0 90.0 
58.0 35.0 78.0 90.0 
58.0 35.0 78.0 90.0 
58.0 35.0 78.0 90.0 
58.0 35.0 78.0 90.0 
58.0 35.0 78.0 90.0 
58.0 35.0 78.0 90.0 
11.0 100.0 50.0 16.0 
11.0 100.0 50.0 16.0 
11.0 100.0 50.0 16.0 
11.0 100.0 50.0 16.0 
11.0 100.0 50.0 16.0 
11.0 100.0 50.0 16.0 
11.0 100.0 50.0 16.0 
11.0 100.0 50.0 16.0 
11.0 100.0 50.0 16.0 
11.0 100.0 50.0 16.0 
11.0 100.0 50.0 16.0 
11.0 100.0 50.0 16.0 
11.0 100.0 50.0 16.0 
11.0 100.0 50.0 16.0 
11.0 100.0 50.0 16.0 
11.0 100.0 50.0 16.0 
11.0 100.0 50.0 16.0 
11.0 100.0 50.0 16.0 
11.0 100.0 50.0 16.0 
11.0 100.0 50.0 16.0 
11.0 100.0 50.0 16.0 
82.0 48.0 57.0 35.0 
82.0 48.0 57.0 35.0 
82.0 48.0 57.0 35.0 
82.0 48.0 57.0 35.0 
48.0 63.0 38.0 11.0 
48.0 63.0 38.0 11.0 
48.0 63.0 38.0 11.0 
69.0 69.0 55.0 69.0 
69.0 69.0 55.0 69.0 
69.0 84.0 89.0 72.0 
69.0 84.0 89.0 72.0 
