85.0 85.0 45.0 74.0 65.0 
85.0 85.0 45.0 74.0 65.0 
85.0 85.0 45.0 74.0 65.0 
85.0 85.0 45.0 74.0 65.0 
85.0 85.0 45.0 74.0 65.0 
85.0 85.0 45.0 74.0 65.0 
85.0 85.0 45.0 74.0 65.0 
85.0 85.0 45.0 74.0 65.0 
85.0 85.0 45.0 74.0 65.0 
85.0 85.0 45.0 74.0 65.0 
85.0 85.0 45.0 74.0 65.0 
85.0 85.0 45.0 74.0 65.0 
85.0 85.0 45.0 74.0 65.0 
85.0 85.0 45.0 74.0 65.0 
85.0 85.0 45.0 74.0 65.0 
85.0 85.0 45.0 74.0 65.0 
85.0 85.0 45.0 74.0 65.0 
85.0 85.0 45.0 74.0 65.0 
85.0 85.0 45.0 74.0 65.0 
85.0 85.0 45.0 74.0 65.0 
85.0 85.0 45.0 74.0 65.0 
85.0 85.0 45.0 74.0 65.0 
85.0 85.0 45.0 74.0 65.0 
85.0 85.0 45.0 74.0 65.0 
85.0 85.0 45.0 74.0 65.0 
85.0 85.0 45.0 74.0 65.0 
85.0 85.0 45.0 74.0 65.0 
85.0 85.0 45.0 74.0 65.0 
85.0 85.0 45.0 74.0 65.0 
85.0 85.0 45.0 74.0 65.0 
85.0 85.0 45.0 74.0 65.0 
85.0 85.0 45.0 74.0 65.0 
85.0 85.0 45.0 74.0 65.0 
85.0 85.0 45.0 74.0 65.0 
85.0 85.0 45.0 74.0 65.0 
85.0 85.0 45.0 74.0 65.0 
85.0 85.0 45.0 74.0 65.0 
85.0 85.0 45.0 74.0 65.0 
85.0 85.0 45.0 74.0 65.0 
85.0 85.0 45.0 74.0 65.0 
85.0 85.0 45.0 74.0 65.0 
85.0 85.0 45.0 74.0 65.0 
85.0 85.0 45.0 74.0 65.0 
85.0 85.0 45.0 74.0 65.0 
85.0 85.0 45.0 74.0 65.0 
85.0 85.0 45.0 74.0 65.0 
85.0 85.0 45.0 74.0 65.0 
85.0 85.0 45.0 74.0 65.0 
85.0 85.0 45.0 74.0 65.0 
35.0 40.0 53.0 39.0 53.0 
35.0 40.0 53.0 39.0 53.0 
60.0 18.0 49.0 55.0 12.0 
60.0 18.0 49.0 55.0 12.0 
60.0 18.0 49.0 55.0 12.0 
60.0 18.0 49.0 55.0 12.0 
60.0 18.0 49.0 55.0 12.0 
63.0 87.0 100.0 25.0 34.0 
70.0 25.0 30.0 23.0 72.0 
48.0 25.0 47.0 51.0 67.0 
48.0 25.0 47.0 51.0 67.0 
