26.0 97.0 58.0 30.0 
26.0 97.0 58.0 30.0 
26.0 97.0 58.0 30.0 
26.0 97.0 58.0 30.0 
26.0 97.0 58.0 30.0 
26.0 97.0 58.0 30.0 
26.0 97.0 58.0 30.0 
26.0 97.0 58.0 30.0 
26.0 97.0 58.0 30.0 
26.0 97.0 58.0 30.0 
26.0 97.0 58.0 30.0 
26.0 97.0 58.0 30.0 
26.0 97.0 58.0 30.0 
26.0 97.0 58.0 30.0 
26.0 97.0 58.0 30.0 
26.0 97.0 58.0 30.0 
26.0 97.0 58.0 30.0 
26.0 97.0 58.0 30.0 
26.0 97.0 58.0 30.0 
26.0 97.0 58.0 30.0 
26.0 97.0 58.0 30.0 
26.0 97.0 58.0 30.0 
26.0 97.0 58.0 30.0 
26.0 97.0 58.0 30.0 
26.0 97.0 58.0 30.0 
26.0 97.0 58.0 30.0 
26.0 97.0 58.0 30.0 
26.0 97.0 58.0 30.0 
26.0 97.0 58.0 30.0 
26.0 97.0 58.0 30.0 
26.0 97.0 58.0 30.0 
26.0 97.0 58.0 30.0 
26.0 97.0 58.0 30.0 
26.0 97.0 58.0 30.0 
26.0 97.0 58.0 30.0 
26.0 97.0 58.0 30.0 
26.0 97.0 58.0 30.0 
26.0 97.0 58.0 30.0 
26.0 97.0 58.0 30.0 
26.0 97.0 58.0 30.0 
26.0 97.0 58.0 30.0 
26.0 97.0 58.0 30.0 
26.0 97.0 58.0 30.0 
26.0 97.0 58.0 30.0 
26.0 97.0 58.0 30.0 
26.0 97.0 58.0 30.0 
26.0 97.0 58.0 30.0 
82.0 77.0 91.0 38.0 
48.0 65.0 12.0 33.0 
48.0 65.0 12.0 33.0 
48.0 65.0 12.0 33.0 
51.0 13.0 70.0 76.0 
51.0 13.0 70.0 76.0 
51.0 13.0 70.0 76.0 
51.0 13.0 70.0 76.0 
53.0 22.0 73.0 87.0 
53.0 22.0 73.0 87.0 
53.0 22.0 73.0 87.0 
57.0 39.0 55.0 64.0 
57.0 39.0 55.0 64.0 
