26.0 44.0 97.0 24.0 47.0 
26.0 44.0 97.0 24.0 47.0 
26.0 44.0 97.0 24.0 47.0 
26.0 44.0 97.0 24.0 47.0 
26.0 44.0 97.0 24.0 47.0 
26.0 44.0 97.0 24.0 47.0 
26.0 44.0 97.0 24.0 47.0 
26.0 44.0 97.0 24.0 47.0 
26.0 44.0 97.0 24.0 47.0 
26.0 44.0 97.0 24.0 47.0 
26.0 44.0 97.0 24.0 47.0 
41.0 62.0 90.0 26.0 91.0 
41.0 62.0 90.0 26.0 91.0 
41.0 62.0 90.0 26.0 91.0 
41.0 62.0 90.0 26.0 91.0 
41.0 62.0 90.0 26.0 91.0 
41.0 62.0 90.0 26.0 91.0 
41.0 62.0 90.0 26.0 91.0 
41.0 62.0 90.0 26.0 91.0 
41.0 62.0 90.0 26.0 91.0 
41.0 62.0 90.0 26.0 91.0 
41.0 62.0 90.0 26.0 91.0 
41.0 62.0 90.0 26.0 91.0 
41.0 62.0 90.0 26.0 91.0 
41.0 62.0 90.0 26.0 91.0 
41.0 62.0 90.0 26.0 91.0 
41.0 62.0 90.0 26.0 91.0 
41.0 62.0 90.0 26.0 91.0 
41.0 62.0 90.0 26.0 91.0 
41.0 62.0 90.0 26.0 91.0 
67.0 16.0 19.0 74.0 76.0 
67.0 16.0 19.0 74.0 76.0 
67.0 16.0 19.0 74.0 76.0 
67.0 16.0 19.0 74.0 76.0 
67.0 16.0 19.0 74.0 76.0 
67.0 16.0 19.0 74.0 76.0 
53.0 72.0 15.0 18.0 28.0 
53.0 72.0 15.0 18.0 28.0 
53.0 72.0 15.0 18.0 28.0 
41.0 93.0 46.0 31.0 48.0 
13.0 86.0 45.0 95.0 21.0 
13.0 86.0 45.0 95.0 21.0 
13.0 86.0 45.0 95.0 21.0 
13.0 86.0 45.0 95.0 21.0 
13.0 86.0 45.0 95.0 21.0 
13.0 86.0 45.0 95.0 21.0 
13.0 86.0 45.0 95.0 21.0 
13.0 86.0 45.0 95.0 21.0 
13.0 86.0 45.0 95.0 21.0 
13.0 86.0 45.0 95.0 21.0 
13.0 86.0 45.0 95.0 21.0 
13.0 86.0 45.0 95.0 21.0 
13.0 86.0 45.0 95.0 21.0 
13.0 86.0 45.0 95.0 21.0 
13.0 86.0 45.0 95.0 21.0 
13.0 86.0 45.0 95.0 21.0 
13.0 86.0 45.0 95.0 21.0 
13.0 86.0 45.0 95.0 21.0 
13.0 86.0 45.0 95.0 21.0 
13.0 86.0 45.0 95.0 21.0 
