75.0 55.0 65.0 40.0 
75.0 55.0 65.0 40.0 
75.0 55.0 65.0 40.0 
75.0 55.0 65.0 40.0 
75.0 55.0 65.0 40.0 
75.0 55.0 65.0 40.0 
75.0 55.0 65.0 40.0 
75.0 55.0 65.0 40.0 
75.0 55.0 65.0 40.0 
75.0 55.0 65.0 40.0 
75.0 55.0 65.0 40.0 
75.0 55.0 65.0 40.0 
75.0 55.0 65.0 40.0 
75.0 55.0 65.0 40.0 
75.0 55.0 65.0 40.0 
75.0 55.0 65.0 40.0 
75.0 55.0 65.0 40.0 
75.0 55.0 65.0 40.0 
75.0 55.0 65.0 40.0 
75.0 55.0 65.0 40.0 
75.0 55.0 65.0 40.0 
75.0 55.0 65.0 40.0 
75.0 55.0 65.0 40.0 
75.0 55.0 65.0 40.0 
75.0 55.0 65.0 40.0 
75.0 55.0 65.0 40.0 
75.0 55.0 65.0 40.0 
75.0 55.0 65.0 40.0 
75.0 55.0 65.0 40.0 
75.0 55.0 65.0 40.0 
75.0 55.0 65.0 40.0 
75.0 55.0 65.0 40.0 
75.0 55.0 65.0 40.0 
75.0 55.0 65.0 40.0 
75.0 55.0 65.0 40.0 
75.0 55.0 65.0 40.0 
75.0 55.0 65.0 40.0 
75.0 55.0 65.0 40.0 
75.0 55.0 65.0 40.0 
75.0 55.0 65.0 40.0 
75.0 55.0 65.0 40.0 
75.0 55.0 65.0 40.0 
75.0 55.0 65.0 40.0 
75.0 55.0 65.0 40.0 
63.0 91.0 44.0 59.0 
39.0 69.0 29.0 94.0 
39.0 69.0 29.0 94.0 
39.0 69.0 29.0 94.0 
39.0 69.0 29.0 94.0 
39.0 69.0 29.0 94.0 
39.0 69.0 29.0 94.0 
39.0 69.0 29.0 94.0 
39.0 69.0 29.0 94.0 
39.0 69.0 29.0 94.0 
90.0 26.0 82.0 93.0 
94.0 30.0 90.0 90.0 
94.0 30.0 90.0 90.0 
94.0 30.0 90.0 90.0 
14.0 12.0 55.0 39.0 
14.0 12.0 55.0 39.0 
