20.0 52.0 69.0 
20.0 52.0 69.0 
20.0 52.0 69.0 
20.0 52.0 69.0 
20.0 52.0 69.0 
20.0 52.0 69.0 
20.0 52.0 69.0 
20.0 52.0 69.0 
20.0 52.0 69.0 
20.0 52.0 69.0 
20.0 52.0 69.0 
20.0 52.0 69.0 
20.0 52.0 69.0 
20.0 52.0 69.0 
20.0 52.0 69.0 
20.0 52.0 69.0 
20.0 52.0 69.0 
20.0 52.0 69.0 
20.0 52.0 69.0 
20.0 52.0 69.0 
20.0 52.0 69.0 
20.0 52.0 69.0 
20.0 52.0 69.0 
20.0 52.0 69.0 
20.0 52.0 69.0 
20.0 52.0 69.0 
20.0 52.0 69.0 
20.0 52.0 69.0 
20.0 52.0 69.0 
20.0 52.0 69.0 
20.0 52.0 69.0 
20.0 52.0 69.0 
20.0 52.0 69.0 
20.0 52.0 69.0 
20.0 52.0 69.0 
20.0 52.0 69.0 
20.0 52.0 69.0 
20.0 52.0 69.0 
20.0 52.0 69.0 
20.0 52.0 69.0 
20.0 52.0 69.0 
20.0 52.0 69.0 
20.0 52.0 69.0 
20.0 52.0 69.0 
20.0 52.0 69.0 
20.0 52.0 69.0 
20.0 52.0 69.0 
20.0 52.0 69.0 
63.0 57.0 52.0 
63.0 57.0 52.0 
30.0 45.0 46.0 
30.0 45.0 46.0 
29.0 81.0 98.0 
35.0 48.0 84.0 
35.0 48.0 84.0 
35.0 48.0 84.0 
77.0 20.0 50.0 
77.0 20.0 50.0 
77.0 20.0 50.0 
77.0 20.0 50.0 
