90.0 49.0 93.0 22.0 36.0 
90.0 49.0 93.0 22.0 36.0 
90.0 49.0 93.0 22.0 36.0 
90.0 49.0 93.0 22.0 36.0 
90.0 49.0 93.0 22.0 36.0 
90.0 49.0 93.0 22.0 36.0 
90.0 49.0 93.0 22.0 36.0 
90.0 49.0 93.0 22.0 36.0 
90.0 49.0 93.0 22.0 36.0 
90.0 49.0 93.0 22.0 36.0 
90.0 49.0 93.0 22.0 36.0 
90.0 49.0 93.0 22.0 36.0 
90.0 49.0 93.0 22.0 36.0 
90.0 49.0 93.0 22.0 36.0 
90.0 49.0 93.0 22.0 36.0 
90.0 49.0 93.0 22.0 36.0 
90.0 49.0 93.0 22.0 36.0 
90.0 49.0 93.0 22.0 36.0 
90.0 49.0 93.0 22.0 36.0 
90.0 49.0 93.0 22.0 36.0 
90.0 49.0 93.0 22.0 36.0 
90.0 49.0 93.0 22.0 36.0 
90.0 49.0 93.0 22.0 36.0 
90.0 49.0 93.0 22.0 36.0 
90.0 49.0 93.0 22.0 36.0 
90.0 49.0 93.0 22.0 36.0 
90.0 49.0 93.0 22.0 36.0 
90.0 49.0 93.0 22.0 36.0 
90.0 49.0 93.0 22.0 36.0 
90.0 49.0 93.0 22.0 36.0 
90.0 49.0 93.0 22.0 36.0 
90.0 49.0 93.0 22.0 36.0 
90.0 49.0 93.0 22.0 36.0 
90.0 49.0 93.0 22.0 36.0 
90.0 49.0 93.0 22.0 36.0 
90.0 49.0 93.0 22.0 36.0 
95.0 54.0 73.0 65.0 30.0 
95.0 54.0 73.0 65.0 30.0 
95.0 54.0 73.0 65.0 30.0 
95.0 54.0 73.0 65.0 30.0 
95.0 54.0 73.0 65.0 30.0 
95.0 54.0 73.0 65.0 30.0 
95.0 54.0 73.0 65.0 30.0 
95.0 54.0 73.0 65.0 30.0 
95.0 54.0 73.0 65.0 30.0 
95.0 54.0 73.0 65.0 30.0 
95.0 54.0 73.0 65.0 30.0 
95.0 54.0 73.0 65.0 30.0 
95.0 54.0 73.0 65.0 30.0 
95.0 54.0 73.0 65.0 30.0 
95.0 54.0 73.0 65.0 30.0 
95.0 54.0 73.0 65.0 30.0 
30.0 40.0 77.0 77.0 97.0 
42.0 43.0 47.0 65.0 58.0 
69.0 71.0 37.0 80.0 26.0 
69.0 71.0 37.0 80.0 26.0 
51.0 71.0 83.0 93.0 58.0 
51.0 71.0 83.0 93.0 58.0 
51.0 71.0 83.0 93.0 58.0 
51.0 71.0 83.0 93.0 58.0 
