48.0 17.0 53.0 71.0 92.0 
48.0 17.0 53.0 71.0 92.0 
48.0 17.0 53.0 71.0 92.0 
48.0 17.0 53.0 71.0 92.0 
90.0 37.0 55.0 87.0 87.0 
90.0 37.0 55.0 87.0 87.0 
90.0 37.0 55.0 87.0 87.0 
90.0 37.0 55.0 87.0 87.0 
90.0 37.0 55.0 87.0 87.0 
90.0 37.0 55.0 87.0 87.0 
90.0 37.0 55.0 87.0 87.0 
90.0 37.0 55.0 87.0 87.0 
90.0 37.0 55.0 87.0 87.0 
90.0 37.0 55.0 87.0 87.0 
90.0 37.0 55.0 87.0 87.0 
90.0 37.0 55.0 87.0 87.0 
90.0 37.0 55.0 87.0 87.0 
90.0 37.0 55.0 87.0 87.0 
90.0 37.0 55.0 87.0 87.0 
90.0 37.0 55.0 87.0 87.0 
90.0 37.0 55.0 87.0 87.0 
90.0 37.0 55.0 87.0 87.0 
90.0 37.0 55.0 87.0 87.0 
90.0 37.0 55.0 87.0 87.0 
90.0 37.0 55.0 87.0 87.0 
90.0 37.0 55.0 87.0 87.0 
90.0 37.0 55.0 87.0 87.0 
90.0 37.0 55.0 87.0 87.0 
90.0 37.0 55.0 87.0 87.0 
90.0 37.0 55.0 87.0 87.0 
90.0 37.0 55.0 87.0 87.0 
90.0 37.0 55.0 87.0 87.0 
90.0 37.0 55.0 87.0 87.0 
90.0 37.0 55.0 87.0 87.0 
90.0 37.0 55.0 87.0 87.0 
90.0 37.0 55.0 87.0 87.0 
90.0 37.0 55.0 87.0 87.0 
90.0 37.0 55.0 87.0 87.0 
90.0 37.0 55.0 87.0 87.0 
90.0 37.0 55.0 87.0 87.0 
90.0 37.0 55.0 87.0 87.0 
90.0 37.0 55.0 87.0 87.0 
90.0 37.0 55.0 87.0 87.0 
90.0 37.0 55.0 87.0 87.0 
90.0 37.0 55.0 87.0 87.0 
90.0 37.0 55.0 87.0 87.0 
90.0 37.0 55.0 87.0 87.0 
90.0 37.0 55.0 87.0 87.0 
90.0 37.0 55.0 87.0 87.0 
90.0 37.0 55.0 87.0 87.0 
90.0 37.0 55.0 87.0 87.0 
90.0 37.0 55.0 87.0 87.0 
90.0 37.0 55.0 87.0 87.0 
50.0 31.0 68.0 34.0 36.0 
50.0 31.0 68.0 34.0 36.0 
50.0 31.0 68.0 34.0 36.0 
14.0 72.0 61.0 57.0 36.0 
13.0 39.0 73.0 76.0 60.0 
28.0 63.0 11.0 55.0 75.0 
28.0 63.0 11.0 55.0 75.0 
