56.0 54.0 36.0 
56.0 54.0 36.0 
56.0 54.0 36.0 
56.0 54.0 36.0 
56.0 54.0 36.0 
56.0 54.0 36.0 
56.0 54.0 36.0 
56.0 54.0 36.0 
56.0 54.0 36.0 
56.0 54.0 36.0 
56.0 54.0 36.0 
56.0 54.0 36.0 
56.0 54.0 36.0 
56.0 54.0 36.0 
56.0 54.0 36.0 
56.0 54.0 36.0 
56.0 54.0 36.0 
56.0 54.0 36.0 
56.0 54.0 36.0 
56.0 54.0 36.0 
56.0 54.0 36.0 
56.0 54.0 36.0 
56.0 54.0 36.0 
56.0 54.0 36.0 
56.0 54.0 36.0 
56.0 54.0 36.0 
56.0 54.0 36.0 
56.0 54.0 36.0 
56.0 54.0 36.0 
56.0 54.0 36.0 
56.0 54.0 36.0 
56.0 54.0 36.0 
56.0 54.0 36.0 
56.0 54.0 36.0 
56.0 54.0 36.0 
56.0 54.0 36.0 
56.0 54.0 36.0 
56.0 54.0 36.0 
56.0 54.0 36.0 
80.0 40.0 21.0 
80.0 40.0 21.0 
80.0 40.0 21.0 
80.0 40.0 21.0 
80.0 40.0 21.0 
80.0 40.0 21.0 
80.0 40.0 21.0 
80.0 40.0 21.0 
80.0 40.0 21.0 
80.0 40.0 21.0 
80.0 40.0 21.0 
80.0 40.0 21.0 
80.0 40.0 21.0 
24.0 40.0 11.0 
24.0 40.0 11.0 
24.0 40.0 11.0 
12.0 96.0 14.0 
74.0 41.0 63.0 
17.0 72.0 35.0 
17.0 72.0 35.0 
17.0 72.0 35.0 
