92.0 19.0 96.0 55.0 57.0 
92.0 19.0 96.0 55.0 57.0 
92.0 19.0 96.0 55.0 57.0 
92.0 19.0 96.0 55.0 57.0 
92.0 19.0 96.0 55.0 57.0 
92.0 19.0 96.0 55.0 57.0 
92.0 19.0 96.0 55.0 57.0 
92.0 19.0 96.0 55.0 57.0 
92.0 19.0 96.0 55.0 57.0 
92.0 19.0 96.0 55.0 57.0 
92.0 19.0 96.0 55.0 57.0 
92.0 19.0 96.0 55.0 57.0 
92.0 19.0 96.0 55.0 57.0 
92.0 19.0 96.0 55.0 57.0 
92.0 19.0 96.0 55.0 57.0 
92.0 19.0 96.0 55.0 57.0 
92.0 19.0 96.0 55.0 57.0 
92.0 19.0 96.0 55.0 57.0 
92.0 19.0 96.0 55.0 57.0 
92.0 19.0 96.0 55.0 57.0 
92.0 19.0 96.0 55.0 57.0 
92.0 19.0 96.0 55.0 57.0 
92.0 19.0 96.0 55.0 57.0 
92.0 19.0 96.0 55.0 57.0 
92.0 19.0 96.0 55.0 57.0 
75.0 59.0 75.0 57.0 51.0 
75.0 59.0 75.0 57.0 51.0 
75.0 59.0 75.0 57.0 51.0 
75.0 59.0 75.0 57.0 51.0 
75.0 59.0 75.0 57.0 51.0 
75.0 59.0 75.0 57.0 51.0 
75.0 59.0 75.0 57.0 51.0 
75.0 59.0 75.0 57.0 51.0 
75.0 59.0 75.0 57.0 51.0 
75.0 59.0 75.0 57.0 51.0 
75.0 59.0 75.0 57.0 51.0 
75.0 59.0 75.0 57.0 51.0 
75.0 59.0 75.0 57.0 51.0 
75.0 59.0 75.0 57.0 51.0 
75.0 59.0 75.0 57.0 51.0 
75.0 59.0 75.0 57.0 51.0 
75.0 59.0 75.0 57.0 51.0 
75.0 59.0 75.0 57.0 51.0 
75.0 59.0 75.0 57.0 51.0 
75.0 59.0 75.0 57.0 51.0 
75.0 59.0 75.0 57.0 51.0 
75.0 59.0 75.0 57.0 51.0 
75.0 59.0 75.0 57.0 51.0 
75.0 59.0 75.0 57.0 51.0 
75.0 59.0 75.0 57.0 51.0 
75.0 59.0 75.0 57.0 51.0 
75.0 59.0 75.0 57.0 51.0 
75.0 59.0 75.0 57.0 51.0 
75.0 59.0 75.0 57.0 51.0 
75.0 59.0 75.0 57.0 51.0 
56.0 86.0 48.0 56.0 13.0 
93.0 72.0 72.0 56.0 30.0 
97.0 91.0 59.0 91.0 37.0 
69.0 42.0 56.0 86.0 21.0 
69.0 42.0 56.0 86.0 21.0 
