91.0 22.0 70.0 
91.0 22.0 70.0 
49.0 11.0 95.0 
49.0 11.0 95.0 
49.0 11.0 95.0 
49.0 11.0 95.0 
49.0 11.0 95.0 
49.0 11.0 95.0 
49.0 11.0 95.0 
49.0 11.0 95.0 
49.0 11.0 95.0 
49.0 11.0 95.0 
49.0 11.0 95.0 
49.0 11.0 95.0 
49.0 11.0 95.0 
49.0 11.0 95.0 
49.0 11.0 95.0 
49.0 11.0 95.0 
49.0 11.0 95.0 
49.0 11.0 95.0 
49.0 11.0 95.0 
49.0 11.0 95.0 
49.0 11.0 95.0 
49.0 11.0 95.0 
49.0 11.0 95.0 
49.0 11.0 95.0 
49.0 11.0 95.0 
49.0 11.0 95.0 
49.0 11.0 95.0 
49.0 11.0 95.0 
49.0 11.0 95.0 
49.0 11.0 95.0 
49.0 11.0 95.0 
49.0 11.0 95.0 
49.0 11.0 95.0 
23.0 79.0 93.0 
23.0 79.0 93.0 
23.0 79.0 93.0 
23.0 79.0 93.0 
23.0 79.0 93.0 
23.0 79.0 93.0 
23.0 79.0 93.0 
23.0 79.0 93.0 
23.0 79.0 93.0 
23.0 79.0 93.0 
23.0 79.0 93.0 
23.0 79.0 93.0 
23.0 79.0 93.0 
23.0 79.0 93.0 
23.0 79.0 93.0 
23.0 79.0 93.0 
23.0 79.0 93.0 
23.0 79.0 93.0 
23.0 79.0 93.0 
57.0 79.0 90.0 
57.0 79.0 90.0 
12.0 87.0 96.0 
61.0 63.0 99.0 
61.0 63.0 99.0 
61.0 63.0 99.0 
