25.0 99.0 96.0 88.0 74.0 
25.0 99.0 96.0 88.0 74.0 
25.0 99.0 96.0 88.0 74.0 
25.0 99.0 96.0 88.0 74.0 
25.0 99.0 96.0 88.0 74.0 
25.0 99.0 96.0 88.0 74.0 
25.0 99.0 96.0 88.0 74.0 
25.0 99.0 96.0 88.0 74.0 
25.0 99.0 96.0 88.0 74.0 
25.0 99.0 96.0 88.0 74.0 
25.0 99.0 96.0 88.0 74.0 
25.0 99.0 96.0 88.0 74.0 
25.0 99.0 96.0 88.0 74.0 
25.0 99.0 96.0 88.0 74.0 
25.0 99.0 96.0 88.0 74.0 
25.0 99.0 96.0 88.0 74.0 
25.0 99.0 96.0 88.0 74.0 
25.0 99.0 96.0 88.0 74.0 
25.0 99.0 96.0 88.0 74.0 
25.0 99.0 96.0 88.0 74.0 
25.0 99.0 96.0 88.0 74.0 
25.0 99.0 96.0 88.0 74.0 
25.0 99.0 96.0 88.0 74.0 
25.0 99.0 96.0 88.0 74.0 
25.0 99.0 96.0 88.0 74.0 
25.0 99.0 96.0 88.0 74.0 
25.0 99.0 96.0 88.0 74.0 
25.0 99.0 96.0 88.0 74.0 
25.0 99.0 96.0 88.0 74.0 
25.0 99.0 96.0 88.0 74.0 
25.0 99.0 96.0 88.0 74.0 
25.0 99.0 96.0 88.0 74.0 
25.0 99.0 96.0 88.0 74.0 
25.0 99.0 96.0 88.0 74.0 
25.0 99.0 96.0 88.0 74.0 
25.0 99.0 96.0 88.0 74.0 
25.0 99.0 96.0 88.0 74.0 
25.0 99.0 96.0 88.0 74.0 
25.0 99.0 96.0 88.0 74.0 
25.0 99.0 96.0 88.0 74.0 
25.0 99.0 96.0 88.0 74.0 
25.0 99.0 96.0 88.0 74.0 
25.0 99.0 96.0 88.0 74.0 
25.0 99.0 96.0 88.0 74.0 
25.0 99.0 96.0 88.0 74.0 
25.0 99.0 96.0 88.0 74.0 
25.0 99.0 96.0 88.0 74.0 
25.0 99.0 96.0 88.0 74.0 
25.0 99.0 96.0 88.0 74.0 
25.0 99.0 96.0 88.0 74.0 
25.0 99.0 96.0 88.0 74.0 
25.0 99.0 96.0 88.0 74.0 
69.0 39.0 19.0 91.0 88.0 
13.0 57.0 78.0 81.0 70.0 
25.0 94.0 29.0 32.0 49.0 
25.0 94.0 29.0 32.0 49.0 
31.0 74.0 11.0 73.0 34.0 
99.0 30.0 88.0 38.0 91.0 
77.0 15.0 42.0 36.0 21.0 
77.0 15.0 42.0 36.0 21.0 
