64.0 96.0 46.0 
64.0 96.0 46.0 
64.0 96.0 46.0 
64.0 96.0 46.0 
64.0 96.0 46.0 
64.0 96.0 46.0 
64.0 96.0 46.0 
64.0 96.0 46.0 
64.0 96.0 46.0 
64.0 96.0 46.0 
64.0 96.0 46.0 
64.0 96.0 46.0 
64.0 96.0 46.0 
64.0 96.0 46.0 
64.0 96.0 46.0 
64.0 96.0 46.0 
64.0 96.0 46.0 
64.0 96.0 46.0 
64.0 96.0 46.0 
64.0 96.0 46.0 
64.0 96.0 46.0 
64.0 96.0 46.0 
64.0 96.0 46.0 
64.0 96.0 46.0 
64.0 96.0 46.0 
64.0 96.0 46.0 
64.0 96.0 46.0 
64.0 96.0 46.0 
64.0 96.0 46.0 
64.0 96.0 46.0 
64.0 96.0 46.0 
64.0 96.0 46.0 
27.0 87.0 77.0 
27.0 87.0 77.0 
27.0 87.0 77.0 
27.0 87.0 77.0 
27.0 87.0 77.0 
27.0 87.0 77.0 
79.0 49.0 45.0 
79.0 49.0 45.0 
79.0 49.0 45.0 
79.0 49.0 45.0 
79.0 49.0 45.0 
79.0 49.0 45.0 
79.0 49.0 45.0 
79.0 49.0 45.0 
21.0 12.0 68.0 
21.0 12.0 68.0 
21.0 12.0 68.0 
21.0 12.0 68.0 
21.0 12.0 68.0 
21.0 12.0 68.0 
50.0 70.0 43.0 
50.0 70.0 43.0 
57.0 92.0 42.0 
43.0 36.0 77.0 
43.0 36.0 77.0 
43.0 36.0 77.0 
43.0 36.0 77.0 
43.0 36.0 77.0 
