51.0 73.0 97.0 13.0 
51.0 73.0 97.0 13.0 
51.0 73.0 97.0 13.0 
51.0 73.0 97.0 13.0 
51.0 73.0 97.0 13.0 
51.0 73.0 97.0 13.0 
51.0 73.0 97.0 13.0 
51.0 73.0 97.0 13.0 
51.0 73.0 97.0 13.0 
51.0 73.0 97.0 13.0 
51.0 73.0 97.0 13.0 
51.0 73.0 97.0 13.0 
51.0 73.0 97.0 13.0 
51.0 73.0 97.0 13.0 
51.0 73.0 97.0 13.0 
51.0 73.0 97.0 13.0 
51.0 73.0 97.0 13.0 
51.0 73.0 97.0 13.0 
51.0 73.0 97.0 13.0 
51.0 73.0 97.0 13.0 
51.0 73.0 97.0 13.0 
51.0 73.0 97.0 13.0 
51.0 73.0 97.0 13.0 
51.0 73.0 97.0 13.0 
51.0 73.0 97.0 13.0 
51.0 73.0 97.0 13.0 
51.0 73.0 97.0 13.0 
51.0 73.0 97.0 13.0 
51.0 73.0 97.0 13.0 
51.0 73.0 97.0 13.0 
51.0 73.0 97.0 13.0 
51.0 73.0 97.0 13.0 
51.0 73.0 97.0 13.0 
51.0 73.0 97.0 13.0 
51.0 73.0 97.0 13.0 
51.0 73.0 97.0 13.0 
51.0 73.0 97.0 13.0 
51.0 73.0 97.0 13.0 
51.0 73.0 97.0 13.0 
51.0 73.0 97.0 13.0 
51.0 73.0 97.0 13.0 
51.0 73.0 97.0 13.0 
51.0 73.0 97.0 13.0 
51.0 73.0 97.0 13.0 
51.0 73.0 97.0 13.0 
51.0 73.0 97.0 13.0 
51.0 73.0 97.0 13.0 
75.0 96.0 82.0 40.0 
75.0 96.0 82.0 40.0 
80.0 88.0 86.0 50.0 
80.0 88.0 86.0 50.0 
80.0 88.0 86.0 50.0 
80.0 88.0 86.0 50.0 
80.0 88.0 86.0 50.0 
65.0 96.0 51.0 38.0 
18.0 17.0 74.0 47.0 
18.0 17.0 74.0 47.0 
73.0 18.0 41.0 64.0 
24.0 53.0 66.0 96.0 
24.0 53.0 66.0 96.0 
