34.0 48.0 48.0 
34.0 48.0 48.0 
34.0 48.0 48.0 
34.0 48.0 48.0 
34.0 48.0 48.0 
34.0 48.0 48.0 
34.0 48.0 48.0 
34.0 48.0 48.0 
34.0 48.0 48.0 
34.0 48.0 48.0 
34.0 48.0 48.0 
34.0 48.0 48.0 
34.0 48.0 48.0 
34.0 48.0 48.0 
34.0 48.0 48.0 
34.0 48.0 48.0 
34.0 48.0 48.0 
34.0 48.0 48.0 
34.0 48.0 48.0 
34.0 48.0 48.0 
34.0 48.0 48.0 
34.0 48.0 48.0 
34.0 48.0 48.0 
34.0 48.0 48.0 
34.0 48.0 48.0 
34.0 48.0 48.0 
34.0 48.0 48.0 
34.0 48.0 48.0 
34.0 48.0 48.0 
34.0 48.0 48.0 
34.0 48.0 48.0 
34.0 48.0 48.0 
82.0 56.0 78.0 
82.0 56.0 78.0 
82.0 56.0 78.0 
82.0 56.0 78.0 
82.0 56.0 78.0 
82.0 56.0 78.0 
72.0 77.0 20.0 
14.0 71.0 74.0 
14.0 71.0 74.0 
14.0 71.0 74.0 
14.0 71.0 74.0 
14.0 71.0 74.0 
14.0 71.0 74.0 
14.0 71.0 74.0 
14.0 71.0 74.0 
14.0 71.0 74.0 
14.0 71.0 74.0 
14.0 71.0 74.0 
71.0 31.0 28.0 
71.0 31.0 28.0 
71.0 31.0 28.0 
71.0 31.0 28.0 
71.0 31.0 28.0 
69.0 59.0 40.0 
69.0 59.0 40.0 
36.0 68.0 31.0 
36.0 68.0 31.0 
36.0 68.0 31.0 
