24.0 61.0 64.0 
24.0 61.0 64.0 
24.0 61.0 64.0 
24.0 61.0 64.0 
24.0 61.0 64.0 
24.0 61.0 64.0 
24.0 61.0 64.0 
24.0 61.0 64.0 
24.0 61.0 64.0 
24.0 61.0 64.0 
24.0 61.0 64.0 
24.0 61.0 64.0 
24.0 61.0 64.0 
24.0 61.0 64.0 
24.0 61.0 64.0 
24.0 61.0 64.0 
24.0 61.0 64.0 
24.0 61.0 64.0 
24.0 61.0 64.0 
24.0 61.0 64.0 
24.0 61.0 64.0 
24.0 61.0 64.0 
24.0 61.0 64.0 
24.0 61.0 64.0 
24.0 61.0 64.0 
24.0 61.0 64.0 
24.0 61.0 64.0 
24.0 61.0 64.0 
24.0 61.0 64.0 
24.0 61.0 64.0 
24.0 61.0 64.0 
24.0 61.0 64.0 
24.0 61.0 64.0 
24.0 61.0 64.0 
24.0 61.0 64.0 
24.0 61.0 64.0 
24.0 61.0 64.0 
24.0 61.0 64.0 
24.0 61.0 64.0 
24.0 61.0 64.0 
38.0 23.0 84.0 
38.0 23.0 84.0 
38.0 23.0 84.0 
38.0 23.0 84.0 
38.0 23.0 84.0 
38.0 23.0 84.0 
38.0 23.0 84.0 
45.0 58.0 17.0 
45.0 58.0 17.0 
45.0 58.0 17.0 
45.0 58.0 17.0 
69.0 65.0 69.0 
38.0 33.0 53.0 
38.0 33.0 53.0 
77.0 17.0 12.0 
48.0 33.0 87.0 
48.0 33.0 87.0 
48.0 33.0 87.0 
48.0 33.0 87.0 
48.0 33.0 87.0 
