58.0 25.0 84.0 16.0 62.0 
58.0 25.0 84.0 16.0 62.0 
58.0 25.0 84.0 16.0 62.0 
58.0 25.0 84.0 16.0 62.0 
58.0 25.0 84.0 16.0 62.0 
58.0 25.0 84.0 16.0 62.0 
58.0 25.0 84.0 16.0 62.0 
58.0 25.0 84.0 16.0 62.0 
58.0 25.0 84.0 16.0 62.0 
58.0 25.0 84.0 16.0 62.0 
58.0 25.0 84.0 16.0 62.0 
58.0 25.0 84.0 16.0 62.0 
58.0 25.0 84.0 16.0 62.0 
58.0 25.0 84.0 16.0 62.0 
58.0 25.0 84.0 16.0 62.0 
58.0 25.0 84.0 16.0 62.0 
58.0 25.0 84.0 16.0 62.0 
58.0 25.0 84.0 16.0 62.0 
58.0 25.0 84.0 16.0 62.0 
58.0 25.0 84.0 16.0 62.0 
58.0 25.0 84.0 16.0 62.0 
58.0 25.0 84.0 16.0 62.0 
58.0 25.0 84.0 16.0 62.0 
58.0 25.0 84.0 16.0 62.0 
58.0 25.0 84.0 16.0 62.0 
58.0 25.0 84.0 16.0 62.0 
58.0 25.0 84.0 16.0 62.0 
58.0 25.0 84.0 16.0 62.0 
58.0 25.0 84.0 16.0 62.0 
58.0 25.0 84.0 16.0 62.0 
58.0 25.0 84.0 16.0 62.0 
58.0 25.0 84.0 16.0 62.0 
58.0 25.0 84.0 16.0 62.0 
58.0 25.0 84.0 16.0 62.0 
58.0 25.0 84.0 16.0 62.0 
58.0 25.0 84.0 16.0 62.0 
58.0 25.0 84.0 16.0 62.0 
58.0 25.0 84.0 16.0 62.0 
58.0 25.0 84.0 16.0 62.0 
58.0 25.0 84.0 16.0 62.0 
58.0 25.0 84.0 16.0 62.0 
58.0 25.0 84.0 16.0 62.0 
58.0 25.0 84.0 16.0 62.0 
58.0 25.0 84.0 16.0 62.0 
58.0 25.0 84.0 16.0 62.0 
46.0 80.0 74.0 78.0 92.0 
46.0 80.0 74.0 78.0 92.0 
49.0 30.0 42.0 18.0 41.0 
59.0 98.0 58.0 91.0 100.0 
59.0 98.0 58.0 91.0 100.0 
59.0 98.0 58.0 91.0 100.0 
59.0 98.0 58.0 91.0 100.0 
59.0 98.0 58.0 91.0 100.0 
59.0 98.0 58.0 91.0 100.0 
17.0 29.0 75.0 46.0 21.0 
87.0 27.0 52.0 26.0 30.0 
87.0 27.0 52.0 26.0 30.0 
87.0 27.0 52.0 26.0 30.0 
39.0 91.0 40.0 57.0 60.0 
39.0 91.0 40.0 57.0 60.0 
