28.0 40.0 30.0 38.0 13.0 
28.0 40.0 30.0 38.0 13.0 
28.0 40.0 30.0 38.0 13.0 
28.0 40.0 30.0 38.0 13.0 
28.0 40.0 30.0 38.0 13.0 
28.0 40.0 30.0 38.0 13.0 
28.0 40.0 30.0 38.0 13.0 
28.0 40.0 30.0 38.0 13.0 
28.0 40.0 30.0 38.0 13.0 
28.0 40.0 30.0 38.0 13.0 
28.0 40.0 30.0 38.0 13.0 
28.0 40.0 30.0 38.0 13.0 
28.0 40.0 30.0 38.0 13.0 
28.0 40.0 30.0 38.0 13.0 
28.0 40.0 30.0 38.0 13.0 
28.0 40.0 30.0 38.0 13.0 
28.0 40.0 30.0 38.0 13.0 
61.0 93.0 54.0 34.0 21.0 
61.0 93.0 54.0 34.0 21.0 
61.0 93.0 54.0 34.0 21.0 
61.0 93.0 54.0 34.0 21.0 
86.0 47.0 59.0 76.0 55.0 
86.0 47.0 59.0 76.0 55.0 
86.0 47.0 59.0 76.0 55.0 
86.0 47.0 59.0 76.0 55.0 
86.0 47.0 59.0 76.0 55.0 
86.0 47.0 59.0 76.0 55.0 
86.0 47.0 59.0 76.0 55.0 
86.0 47.0 59.0 76.0 55.0 
86.0 47.0 59.0 76.0 55.0 
86.0 47.0 59.0 76.0 55.0 
86.0 47.0 59.0 76.0 55.0 
86.0 47.0 59.0 76.0 55.0 
86.0 47.0 59.0 76.0 55.0 
86.0 47.0 59.0 76.0 55.0 
86.0 47.0 59.0 76.0 55.0 
86.0 47.0 59.0 76.0 55.0 
86.0 47.0 59.0 76.0 55.0 
88.0 56.0 47.0 61.0 22.0 
88.0 56.0 47.0 61.0 22.0 
88.0 56.0 47.0 61.0 22.0 
88.0 56.0 47.0 61.0 22.0 
88.0 56.0 47.0 61.0 22.0 
88.0 56.0 47.0 61.0 22.0 
88.0 56.0 47.0 61.0 22.0 
88.0 56.0 47.0 61.0 22.0 
88.0 56.0 47.0 61.0 22.0 
88.0 56.0 47.0 61.0 22.0 
88.0 56.0 47.0 61.0 22.0 
88.0 56.0 47.0 61.0 22.0 
88.0 56.0 47.0 61.0 22.0 
65.0 44.0 12.0 51.0 40.0 
65.0 44.0 12.0 51.0 40.0 
88.0 91.0 14.0 94.0 39.0 
88.0 91.0 14.0 94.0 39.0 
88.0 91.0 14.0 94.0 39.0 
88.0 91.0 14.0 94.0 39.0 
38.0 49.0 96.0 30.0 63.0 
38.0 49.0 96.0 30.0 63.0 
38.0 49.0 96.0 30.0 63.0 
