82.0 50.0 73.0 
82.0 50.0 73.0 
82.0 50.0 73.0 
82.0 50.0 73.0 
82.0 50.0 73.0 
82.0 50.0 73.0 
82.0 50.0 73.0 
82.0 50.0 73.0 
82.0 50.0 73.0 
82.0 50.0 73.0 
82.0 50.0 73.0 
82.0 50.0 73.0 
82.0 50.0 73.0 
82.0 50.0 73.0 
82.0 50.0 73.0 
82.0 50.0 73.0 
82.0 50.0 73.0 
82.0 50.0 73.0 
82.0 50.0 73.0 
82.0 50.0 73.0 
82.0 50.0 73.0 
82.0 50.0 73.0 
82.0 50.0 73.0 
82.0 50.0 73.0 
82.0 50.0 73.0 
82.0 50.0 73.0 
82.0 50.0 73.0 
82.0 50.0 73.0 
82.0 50.0 73.0 
82.0 50.0 73.0 
82.0 50.0 73.0 
82.0 50.0 73.0 
82.0 50.0 73.0 
82.0 50.0 73.0 
82.0 50.0 73.0 
82.0 50.0 73.0 
82.0 50.0 73.0 
82.0 50.0 73.0 
82.0 50.0 73.0 
82.0 50.0 73.0 
82.0 50.0 73.0 
82.0 50.0 73.0 
82.0 50.0 73.0 
82.0 50.0 73.0 
82.0 50.0 73.0 
82.0 50.0 73.0 
82.0 50.0 73.0 
82.0 50.0 73.0 
82.0 50.0 73.0 
82.0 50.0 73.0 
26.0 83.0 40.0 
59.0 45.0 91.0 
59.0 45.0 91.0 
59.0 45.0 91.0 
85.0 59.0 16.0 
34.0 16.0 19.0 
18.0 98.0 41.0 
18.0 98.0 41.0 
11.0 62.0 96.0 
11.0 62.0 96.0 
