94.0 27.0 85.0 41.0 
94.0 27.0 85.0 41.0 
94.0 27.0 85.0 41.0 
94.0 27.0 85.0 41.0 
94.0 27.0 85.0 41.0 
94.0 27.0 85.0 41.0 
94.0 27.0 85.0 41.0 
94.0 27.0 85.0 41.0 
94.0 27.0 85.0 41.0 
94.0 27.0 85.0 41.0 
94.0 27.0 85.0 41.0 
94.0 27.0 85.0 41.0 
94.0 27.0 85.0 41.0 
94.0 27.0 85.0 41.0 
94.0 27.0 85.0 41.0 
94.0 27.0 85.0 41.0 
94.0 27.0 85.0 41.0 
94.0 27.0 85.0 41.0 
94.0 27.0 85.0 41.0 
94.0 27.0 85.0 41.0 
94.0 27.0 85.0 41.0 
94.0 27.0 85.0 41.0 
94.0 27.0 85.0 41.0 
94.0 27.0 85.0 41.0 
94.0 27.0 85.0 41.0 
94.0 27.0 85.0 41.0 
94.0 27.0 85.0 41.0 
94.0 27.0 85.0 41.0 
94.0 27.0 85.0 41.0 
94.0 27.0 85.0 41.0 
71.0 35.0 55.0 88.0 
71.0 35.0 55.0 88.0 
70.0 65.0 86.0 79.0 
70.0 65.0 86.0 79.0 
70.0 65.0 86.0 79.0 
70.0 65.0 86.0 79.0 
70.0 65.0 86.0 79.0 
70.0 65.0 86.0 79.0 
70.0 65.0 86.0 79.0 
70.0 65.0 86.0 79.0 
25.0 44.0 59.0 16.0 
25.0 44.0 59.0 16.0 
25.0 44.0 59.0 16.0 
25.0 44.0 59.0 16.0 
25.0 44.0 59.0 16.0 
25.0 44.0 59.0 16.0 
25.0 44.0 59.0 16.0 
25.0 44.0 59.0 16.0 
25.0 44.0 59.0 16.0 
25.0 44.0 59.0 16.0 
25.0 44.0 59.0 16.0 
25.0 44.0 59.0 16.0 
25.0 44.0 59.0 16.0 
25.0 44.0 59.0 16.0 
25.0 44.0 59.0 16.0 
25.0 44.0 59.0 16.0 
40.0 53.0 19.0 42.0 
67.0 71.0 37.0 35.0 
88.0 67.0 88.0 22.0 
88.0 67.0 88.0 22.0 
