67.0 90.0 29.0 29.0 80.0 
67.0 90.0 29.0 29.0 80.0 
67.0 90.0 29.0 29.0 80.0 
67.0 90.0 29.0 29.0 80.0 
67.0 90.0 29.0 29.0 80.0 
67.0 90.0 29.0 29.0 80.0 
67.0 90.0 29.0 29.0 80.0 
67.0 90.0 29.0 29.0 80.0 
67.0 90.0 29.0 29.0 80.0 
67.0 90.0 29.0 29.0 80.0 
67.0 90.0 29.0 29.0 80.0 
67.0 90.0 29.0 29.0 80.0 
67.0 90.0 29.0 29.0 80.0 
67.0 90.0 29.0 29.0 80.0 
67.0 90.0 29.0 29.0 80.0 
67.0 90.0 29.0 29.0 80.0 
67.0 90.0 29.0 29.0 80.0 
67.0 90.0 29.0 29.0 80.0 
67.0 90.0 29.0 29.0 80.0 
67.0 90.0 29.0 29.0 80.0 
67.0 90.0 29.0 29.0 80.0 
67.0 90.0 29.0 29.0 80.0 
67.0 90.0 29.0 29.0 80.0 
32.0 56.0 82.0 57.0 51.0 
32.0 56.0 82.0 57.0 51.0 
32.0 56.0 82.0 57.0 51.0 
32.0 56.0 82.0 57.0 51.0 
32.0 56.0 82.0 57.0 51.0 
32.0 56.0 82.0 57.0 51.0 
32.0 56.0 82.0 57.0 51.0 
32.0 56.0 82.0 57.0 51.0 
32.0 56.0 82.0 57.0 51.0 
32.0 56.0 82.0 57.0 51.0 
32.0 56.0 82.0 57.0 51.0 
32.0 56.0 82.0 57.0 51.0 
32.0 56.0 82.0 57.0 51.0 
32.0 56.0 82.0 57.0 51.0 
32.0 56.0 82.0 57.0 51.0 
32.0 56.0 82.0 57.0 51.0 
32.0 56.0 82.0 57.0 51.0 
32.0 56.0 82.0 57.0 51.0 
32.0 56.0 82.0 57.0 51.0 
32.0 56.0 82.0 57.0 51.0 
52.0 83.0 27.0 34.0 57.0 
52.0 83.0 27.0 34.0 57.0 
52.0 83.0 27.0 34.0 57.0 
52.0 83.0 27.0 34.0 57.0 
52.0 83.0 27.0 34.0 57.0 
52.0 83.0 27.0 34.0 57.0 
52.0 83.0 27.0 34.0 57.0 
52.0 83.0 27.0 34.0 57.0 
97.0 22.0 35.0 97.0 72.0 
97.0 22.0 35.0 97.0 72.0 
97.0 22.0 35.0 97.0 72.0 
97.0 22.0 35.0 97.0 72.0 
60.0 33.0 70.0 88.0 42.0 
60.0 33.0 70.0 88.0 42.0 
25.0 99.0 24.0 20.0 85.0 
67.0 68.0 98.0 77.0 87.0 
67.0 68.0 98.0 77.0 87.0 
