87.0 83.0 77.0 11.0 
87.0 83.0 77.0 11.0 
87.0 83.0 77.0 11.0 
87.0 83.0 77.0 11.0 
87.0 83.0 77.0 11.0 
87.0 83.0 77.0 11.0 
87.0 83.0 77.0 11.0 
87.0 83.0 77.0 11.0 
87.0 83.0 77.0 11.0 
87.0 83.0 77.0 11.0 
87.0 83.0 77.0 11.0 
87.0 83.0 77.0 11.0 
87.0 83.0 77.0 11.0 
87.0 83.0 77.0 11.0 
87.0 83.0 77.0 11.0 
87.0 83.0 77.0 11.0 
87.0 83.0 77.0 11.0 
87.0 83.0 77.0 11.0 
87.0 83.0 77.0 11.0 
87.0 83.0 77.0 11.0 
87.0 83.0 77.0 11.0 
87.0 83.0 77.0 11.0 
87.0 83.0 77.0 11.0 
87.0 83.0 77.0 11.0 
87.0 83.0 77.0 11.0 
87.0 83.0 77.0 11.0 
87.0 83.0 77.0 11.0 
87.0 83.0 77.0 11.0 
87.0 83.0 77.0 11.0 
87.0 83.0 77.0 11.0 
87.0 83.0 77.0 11.0 
87.0 83.0 77.0 11.0 
87.0 83.0 77.0 11.0 
87.0 83.0 77.0 11.0 
87.0 83.0 77.0 11.0 
87.0 83.0 77.0 11.0 
17.0 18.0 88.0 73.0 
17.0 18.0 88.0 73.0 
17.0 18.0 88.0 73.0 
17.0 18.0 88.0 73.0 
17.0 18.0 88.0 73.0 
17.0 18.0 88.0 73.0 
17.0 18.0 88.0 73.0 
17.0 18.0 88.0 73.0 
17.0 18.0 88.0 73.0 
18.0 80.0 98.0 31.0 
18.0 80.0 98.0 31.0 
18.0 80.0 98.0 31.0 
18.0 80.0 98.0 31.0 
18.0 80.0 98.0 31.0 
18.0 80.0 98.0 31.0 
53.0 54.0 15.0 78.0 
53.0 54.0 15.0 78.0 
53.0 54.0 15.0 78.0 
53.0 54.0 15.0 78.0 
53.0 54.0 15.0 78.0 
29.0 63.0 26.0 38.0 
62.0 16.0 37.0 63.0 
100.0 39.0 53.0 38.0 
100.0 39.0 53.0 38.0 
