34.0 14.0 44.0 70.0 16.0 
34.0 14.0 44.0 70.0 16.0 
34.0 14.0 44.0 70.0 16.0 
34.0 14.0 44.0 70.0 16.0 
34.0 14.0 44.0 70.0 16.0 
34.0 14.0 44.0 70.0 16.0 
34.0 14.0 44.0 70.0 16.0 
34.0 14.0 44.0 70.0 16.0 
34.0 14.0 44.0 70.0 16.0 
34.0 14.0 44.0 70.0 16.0 
34.0 14.0 44.0 70.0 16.0 
34.0 14.0 44.0 70.0 16.0 
34.0 14.0 44.0 70.0 16.0 
34.0 14.0 44.0 70.0 16.0 
34.0 14.0 44.0 70.0 16.0 
34.0 14.0 44.0 70.0 16.0 
34.0 14.0 44.0 70.0 16.0 
34.0 14.0 44.0 70.0 16.0 
34.0 14.0 44.0 70.0 16.0 
34.0 14.0 44.0 70.0 16.0 
34.0 14.0 44.0 70.0 16.0 
34.0 14.0 44.0 70.0 16.0 
34.0 14.0 44.0 70.0 16.0 
34.0 14.0 44.0 70.0 16.0 
34.0 14.0 44.0 70.0 16.0 
34.0 14.0 44.0 70.0 16.0 
34.0 14.0 44.0 70.0 16.0 
34.0 14.0 44.0 70.0 16.0 
34.0 14.0 44.0 70.0 16.0 
34.0 14.0 44.0 70.0 16.0 
34.0 14.0 44.0 70.0 16.0 
34.0 14.0 44.0 70.0 16.0 
34.0 14.0 44.0 70.0 16.0 
34.0 14.0 44.0 70.0 16.0 
34.0 14.0 44.0 70.0 16.0 
34.0 14.0 44.0 70.0 16.0 
34.0 14.0 44.0 70.0 16.0 
34.0 14.0 44.0 70.0 16.0 
34.0 14.0 44.0 70.0 16.0 
34.0 14.0 44.0 70.0 16.0 
34.0 14.0 44.0 70.0 16.0 
34.0 14.0 44.0 70.0 16.0 
34.0 14.0 44.0 70.0 16.0 
34.0 14.0 44.0 70.0 16.0 
34.0 14.0 44.0 70.0 16.0 
34.0 14.0 44.0 70.0 16.0 
60.0 37.0 75.0 44.0 33.0 
60.0 37.0 75.0 44.0 33.0 
60.0 37.0 75.0 44.0 33.0 
60.0 37.0 75.0 44.0 33.0 
60.0 37.0 75.0 44.0 33.0 
99.0 97.0 97.0 54.0 23.0 
99.0 97.0 97.0 54.0 23.0 
99.0 97.0 97.0 54.0 23.0 
23.0 77.0 23.0 30.0 25.0 
100.0 48.0 75.0 38.0 59.0 
100.0 48.0 75.0 38.0 59.0 
57.0 56.0 41.0 76.0 77.0 
90.0 97.0 81.0 87.0 17.0 
90.0 97.0 81.0 87.0 17.0 
