62.0 39.0 12.0 77.0 
62.0 39.0 12.0 77.0 
62.0 39.0 12.0 77.0 
64.0 90.0 88.0 98.0 
64.0 90.0 88.0 98.0 
64.0 90.0 88.0 98.0 
64.0 90.0 88.0 98.0 
64.0 90.0 88.0 98.0 
64.0 90.0 88.0 98.0 
64.0 90.0 88.0 98.0 
64.0 90.0 88.0 98.0 
64.0 90.0 88.0 98.0 
64.0 90.0 88.0 98.0 
64.0 90.0 88.0 98.0 
64.0 90.0 88.0 98.0 
64.0 90.0 88.0 98.0 
64.0 90.0 88.0 98.0 
64.0 90.0 88.0 98.0 
64.0 90.0 88.0 98.0 
64.0 90.0 88.0 98.0 
64.0 90.0 88.0 98.0 
64.0 90.0 88.0 98.0 
64.0 90.0 88.0 98.0 
64.0 90.0 88.0 98.0 
64.0 90.0 88.0 98.0 
64.0 90.0 88.0 98.0 
64.0 90.0 88.0 98.0 
64.0 90.0 88.0 98.0 
64.0 90.0 88.0 98.0 
64.0 90.0 88.0 98.0 
64.0 90.0 88.0 98.0 
64.0 90.0 88.0 98.0 
64.0 90.0 88.0 98.0 
64.0 90.0 88.0 98.0 
64.0 90.0 88.0 98.0 
64.0 90.0 88.0 98.0 
64.0 90.0 88.0 98.0 
64.0 90.0 88.0 98.0 
64.0 90.0 88.0 98.0 
64.0 90.0 88.0 98.0 
64.0 90.0 88.0 98.0 
64.0 90.0 88.0 98.0 
64.0 90.0 88.0 98.0 
64.0 90.0 88.0 98.0 
64.0 90.0 88.0 98.0 
45.0 55.0 75.0 26.0 
45.0 55.0 75.0 26.0 
45.0 55.0 75.0 26.0 
45.0 55.0 75.0 26.0 
45.0 55.0 75.0 26.0 
45.0 55.0 75.0 26.0 
45.0 55.0 75.0 26.0 
45.0 55.0 75.0 26.0 
44.0 95.0 37.0 63.0 
85.0 48.0 14.0 46.0 
17.0 93.0 100.0 85.0 
17.0 93.0 100.0 85.0 
17.0 93.0 100.0 85.0 
82.0 54.0 80.0 56.0 
82.0 54.0 80.0 56.0 
