52.0 80.0 51.0 74.0 
52.0 80.0 51.0 74.0 
52.0 80.0 51.0 74.0 
52.0 80.0 51.0 74.0 
52.0 80.0 51.0 74.0 
52.0 80.0 51.0 74.0 
52.0 80.0 51.0 74.0 
52.0 80.0 51.0 74.0 
52.0 80.0 51.0 74.0 
52.0 80.0 51.0 74.0 
52.0 80.0 51.0 74.0 
52.0 80.0 51.0 74.0 
52.0 80.0 51.0 74.0 
52.0 80.0 51.0 74.0 
52.0 80.0 51.0 74.0 
52.0 80.0 51.0 74.0 
52.0 80.0 51.0 74.0 
52.0 80.0 51.0 74.0 
52.0 80.0 51.0 74.0 
52.0 80.0 51.0 74.0 
52.0 80.0 51.0 74.0 
52.0 80.0 51.0 74.0 
52.0 80.0 51.0 74.0 
52.0 80.0 51.0 74.0 
52.0 80.0 51.0 74.0 
52.0 80.0 51.0 74.0 
52.0 80.0 51.0 74.0 
52.0 80.0 51.0 74.0 
52.0 80.0 51.0 74.0 
52.0 80.0 51.0 74.0 
52.0 80.0 51.0 74.0 
42.0 39.0 11.0 45.0 
42.0 39.0 11.0 45.0 
42.0 39.0 11.0 45.0 
42.0 39.0 11.0 45.0 
42.0 39.0 11.0 45.0 
42.0 39.0 11.0 45.0 
42.0 39.0 11.0 45.0 
42.0 39.0 11.0 45.0 
42.0 39.0 11.0 45.0 
42.0 39.0 11.0 45.0 
57.0 23.0 85.0 59.0 
57.0 23.0 85.0 59.0 
57.0 23.0 85.0 59.0 
57.0 23.0 85.0 59.0 
57.0 23.0 85.0 59.0 
57.0 23.0 85.0 59.0 
57.0 23.0 85.0 59.0 
57.0 23.0 85.0 59.0 
57.0 23.0 85.0 59.0 
57.0 34.0 72.0 32.0 
57.0 34.0 72.0 32.0 
57.0 34.0 72.0 32.0 
57.0 34.0 72.0 32.0 
57.0 34.0 72.0 32.0 
57.0 34.0 72.0 32.0 
64.0 30.0 82.0 71.0 
58.0 48.0 26.0 73.0 
50.0 63.0 86.0 17.0 
50.0 63.0 86.0 17.0 
