32.0 60.0 66.0 
32.0 60.0 66.0 
32.0 60.0 66.0 
32.0 60.0 66.0 
32.0 60.0 66.0 
32.0 60.0 66.0 
32.0 60.0 66.0 
32.0 60.0 66.0 
32.0 60.0 66.0 
32.0 60.0 66.0 
32.0 60.0 66.0 
32.0 60.0 66.0 
32.0 60.0 66.0 
32.0 60.0 66.0 
32.0 60.0 66.0 
32.0 60.0 66.0 
32.0 60.0 66.0 
23.0 21.0 58.0 
23.0 21.0 58.0 
23.0 21.0 58.0 
23.0 21.0 58.0 
23.0 21.0 58.0 
23.0 21.0 58.0 
23.0 21.0 58.0 
23.0 21.0 58.0 
23.0 21.0 58.0 
23.0 21.0 58.0 
23.0 21.0 58.0 
23.0 21.0 58.0 
23.0 21.0 58.0 
23.0 21.0 58.0 
23.0 21.0 58.0 
23.0 21.0 58.0 
23.0 21.0 58.0 
23.0 21.0 58.0 
23.0 21.0 58.0 
23.0 21.0 58.0 
23.0 21.0 58.0 
23.0 21.0 58.0 
23.0 21.0 58.0 
23.0 21.0 58.0 
42.0 90.0 54.0 
42.0 90.0 54.0 
42.0 90.0 54.0 
42.0 90.0 54.0 
42.0 90.0 54.0 
42.0 90.0 54.0 
42.0 90.0 54.0 
42.0 90.0 54.0 
42.0 90.0 54.0 
42.0 90.0 54.0 
42.0 90.0 54.0 
24.0 32.0 16.0 
24.0 32.0 16.0 
24.0 32.0 16.0 
49.0 98.0 12.0 
49.0 98.0 12.0 
43.0 72.0 77.0 
81.0 64.0 65.0 
81.0 64.0 65.0 
