48.0 39.0 35.0 45.0 13.0 
48.0 39.0 35.0 45.0 13.0 
48.0 39.0 35.0 45.0 13.0 
48.0 39.0 35.0 45.0 13.0 
48.0 39.0 35.0 45.0 13.0 
48.0 39.0 35.0 45.0 13.0 
48.0 39.0 35.0 45.0 13.0 
48.0 39.0 35.0 45.0 13.0 
48.0 39.0 35.0 45.0 13.0 
48.0 39.0 35.0 45.0 13.0 
48.0 39.0 35.0 45.0 13.0 
48.0 39.0 35.0 45.0 13.0 
48.0 39.0 35.0 45.0 13.0 
48.0 39.0 35.0 45.0 13.0 
48.0 39.0 35.0 45.0 13.0 
48.0 39.0 35.0 45.0 13.0 
48.0 39.0 35.0 45.0 13.0 
48.0 39.0 35.0 45.0 13.0 
48.0 39.0 35.0 45.0 13.0 
93.0 95.0 68.0 75.0 73.0 
93.0 95.0 68.0 75.0 73.0 
93.0 95.0 68.0 75.0 73.0 
93.0 95.0 68.0 75.0 73.0 
93.0 95.0 68.0 75.0 73.0 
93.0 95.0 68.0 75.0 73.0 
93.0 95.0 68.0 75.0 73.0 
93.0 95.0 68.0 75.0 73.0 
93.0 95.0 68.0 75.0 73.0 
93.0 95.0 68.0 75.0 73.0 
93.0 95.0 68.0 75.0 73.0 
93.0 95.0 68.0 75.0 73.0 
93.0 95.0 68.0 75.0 73.0 
93.0 95.0 68.0 75.0 73.0 
22.0 99.0 85.0 64.0 12.0 
22.0 99.0 85.0 64.0 12.0 
22.0 99.0 85.0 64.0 12.0 
22.0 99.0 85.0 64.0 12.0 
22.0 99.0 85.0 64.0 12.0 
22.0 99.0 85.0 64.0 12.0 
22.0 99.0 85.0 64.0 12.0 
22.0 99.0 85.0 64.0 12.0 
22.0 99.0 85.0 64.0 12.0 
22.0 99.0 85.0 64.0 12.0 
22.0 99.0 85.0 64.0 12.0 
22.0 99.0 85.0 64.0 12.0 
22.0 99.0 85.0 64.0 12.0 
22.0 99.0 85.0 64.0 12.0 
22.0 99.0 85.0 64.0 12.0 
22.0 99.0 85.0 64.0 12.0 
22.0 99.0 85.0 64.0 12.0 
22.0 99.0 85.0 64.0 12.0 
22.0 99.0 85.0 64.0 12.0 
22.0 99.0 85.0 64.0 12.0 
27.0 60.0 65.0 85.0 12.0 
42.0 70.0 78.0 58.0 54.0 
27.0 80.0 64.0 81.0 20.0 
27.0 80.0 64.0 81.0 20.0 
77.0 41.0 15.0 53.0 11.0 
20.0 37.0 90.0 94.0 42.0 
20.0 37.0 90.0 94.0 42.0 
