27.0 49.0 32.0 
27.0 49.0 32.0 
27.0 49.0 32.0 
27.0 49.0 32.0 
27.0 49.0 32.0 
35.0 31.0 44.0 
35.0 31.0 44.0 
35.0 31.0 44.0 
35.0 31.0 44.0 
35.0 31.0 44.0 
35.0 31.0 44.0 
35.0 31.0 44.0 
35.0 31.0 44.0 
35.0 31.0 44.0 
35.0 31.0 44.0 
35.0 31.0 44.0 
35.0 31.0 44.0 
35.0 31.0 44.0 
35.0 31.0 44.0 
35.0 31.0 44.0 
35.0 31.0 44.0 
35.0 31.0 44.0 
35.0 31.0 44.0 
35.0 31.0 44.0 
35.0 31.0 44.0 
35.0 31.0 44.0 
35.0 31.0 44.0 
35.0 31.0 44.0 
35.0 31.0 44.0 
35.0 31.0 44.0 
35.0 31.0 44.0 
31.0 38.0 18.0 
31.0 38.0 18.0 
31.0 38.0 18.0 
63.0 11.0 47.0 
63.0 11.0 47.0 
73.0 71.0 67.0 
73.0 71.0 67.0 
73.0 71.0 67.0 
73.0 71.0 67.0 
73.0 71.0 67.0 
73.0 71.0 67.0 
73.0 71.0 67.0 
73.0 71.0 67.0 
73.0 71.0 67.0 
73.0 71.0 67.0 
73.0 71.0 67.0 
73.0 71.0 67.0 
73.0 71.0 67.0 
73.0 71.0 67.0 
73.0 71.0 67.0 
73.0 71.0 67.0 
73.0 71.0 67.0 
30.0 41.0 56.0 
30.0 41.0 56.0 
30.0 41.0 56.0 
30.0 41.0 56.0 
33.0 69.0 63.0 
65.0 16.0 50.0 
65.0 16.0 50.0 
