32.0 50.0 80.0 68.0 88.0 
32.0 50.0 80.0 68.0 88.0 
32.0 50.0 80.0 68.0 88.0 
32.0 50.0 80.0 68.0 88.0 
32.0 50.0 80.0 68.0 88.0 
32.0 50.0 80.0 68.0 88.0 
32.0 50.0 80.0 68.0 88.0 
32.0 50.0 80.0 68.0 88.0 
32.0 50.0 80.0 68.0 88.0 
32.0 50.0 80.0 68.0 88.0 
32.0 50.0 80.0 68.0 88.0 
32.0 50.0 80.0 68.0 88.0 
32.0 50.0 80.0 68.0 88.0 
32.0 50.0 80.0 68.0 88.0 
32.0 50.0 80.0 68.0 88.0 
32.0 50.0 80.0 68.0 88.0 
32.0 50.0 80.0 68.0 88.0 
32.0 50.0 80.0 68.0 88.0 
32.0 50.0 80.0 68.0 88.0 
32.0 50.0 80.0 68.0 88.0 
32.0 50.0 80.0 68.0 88.0 
32.0 50.0 80.0 68.0 88.0 
32.0 50.0 80.0 68.0 88.0 
32.0 50.0 80.0 68.0 88.0 
32.0 50.0 80.0 68.0 88.0 
32.0 50.0 80.0 68.0 88.0 
32.0 50.0 80.0 68.0 88.0 
32.0 50.0 80.0 68.0 88.0 
32.0 50.0 80.0 68.0 88.0 
32.0 50.0 80.0 68.0 88.0 
32.0 50.0 80.0 68.0 88.0 
32.0 50.0 80.0 68.0 88.0 
32.0 50.0 80.0 68.0 88.0 
32.0 50.0 80.0 68.0 88.0 
32.0 50.0 80.0 68.0 88.0 
32.0 50.0 80.0 68.0 88.0 
26.0 93.0 76.0 34.0 19.0 
26.0 93.0 76.0 34.0 19.0 
26.0 93.0 76.0 34.0 19.0 
26.0 93.0 76.0 34.0 19.0 
26.0 93.0 76.0 34.0 19.0 
26.0 93.0 76.0 34.0 19.0 
26.0 93.0 76.0 34.0 19.0 
26.0 93.0 76.0 34.0 19.0 
26.0 93.0 76.0 34.0 19.0 
26.0 93.0 76.0 34.0 19.0 
26.0 93.0 76.0 34.0 19.0 
26.0 93.0 76.0 34.0 19.0 
26.0 93.0 76.0 34.0 19.0 
95.0 72.0 94.0 68.0 47.0 
95.0 72.0 94.0 68.0 47.0 
94.0 59.0 33.0 80.0 72.0 
94.0 59.0 33.0 80.0 72.0 
47.0 100.0 26.0 14.0 45.0 
51.0 75.0 90.0 41.0 38.0 
51.0 75.0 90.0 41.0 38.0 
51.0 75.0 90.0 41.0 38.0 
61.0 30.0 18.0 62.0 32.0 
98.0 94.0 50.0 84.0 92.0 
98.0 94.0 50.0 84.0 92.0 
