15.0 29.0 15.0 32.0 
15.0 29.0 15.0 32.0 
15.0 29.0 15.0 32.0 
15.0 29.0 15.0 32.0 
15.0 29.0 15.0 32.0 
15.0 29.0 15.0 32.0 
15.0 29.0 15.0 32.0 
15.0 29.0 15.0 32.0 
15.0 29.0 15.0 32.0 
15.0 29.0 15.0 32.0 
15.0 29.0 15.0 32.0 
15.0 29.0 15.0 32.0 
15.0 29.0 15.0 32.0 
15.0 29.0 15.0 32.0 
15.0 29.0 15.0 32.0 
15.0 29.0 15.0 32.0 
15.0 29.0 15.0 32.0 
15.0 29.0 15.0 32.0 
15.0 29.0 15.0 32.0 
15.0 29.0 15.0 32.0 
15.0 29.0 15.0 32.0 
15.0 29.0 15.0 32.0 
15.0 29.0 15.0 32.0 
15.0 29.0 15.0 32.0 
15.0 29.0 15.0 32.0 
15.0 29.0 15.0 32.0 
15.0 29.0 15.0 32.0 
15.0 29.0 15.0 32.0 
15.0 29.0 15.0 32.0 
15.0 29.0 15.0 32.0 
15.0 29.0 15.0 32.0 
33.0 41.0 65.0 34.0 
33.0 41.0 65.0 34.0 
25.0 26.0 96.0 26.0 
25.0 26.0 96.0 26.0 
25.0 26.0 96.0 26.0 
27.0 79.0 37.0 33.0 
27.0 79.0 37.0 33.0 
27.0 79.0 37.0 33.0 
27.0 79.0 37.0 33.0 
27.0 79.0 37.0 33.0 
27.0 79.0 37.0 33.0 
27.0 79.0 37.0 33.0 
27.0 79.0 37.0 33.0 
27.0 79.0 37.0 33.0 
27.0 79.0 37.0 33.0 
27.0 79.0 37.0 33.0 
27.0 79.0 37.0 33.0 
27.0 79.0 37.0 33.0 
27.0 79.0 37.0 33.0 
27.0 79.0 37.0 33.0 
27.0 79.0 37.0 33.0 
72.0 56.0 13.0 62.0 
27.0 81.0 66.0 53.0 
27.0 81.0 66.0 53.0 
27.0 81.0 66.0 53.0 
27.0 81.0 66.0 53.0 
43.0 43.0 68.0 41.0 
32.0 95.0 28.0 37.0 
32.0 95.0 28.0 37.0 
