46.0 88.0 100.0 66.0 95.0 
46.0 88.0 100.0 66.0 95.0 
46.0 88.0 100.0 66.0 95.0 
46.0 88.0 100.0 66.0 95.0 
46.0 88.0 100.0 66.0 95.0 
46.0 88.0 100.0 66.0 95.0 
46.0 88.0 100.0 66.0 95.0 
46.0 88.0 100.0 66.0 95.0 
46.0 88.0 100.0 66.0 95.0 
46.0 88.0 100.0 66.0 95.0 
46.0 88.0 100.0 66.0 95.0 
46.0 88.0 100.0 66.0 95.0 
46.0 88.0 100.0 66.0 95.0 
46.0 88.0 100.0 66.0 95.0 
46.0 88.0 100.0 66.0 95.0 
46.0 88.0 100.0 66.0 95.0 
46.0 88.0 100.0 66.0 95.0 
46.0 88.0 100.0 66.0 95.0 
46.0 88.0 100.0 66.0 95.0 
46.0 88.0 100.0 66.0 95.0 
46.0 88.0 100.0 66.0 95.0 
46.0 88.0 100.0 66.0 95.0 
46.0 88.0 100.0 66.0 95.0 
46.0 88.0 100.0 66.0 95.0 
46.0 88.0 100.0 66.0 95.0 
84.0 90.0 92.0 12.0 67.0 
84.0 90.0 92.0 12.0 67.0 
84.0 90.0 92.0 12.0 67.0 
84.0 90.0 92.0 12.0 67.0 
84.0 90.0 92.0 12.0 67.0 
84.0 90.0 92.0 12.0 67.0 
84.0 90.0 92.0 12.0 67.0 
84.0 90.0 92.0 12.0 67.0 
84.0 90.0 92.0 12.0 67.0 
84.0 90.0 92.0 12.0 67.0 
84.0 90.0 92.0 12.0 67.0 
84.0 90.0 92.0 12.0 67.0 
84.0 90.0 92.0 12.0 67.0 
84.0 90.0 92.0 12.0 67.0 
84.0 90.0 92.0 12.0 67.0 
84.0 90.0 92.0 12.0 67.0 
84.0 90.0 92.0 12.0 67.0 
84.0 90.0 92.0 12.0 67.0 
84.0 90.0 92.0 12.0 67.0 
84.0 90.0 92.0 12.0 67.0 
84.0 90.0 92.0 12.0 67.0 
84.0 90.0 92.0 12.0 67.0 
75.0 49.0 83.0 11.0 96.0 
75.0 49.0 83.0 11.0 96.0 
75.0 49.0 83.0 11.0 96.0 
75.0 49.0 83.0 11.0 96.0 
75.0 49.0 83.0 11.0 96.0 
42.0 99.0 41.0 25.0 51.0 
42.0 99.0 41.0 25.0 51.0 
42.0 99.0 41.0 25.0 51.0 
30.0 67.0 75.0 55.0 73.0 
79.0 39.0 78.0 72.0 94.0 
81.0 29.0 90.0 58.0 56.0 
56.0 51.0 73.0 33.0 100.0 
56.0 51.0 73.0 33.0 100.0 
