100.0 73.0 28.0 
100.0 73.0 28.0 
100.0 73.0 28.0 
100.0 73.0 28.0 
100.0 73.0 28.0 
100.0 73.0 28.0 
100.0 73.0 28.0 
100.0 73.0 28.0 
100.0 73.0 28.0 
100.0 73.0 28.0 
100.0 73.0 28.0 
100.0 73.0 28.0 
100.0 73.0 28.0 
100.0 73.0 28.0 
100.0 73.0 28.0 
100.0 73.0 28.0 
63.0 31.0 94.0 
63.0 31.0 94.0 
63.0 31.0 94.0 
63.0 31.0 94.0 
63.0 31.0 94.0 
63.0 31.0 94.0 
63.0 31.0 94.0 
63.0 31.0 94.0 
63.0 31.0 94.0 
63.0 31.0 94.0 
63.0 31.0 94.0 
63.0 31.0 94.0 
63.0 31.0 94.0 
63.0 31.0 94.0 
63.0 31.0 94.0 
63.0 31.0 94.0 
63.0 31.0 94.0 
63.0 31.0 94.0 
63.0 31.0 94.0 
63.0 31.0 94.0 
63.0 31.0 94.0 
63.0 31.0 94.0 
63.0 31.0 94.0 
63.0 31.0 94.0 
63.0 31.0 94.0 
63.0 31.0 94.0 
63.0 31.0 94.0 
63.0 31.0 94.0 
63.0 31.0 94.0 
63.0 31.0 94.0 
63.0 31.0 94.0 
63.0 31.0 94.0 
63.0 31.0 94.0 
63.0 31.0 94.0 
63.0 31.0 94.0 
63.0 31.0 94.0 
63.0 31.0 94.0 
26.0 49.0 92.0 
51.0 50.0 43.0 
31.0 47.0 78.0 
70.0 28.0 37.0 
57.0 17.0 27.0 
21.0 20.0 71.0 
21.0 20.0 71.0 
