94.0 93.0 56.0 
94.0 93.0 56.0 
94.0 93.0 56.0 
94.0 93.0 56.0 
13.0 71.0 58.0 
13.0 71.0 58.0 
13.0 71.0 58.0 
13.0 71.0 58.0 
13.0 71.0 58.0 
13.0 71.0 58.0 
13.0 71.0 58.0 
13.0 71.0 58.0 
13.0 71.0 58.0 
13.0 71.0 58.0 
13.0 71.0 58.0 
13.0 71.0 58.0 
13.0 71.0 58.0 
13.0 71.0 58.0 
13.0 71.0 58.0 
13.0 71.0 58.0 
13.0 71.0 58.0 
13.0 71.0 58.0 
13.0 71.0 58.0 
13.0 71.0 58.0 
13.0 71.0 58.0 
13.0 71.0 58.0 
13.0 71.0 58.0 
13.0 71.0 58.0 
13.0 71.0 58.0 
13.0 71.0 58.0 
13.0 71.0 58.0 
13.0 71.0 58.0 
13.0 71.0 58.0 
13.0 71.0 58.0 
13.0 71.0 58.0 
13.0 71.0 58.0 
13.0 71.0 58.0 
13.0 71.0 58.0 
13.0 71.0 58.0 
13.0 71.0 58.0 
13.0 71.0 58.0 
13.0 71.0 58.0 
13.0 71.0 58.0 
13.0 71.0 58.0 
13.0 71.0 58.0 
43.0 84.0 81.0 
49.0 52.0 57.0 
49.0 52.0 57.0 
49.0 52.0 57.0 
49.0 52.0 57.0 
49.0 52.0 57.0 
15.0 80.0 64.0 
15.0 80.0 64.0 
15.0 80.0 64.0 
15.0 80.0 64.0 
79.0 40.0 63.0 
91.0 55.0 17.0 
91.0 55.0 17.0 
12.0 14.0 66.0 
12.0 14.0 66.0 
