64.0 34.0 81.0 50.0 
64.0 34.0 81.0 50.0 
64.0 34.0 81.0 50.0 
64.0 34.0 81.0 50.0 
64.0 34.0 81.0 50.0 
64.0 34.0 81.0 50.0 
64.0 34.0 81.0 50.0 
64.0 34.0 81.0 50.0 
64.0 34.0 81.0 50.0 
64.0 34.0 81.0 50.0 
64.0 34.0 81.0 50.0 
64.0 34.0 81.0 50.0 
64.0 34.0 81.0 50.0 
64.0 34.0 81.0 50.0 
64.0 34.0 81.0 50.0 
64.0 34.0 81.0 50.0 
64.0 34.0 81.0 50.0 
64.0 34.0 81.0 50.0 
40.0 51.0 43.0 57.0 
40.0 51.0 43.0 57.0 
40.0 51.0 43.0 57.0 
40.0 51.0 43.0 57.0 
40.0 51.0 43.0 57.0 
40.0 51.0 43.0 57.0 
40.0 51.0 43.0 57.0 
40.0 51.0 43.0 57.0 
40.0 51.0 43.0 57.0 
40.0 51.0 43.0 57.0 
40.0 51.0 43.0 57.0 
29.0 18.0 33.0 17.0 
29.0 18.0 33.0 17.0 
29.0 18.0 33.0 17.0 
29.0 18.0 33.0 17.0 
29.0 18.0 33.0 17.0 
29.0 18.0 33.0 17.0 
29.0 18.0 33.0 17.0 
29.0 18.0 33.0 17.0 
29.0 18.0 33.0 17.0 
29.0 18.0 33.0 17.0 
29.0 18.0 33.0 17.0 
29.0 18.0 33.0 17.0 
29.0 18.0 33.0 17.0 
29.0 18.0 33.0 17.0 
29.0 18.0 33.0 17.0 
31.0 31.0 90.0 75.0 
31.0 31.0 90.0 75.0 
31.0 31.0 90.0 75.0 
31.0 31.0 90.0 75.0 
31.0 31.0 90.0 75.0 
31.0 31.0 90.0 75.0 
67.0 70.0 28.0 76.0 
67.0 70.0 28.0 76.0 
24.0 16.0 92.0 27.0 
24.0 16.0 92.0 27.0 
24.0 16.0 92.0 27.0 
24.0 16.0 92.0 27.0 
51.0 49.0 90.0 87.0 
51.0 49.0 90.0 87.0 
29.0 54.0 94.0 58.0 
29.0 54.0 94.0 58.0 
