82.0 96.0 32.0 74.0 17.0 
82.0 96.0 32.0 74.0 17.0 
82.0 96.0 32.0 74.0 17.0 
82.0 96.0 32.0 74.0 17.0 
82.0 96.0 32.0 74.0 17.0 
82.0 96.0 32.0 74.0 17.0 
82.0 96.0 32.0 74.0 17.0 
82.0 96.0 32.0 74.0 17.0 
82.0 96.0 32.0 74.0 17.0 
82.0 96.0 32.0 74.0 17.0 
82.0 96.0 32.0 74.0 17.0 
82.0 96.0 32.0 74.0 17.0 
82.0 96.0 32.0 74.0 17.0 
82.0 96.0 32.0 74.0 17.0 
82.0 96.0 32.0 74.0 17.0 
82.0 96.0 32.0 74.0 17.0 
82.0 96.0 32.0 74.0 17.0 
82.0 96.0 32.0 74.0 17.0 
82.0 96.0 32.0 74.0 17.0 
82.0 96.0 32.0 74.0 17.0 
82.0 96.0 32.0 74.0 17.0 
82.0 96.0 32.0 74.0 17.0 
82.0 96.0 32.0 74.0 17.0 
82.0 96.0 32.0 74.0 17.0 
82.0 96.0 32.0 74.0 17.0 
82.0 96.0 32.0 74.0 17.0 
82.0 96.0 32.0 74.0 17.0 
82.0 96.0 32.0 74.0 17.0 
82.0 96.0 32.0 74.0 17.0 
82.0 96.0 32.0 74.0 17.0 
82.0 96.0 32.0 74.0 17.0 
82.0 96.0 32.0 74.0 17.0 
82.0 96.0 32.0 74.0 17.0 
82.0 96.0 32.0 74.0 17.0 
82.0 96.0 32.0 74.0 17.0 
82.0 96.0 32.0 74.0 17.0 
25.0 84.0 62.0 76.0 27.0 
25.0 84.0 62.0 76.0 27.0 
25.0 84.0 62.0 76.0 27.0 
25.0 84.0 62.0 76.0 27.0 
25.0 84.0 62.0 76.0 27.0 
50.0 38.0 12.0 52.0 26.0 
50.0 38.0 12.0 52.0 26.0 
50.0 38.0 12.0 52.0 26.0 
50.0 38.0 12.0 52.0 26.0 
50.0 38.0 12.0 52.0 26.0 
50.0 38.0 12.0 52.0 26.0 
50.0 38.0 12.0 52.0 26.0 
50.0 38.0 12.0 52.0 26.0 
50.0 38.0 12.0 52.0 26.0 
50.0 38.0 12.0 52.0 26.0 
50.0 38.0 12.0 52.0 26.0 
14.0 37.0 17.0 68.0 83.0 
14.0 37.0 17.0 68.0 83.0 
14.0 37.0 17.0 68.0 83.0 
54.0 38.0 33.0 69.0 11.0 
44.0 94.0 15.0 36.0 20.0 
79.0 42.0 73.0 94.0 50.0 
87.0 78.0 98.0 97.0 19.0 
87.0 78.0 98.0 97.0 19.0 
