83.0 50.0 99.0 43.0 
83.0 50.0 99.0 43.0 
83.0 50.0 99.0 43.0 
83.0 50.0 99.0 43.0 
83.0 50.0 99.0 43.0 
83.0 50.0 99.0 43.0 
83.0 50.0 99.0 43.0 
70.0 88.0 33.0 91.0 
70.0 88.0 33.0 91.0 
70.0 88.0 33.0 91.0 
70.0 88.0 33.0 91.0 
70.0 88.0 33.0 91.0 
70.0 88.0 33.0 91.0 
70.0 88.0 33.0 91.0 
70.0 88.0 33.0 91.0 
70.0 88.0 33.0 91.0 
70.0 88.0 33.0 91.0 
70.0 88.0 33.0 91.0 
70.0 88.0 33.0 91.0 
70.0 88.0 33.0 91.0 
70.0 88.0 33.0 91.0 
70.0 88.0 33.0 91.0 
70.0 88.0 33.0 91.0 
70.0 88.0 33.0 91.0 
70.0 88.0 33.0 91.0 
70.0 88.0 33.0 91.0 
70.0 88.0 33.0 91.0 
70.0 88.0 33.0 91.0 
70.0 88.0 33.0 91.0 
70.0 88.0 33.0 91.0 
70.0 88.0 33.0 91.0 
70.0 88.0 33.0 91.0 
70.0 88.0 33.0 91.0 
70.0 88.0 33.0 91.0 
70.0 88.0 33.0 91.0 
70.0 88.0 33.0 91.0 
70.0 88.0 33.0 91.0 
51.0 23.0 58.0 86.0 
51.0 23.0 58.0 86.0 
51.0 23.0 58.0 86.0 
51.0 23.0 58.0 86.0 
51.0 23.0 58.0 86.0 
51.0 23.0 58.0 86.0 
51.0 23.0 58.0 86.0 
51.0 23.0 58.0 86.0 
12.0 55.0 19.0 91.0 
58.0 92.0 17.0 36.0 
58.0 92.0 17.0 36.0 
58.0 92.0 17.0 36.0 
58.0 92.0 17.0 36.0 
58.0 92.0 17.0 36.0 
58.0 92.0 17.0 36.0 
58.0 92.0 17.0 36.0 
58.0 92.0 17.0 36.0 
58.0 92.0 17.0 36.0 
58.0 92.0 17.0 36.0 
45.0 24.0 94.0 70.0 
27.0 100.0 32.0 43.0 
89.0 76.0 38.0 44.0 
89.0 76.0 38.0 44.0 
