74.0 29.0 57.0 87.0 
74.0 29.0 57.0 87.0 
74.0 29.0 57.0 87.0 
74.0 29.0 57.0 87.0 
74.0 29.0 57.0 87.0 
74.0 29.0 57.0 87.0 
74.0 29.0 57.0 87.0 
74.0 29.0 57.0 87.0 
74.0 29.0 57.0 87.0 
74.0 29.0 57.0 87.0 
74.0 29.0 57.0 87.0 
74.0 29.0 57.0 87.0 
74.0 29.0 57.0 87.0 
74.0 29.0 57.0 87.0 
74.0 29.0 57.0 87.0 
74.0 29.0 57.0 87.0 
74.0 29.0 57.0 87.0 
74.0 29.0 57.0 87.0 
74.0 29.0 57.0 87.0 
74.0 29.0 57.0 87.0 
74.0 29.0 57.0 87.0 
74.0 29.0 57.0 87.0 
74.0 29.0 57.0 87.0 
74.0 29.0 57.0 87.0 
74.0 29.0 57.0 87.0 
74.0 29.0 57.0 87.0 
74.0 29.0 57.0 87.0 
74.0 29.0 57.0 87.0 
74.0 29.0 57.0 87.0 
74.0 29.0 57.0 87.0 
74.0 29.0 57.0 87.0 
74.0 29.0 57.0 87.0 
74.0 29.0 57.0 87.0 
74.0 29.0 57.0 87.0 
74.0 29.0 57.0 87.0 
74.0 29.0 57.0 87.0 
74.0 29.0 57.0 87.0 
78.0 31.0 82.0 82.0 
78.0 31.0 82.0 82.0 
78.0 31.0 82.0 82.0 
78.0 31.0 82.0 82.0 
78.0 31.0 82.0 82.0 
78.0 31.0 82.0 82.0 
78.0 31.0 82.0 82.0 
78.0 31.0 82.0 82.0 
78.0 31.0 82.0 82.0 
78.0 31.0 82.0 82.0 
53.0 13.0 69.0 70.0 
53.0 13.0 69.0 70.0 
62.0 22.0 37.0 79.0 
62.0 22.0 37.0 79.0 
62.0 22.0 37.0 79.0 
62.0 22.0 37.0 79.0 
62.0 22.0 37.0 79.0 
62.0 22.0 37.0 79.0 
45.0 28.0 41.0 68.0 
50.0 88.0 94.0 79.0 
81.0 12.0 24.0 86.0 
36.0 87.0 86.0 18.0 
36.0 87.0 86.0 18.0 
