91.0 48.0 35.0 73.0 
91.0 48.0 35.0 73.0 
91.0 48.0 35.0 73.0 
91.0 48.0 35.0 73.0 
91.0 48.0 35.0 73.0 
91.0 48.0 35.0 73.0 
91.0 48.0 35.0 73.0 
91.0 48.0 35.0 73.0 
79.0 37.0 48.0 18.0 
79.0 37.0 48.0 18.0 
79.0 37.0 48.0 18.0 
79.0 37.0 48.0 18.0 
79.0 37.0 48.0 18.0 
79.0 37.0 48.0 18.0 
79.0 37.0 48.0 18.0 
79.0 37.0 48.0 18.0 
79.0 37.0 48.0 18.0 
79.0 37.0 48.0 18.0 
79.0 37.0 48.0 18.0 
79.0 37.0 48.0 18.0 
79.0 37.0 48.0 18.0 
79.0 37.0 48.0 18.0 
79.0 37.0 48.0 18.0 
79.0 37.0 48.0 18.0 
79.0 37.0 48.0 18.0 
79.0 37.0 48.0 18.0 
79.0 37.0 48.0 18.0 
79.0 37.0 48.0 18.0 
79.0 37.0 48.0 18.0 
79.0 37.0 48.0 18.0 
79.0 37.0 48.0 18.0 
79.0 37.0 48.0 18.0 
79.0 37.0 48.0 18.0 
79.0 37.0 48.0 18.0 
79.0 37.0 48.0 18.0 
79.0 37.0 48.0 18.0 
79.0 37.0 48.0 18.0 
79.0 37.0 48.0 18.0 
79.0 37.0 48.0 18.0 
79.0 37.0 48.0 18.0 
15.0 18.0 85.0 89.0 
15.0 18.0 85.0 89.0 
15.0 18.0 85.0 89.0 
15.0 18.0 85.0 89.0 
15.0 18.0 85.0 89.0 
15.0 18.0 85.0 89.0 
15.0 18.0 85.0 89.0 
15.0 18.0 85.0 89.0 
15.0 18.0 85.0 89.0 
80.0 55.0 51.0 78.0 
80.0 55.0 51.0 78.0 
80.0 55.0 51.0 78.0 
80.0 55.0 51.0 78.0 
80.0 55.0 51.0 78.0 
16.0 69.0 39.0 43.0 
81.0 73.0 90.0 26.0 
81.0 73.0 90.0 26.0 
13.0 23.0 17.0 18.0 
89.0 39.0 73.0 100.0 
89.0 39.0 73.0 100.0 
