83.0 57.0 82.0 
83.0 57.0 82.0 
83.0 57.0 82.0 
83.0 57.0 82.0 
83.0 57.0 82.0 
83.0 57.0 82.0 
83.0 57.0 82.0 
83.0 57.0 82.0 
83.0 57.0 82.0 
83.0 57.0 82.0 
83.0 57.0 82.0 
49.0 95.0 29.0 
49.0 95.0 29.0 
49.0 95.0 29.0 
49.0 95.0 29.0 
49.0 95.0 29.0 
49.0 95.0 29.0 
49.0 95.0 29.0 
49.0 95.0 29.0 
49.0 95.0 29.0 
49.0 95.0 29.0 
49.0 95.0 29.0 
49.0 95.0 29.0 
49.0 95.0 29.0 
49.0 95.0 29.0 
49.0 95.0 29.0 
78.0 62.0 98.0 
33.0 68.0 77.0 
33.0 68.0 77.0 
33.0 68.0 77.0 
33.0 68.0 77.0 
33.0 68.0 77.0 
34.0 34.0 30.0 
34.0 34.0 30.0 
34.0 34.0 30.0 
34.0 34.0 30.0 
34.0 34.0 30.0 
34.0 34.0 30.0 
34.0 34.0 30.0 
34.0 34.0 30.0 
34.0 34.0 30.0 
34.0 34.0 30.0 
34.0 34.0 30.0 
34.0 34.0 30.0 
34.0 34.0 30.0 
34.0 34.0 30.0 
34.0 34.0 30.0 
34.0 34.0 30.0 
34.0 34.0 30.0 
34.0 34.0 30.0 
59.0 51.0 65.0 
59.0 51.0 65.0 
59.0 51.0 65.0 
59.0 51.0 65.0 
59.0 51.0 65.0 
53.0 17.0 59.0 
53.0 17.0 59.0 
16.0 19.0 46.0 
16.0 19.0 46.0 
16.0 19.0 46.0 
