45.0 42.0 87.0 78.0 35.0 
45.0 42.0 87.0 78.0 35.0 
45.0 42.0 87.0 78.0 35.0 
45.0 42.0 87.0 78.0 35.0 
45.0 42.0 87.0 78.0 35.0 
45.0 42.0 87.0 78.0 35.0 
45.0 42.0 87.0 78.0 35.0 
99.0 75.0 49.0 48.0 76.0 
99.0 75.0 49.0 48.0 76.0 
99.0 75.0 49.0 48.0 76.0 
99.0 75.0 49.0 48.0 76.0 
99.0 75.0 49.0 48.0 76.0 
99.0 75.0 49.0 48.0 76.0 
99.0 75.0 49.0 48.0 76.0 
18.0 46.0 33.0 72.0 79.0 
18.0 46.0 33.0 72.0 79.0 
18.0 46.0 33.0 72.0 79.0 
18.0 46.0 33.0 72.0 79.0 
18.0 46.0 33.0 72.0 79.0 
18.0 46.0 33.0 72.0 79.0 
18.0 46.0 33.0 72.0 79.0 
18.0 46.0 33.0 72.0 79.0 
18.0 46.0 33.0 72.0 79.0 
18.0 46.0 33.0 72.0 79.0 
18.0 46.0 33.0 72.0 79.0 
18.0 46.0 33.0 72.0 79.0 
18.0 46.0 33.0 72.0 79.0 
18.0 46.0 33.0 72.0 79.0 
18.0 46.0 33.0 72.0 79.0 
18.0 46.0 33.0 72.0 79.0 
18.0 46.0 33.0 72.0 79.0 
18.0 46.0 33.0 72.0 79.0 
18.0 46.0 33.0 72.0 79.0 
18.0 46.0 33.0 72.0 79.0 
18.0 46.0 33.0 72.0 79.0 
18.0 46.0 33.0 72.0 79.0 
18.0 46.0 33.0 72.0 79.0 
18.0 46.0 33.0 72.0 79.0 
18.0 46.0 33.0 72.0 79.0 
18.0 46.0 33.0 72.0 79.0 
18.0 46.0 33.0 72.0 79.0 
18.0 46.0 33.0 72.0 79.0 
18.0 46.0 33.0 72.0 79.0 
18.0 46.0 33.0 72.0 79.0 
18.0 46.0 33.0 72.0 79.0 
18.0 46.0 33.0 72.0 79.0 
18.0 46.0 33.0 72.0 79.0 
18.0 46.0 33.0 72.0 79.0 
18.0 46.0 33.0 72.0 79.0 
18.0 46.0 33.0 72.0 79.0 
76.0 23.0 28.0 63.0 78.0 
76.0 23.0 28.0 63.0 78.0 
76.0 23.0 28.0 63.0 78.0 
76.0 23.0 28.0 63.0 78.0 
17.0 59.0 77.0 70.0 46.0 
85.0 66.0 95.0 82.0 57.0 
85.0 66.0 95.0 82.0 57.0 
54.0 82.0 89.0 63.0 99.0 
32.0 33.0 11.0 94.0 24.0 
32.0 33.0 11.0 94.0 24.0 
