33.0 38.0 50.0 
33.0 38.0 50.0 
33.0 38.0 50.0 
33.0 38.0 50.0 
33.0 38.0 50.0 
33.0 38.0 50.0 
33.0 38.0 50.0 
33.0 38.0 50.0 
33.0 38.0 50.0 
33.0 38.0 50.0 
33.0 38.0 50.0 
33.0 38.0 50.0 
33.0 38.0 50.0 
33.0 38.0 50.0 
33.0 38.0 50.0 
33.0 38.0 50.0 
33.0 38.0 50.0 
33.0 38.0 50.0 
33.0 38.0 50.0 
33.0 38.0 50.0 
33.0 38.0 50.0 
33.0 38.0 50.0 
33.0 38.0 50.0 
33.0 38.0 50.0 
33.0 38.0 50.0 
33.0 38.0 50.0 
33.0 38.0 50.0 
33.0 38.0 50.0 
33.0 38.0 50.0 
33.0 38.0 50.0 
33.0 38.0 50.0 
33.0 38.0 50.0 
33.0 38.0 50.0 
33.0 38.0 50.0 
33.0 38.0 50.0 
33.0 38.0 50.0 
33.0 38.0 50.0 
33.0 38.0 50.0 
33.0 38.0 50.0 
65.0 37.0 40.0 
65.0 37.0 40.0 
65.0 37.0 40.0 
42.0 85.0 61.0 
42.0 85.0 61.0 
42.0 85.0 61.0 
42.0 85.0 61.0 
75.0 42.0 18.0 
75.0 42.0 18.0 
75.0 42.0 18.0 
85.0 67.0 53.0 
33.0 68.0 36.0 
33.0 68.0 36.0 
33.0 68.0 36.0 
33.0 68.0 36.0 
33.0 68.0 36.0 
33.0 68.0 36.0 
90.0 86.0 85.0 
47.0 53.0 90.0 
47.0 53.0 90.0 
47.0 53.0 90.0 
