71.0 78.0 80.0 82.0 82.0 
71.0 78.0 80.0 82.0 82.0 
71.0 78.0 80.0 82.0 82.0 
71.0 78.0 80.0 82.0 82.0 
71.0 78.0 80.0 82.0 82.0 
71.0 78.0 80.0 82.0 82.0 
71.0 78.0 80.0 82.0 82.0 
71.0 78.0 80.0 82.0 82.0 
71.0 78.0 80.0 82.0 82.0 
71.0 78.0 80.0 82.0 82.0 
71.0 78.0 80.0 82.0 82.0 
71.0 78.0 80.0 82.0 82.0 
71.0 78.0 80.0 82.0 82.0 
71.0 78.0 80.0 82.0 82.0 
71.0 78.0 80.0 82.0 82.0 
71.0 78.0 80.0 82.0 82.0 
71.0 78.0 80.0 82.0 82.0 
71.0 78.0 80.0 82.0 82.0 
71.0 78.0 80.0 82.0 82.0 
71.0 78.0 80.0 82.0 82.0 
71.0 78.0 80.0 82.0 82.0 
71.0 78.0 80.0 82.0 82.0 
71.0 78.0 80.0 82.0 82.0 
71.0 78.0 80.0 82.0 82.0 
71.0 78.0 80.0 82.0 82.0 
71.0 78.0 80.0 82.0 82.0 
71.0 78.0 80.0 82.0 82.0 
71.0 78.0 80.0 82.0 82.0 
71.0 78.0 80.0 82.0 82.0 
71.0 78.0 80.0 82.0 82.0 
71.0 78.0 80.0 82.0 82.0 
71.0 78.0 80.0 82.0 82.0 
71.0 78.0 80.0 82.0 82.0 
71.0 78.0 80.0 82.0 82.0 
71.0 78.0 80.0 82.0 82.0 
71.0 78.0 80.0 82.0 82.0 
71.0 78.0 80.0 82.0 82.0 
71.0 78.0 80.0 82.0 82.0 
71.0 78.0 80.0 82.0 82.0 
71.0 78.0 80.0 82.0 82.0 
11.0 90.0 26.0 78.0 99.0 
11.0 90.0 26.0 78.0 99.0 
11.0 90.0 26.0 78.0 99.0 
42.0 18.0 25.0 58.0 21.0 
42.0 18.0 25.0 58.0 21.0 
42.0 18.0 25.0 58.0 21.0 
42.0 18.0 25.0 58.0 21.0 
74.0 31.0 32.0 33.0 23.0 
74.0 31.0 32.0 33.0 23.0 
74.0 31.0 32.0 33.0 23.0 
74.0 31.0 32.0 33.0 23.0 
62.0 37.0 77.0 59.0 24.0 
62.0 37.0 77.0 59.0 24.0 
34.0 43.0 94.0 16.0 63.0 
20.0 80.0 13.0 61.0 48.0 
20.0 80.0 13.0 61.0 48.0 
20.0 80.0 13.0 61.0 48.0 
77.0 98.0 47.0 62.0 96.0 
68.0 94.0 83.0 25.0 94.0 
68.0 94.0 83.0 25.0 94.0 
