38.0 87.0 16.0 97.0 93.0 
38.0 87.0 16.0 97.0 93.0 
38.0 87.0 16.0 97.0 93.0 
49.0 99.0 80.0 54.0 95.0 
49.0 99.0 80.0 54.0 95.0 
49.0 99.0 80.0 54.0 95.0 
49.0 99.0 80.0 54.0 95.0 
49.0 99.0 80.0 54.0 95.0 
49.0 99.0 80.0 54.0 95.0 
49.0 99.0 80.0 54.0 95.0 
49.0 99.0 80.0 54.0 95.0 
49.0 99.0 80.0 54.0 95.0 
49.0 99.0 80.0 54.0 95.0 
49.0 99.0 80.0 54.0 95.0 
49.0 99.0 80.0 54.0 95.0 
49.0 99.0 80.0 54.0 95.0 
49.0 99.0 80.0 54.0 95.0 
49.0 99.0 80.0 54.0 95.0 
49.0 99.0 80.0 54.0 95.0 
49.0 99.0 80.0 54.0 95.0 
49.0 99.0 80.0 54.0 95.0 
49.0 99.0 80.0 54.0 95.0 
49.0 99.0 80.0 54.0 95.0 
49.0 99.0 80.0 54.0 95.0 
49.0 99.0 80.0 54.0 95.0 
49.0 99.0 80.0 54.0 95.0 
49.0 99.0 80.0 54.0 95.0 
49.0 99.0 80.0 54.0 95.0 
49.0 99.0 80.0 54.0 95.0 
49.0 99.0 80.0 54.0 95.0 
49.0 99.0 80.0 54.0 95.0 
49.0 99.0 80.0 54.0 95.0 
49.0 99.0 80.0 54.0 95.0 
49.0 99.0 80.0 54.0 95.0 
49.0 99.0 80.0 54.0 95.0 
49.0 99.0 80.0 54.0 95.0 
49.0 99.0 80.0 54.0 95.0 
49.0 99.0 80.0 54.0 95.0 
42.0 66.0 76.0 30.0 95.0 
42.0 66.0 76.0 30.0 95.0 
38.0 30.0 93.0 24.0 79.0 
38.0 30.0 93.0 24.0 79.0 
38.0 30.0 93.0 24.0 79.0 
38.0 30.0 93.0 24.0 79.0 
38.0 30.0 93.0 24.0 79.0 
38.0 30.0 93.0 24.0 79.0 
38.0 30.0 93.0 24.0 79.0 
38.0 30.0 93.0 24.0 79.0 
38.0 30.0 93.0 24.0 79.0 
38.0 30.0 93.0 24.0 79.0 
38.0 30.0 93.0 24.0 79.0 
38.0 30.0 93.0 24.0 79.0 
38.0 30.0 93.0 24.0 79.0 
84.0 99.0 24.0 91.0 77.0 
84.0 99.0 24.0 91.0 77.0 
38.0 44.0 58.0 67.0 59.0 
37.0 22.0 54.0 53.0 56.0 
100.0 71.0 27.0 43.0 52.0 
23.0 54.0 27.0 72.0 33.0 
23.0 54.0 27.0 72.0 33.0 
