17.0 26.0 53.0 18.0 
17.0 26.0 53.0 18.0 
17.0 26.0 53.0 18.0 
17.0 26.0 53.0 18.0 
17.0 26.0 53.0 18.0 
17.0 26.0 53.0 18.0 
17.0 26.0 53.0 18.0 
17.0 26.0 53.0 18.0 
17.0 26.0 53.0 18.0 
17.0 26.0 53.0 18.0 
17.0 26.0 53.0 18.0 
17.0 26.0 53.0 18.0 
17.0 26.0 53.0 18.0 
17.0 26.0 53.0 18.0 
17.0 26.0 53.0 18.0 
17.0 26.0 53.0 18.0 
17.0 26.0 53.0 18.0 
17.0 26.0 53.0 18.0 
17.0 26.0 53.0 18.0 
17.0 26.0 53.0 18.0 
17.0 26.0 53.0 18.0 
17.0 26.0 53.0 18.0 
17.0 26.0 53.0 18.0 
17.0 26.0 53.0 18.0 
17.0 26.0 53.0 18.0 
17.0 26.0 53.0 18.0 
17.0 26.0 53.0 18.0 
17.0 26.0 53.0 18.0 
17.0 26.0 53.0 18.0 
17.0 26.0 53.0 18.0 
54.0 48.0 83.0 20.0 
54.0 48.0 83.0 20.0 
54.0 48.0 83.0 20.0 
54.0 48.0 83.0 20.0 
54.0 48.0 83.0 20.0 
54.0 48.0 83.0 20.0 
54.0 48.0 83.0 20.0 
54.0 48.0 83.0 20.0 
54.0 48.0 83.0 20.0 
54.0 48.0 83.0 20.0 
54.0 48.0 83.0 20.0 
54.0 48.0 83.0 20.0 
54.0 48.0 83.0 20.0 
87.0 70.0 15.0 48.0 
87.0 70.0 15.0 48.0 
87.0 70.0 15.0 48.0 
87.0 70.0 15.0 48.0 
87.0 70.0 15.0 48.0 
87.0 70.0 15.0 48.0 
67.0 50.0 61.0 99.0 
67.0 50.0 61.0 99.0 
67.0 50.0 61.0 99.0 
67.0 50.0 61.0 99.0 
67.0 50.0 61.0 99.0 
43.0 82.0 98.0 93.0 
43.0 28.0 38.0 50.0 
25.0 85.0 47.0 51.0 
45.0 23.0 91.0 20.0 
90.0 33.0 86.0 13.0 
90.0 33.0 86.0 13.0 
