48.0 51.0 51.0 
48.0 51.0 51.0 
48.0 51.0 51.0 
48.0 51.0 51.0 
48.0 51.0 51.0 
48.0 51.0 51.0 
48.0 51.0 51.0 
48.0 51.0 51.0 
48.0 51.0 51.0 
48.0 51.0 51.0 
48.0 51.0 51.0 
48.0 51.0 51.0 
48.0 51.0 51.0 
48.0 51.0 51.0 
48.0 51.0 51.0 
48.0 51.0 51.0 
48.0 51.0 51.0 
48.0 51.0 51.0 
48.0 51.0 51.0 
48.0 51.0 51.0 
48.0 51.0 51.0 
48.0 51.0 51.0 
48.0 51.0 51.0 
48.0 51.0 51.0 
48.0 51.0 51.0 
48.0 51.0 51.0 
48.0 51.0 51.0 
48.0 51.0 51.0 
48.0 51.0 51.0 
48.0 51.0 51.0 
48.0 51.0 51.0 
48.0 51.0 51.0 
48.0 51.0 51.0 
48.0 51.0 51.0 
48.0 51.0 51.0 
48.0 51.0 51.0 
48.0 51.0 51.0 
48.0 51.0 51.0 
48.0 51.0 51.0 
48.0 51.0 51.0 
48.0 51.0 51.0 
48.0 51.0 51.0 
48.0 51.0 51.0 
48.0 51.0 51.0 
48.0 51.0 51.0 
48.0 51.0 51.0 
48.0 51.0 51.0 
48.0 51.0 51.0 
48.0 51.0 51.0 
21.0 84.0 96.0 
95.0 77.0 17.0 
70.0 37.0 75.0 
70.0 37.0 75.0 
73.0 98.0 67.0 
68.0 92.0 23.0 
68.0 92.0 23.0 
99.0 26.0 58.0 
39.0 96.0 89.0 
45.0 66.0 88.0 
45.0 66.0 88.0 
