57.0 95.0 49.0 
57.0 95.0 49.0 
57.0 95.0 49.0 
57.0 95.0 49.0 
57.0 95.0 49.0 
57.0 95.0 49.0 
57.0 95.0 49.0 
57.0 95.0 49.0 
57.0 95.0 49.0 
57.0 95.0 49.0 
57.0 95.0 49.0 
57.0 95.0 49.0 
57.0 95.0 49.0 
57.0 95.0 49.0 
57.0 95.0 49.0 
57.0 95.0 49.0 
57.0 95.0 49.0 
57.0 95.0 49.0 
57.0 95.0 49.0 
57.0 95.0 49.0 
57.0 95.0 49.0 
57.0 95.0 49.0 
57.0 95.0 49.0 
57.0 95.0 49.0 
57.0 95.0 49.0 
57.0 95.0 49.0 
57.0 95.0 49.0 
57.0 95.0 49.0 
57.0 95.0 49.0 
57.0 95.0 49.0 
57.0 95.0 49.0 
57.0 95.0 49.0 
57.0 95.0 49.0 
57.0 95.0 49.0 
57.0 95.0 49.0 
57.0 95.0 49.0 
57.0 95.0 49.0 
57.0 95.0 49.0 
57.0 95.0 49.0 
44.0 52.0 94.0 
44.0 52.0 94.0 
44.0 52.0 94.0 
44.0 52.0 94.0 
44.0 52.0 94.0 
44.0 52.0 94.0 
44.0 52.0 94.0 
44.0 52.0 94.0 
44.0 52.0 94.0 
44.0 52.0 94.0 
86.0 70.0 20.0 
51.0 33.0 50.0 
61.0 24.0 82.0 
61.0 24.0 82.0 
61.0 24.0 82.0 
61.0 24.0 82.0 
70.0 77.0 32.0 
51.0 55.0 46.0 
93.0 29.0 40.0 
11.0 90.0 92.0 
11.0 90.0 92.0 
