66.0 86.0 37.0 68.0 21.0 
66.0 86.0 37.0 68.0 21.0 
66.0 86.0 37.0 68.0 21.0 
66.0 86.0 37.0 68.0 21.0 
66.0 86.0 37.0 68.0 21.0 
66.0 86.0 37.0 68.0 21.0 
66.0 86.0 37.0 68.0 21.0 
66.0 86.0 37.0 68.0 21.0 
66.0 86.0 37.0 68.0 21.0 
66.0 86.0 37.0 68.0 21.0 
66.0 86.0 37.0 68.0 21.0 
66.0 86.0 37.0 68.0 21.0 
66.0 86.0 37.0 68.0 21.0 
66.0 86.0 37.0 68.0 21.0 
66.0 86.0 37.0 68.0 21.0 
66.0 86.0 37.0 68.0 21.0 
66.0 86.0 37.0 68.0 21.0 
66.0 86.0 37.0 68.0 21.0 
66.0 86.0 37.0 68.0 21.0 
66.0 86.0 37.0 68.0 21.0 
66.0 86.0 37.0 68.0 21.0 
66.0 86.0 37.0 68.0 21.0 
66.0 86.0 37.0 68.0 21.0 
66.0 86.0 37.0 68.0 21.0 
66.0 86.0 37.0 68.0 21.0 
66.0 86.0 37.0 68.0 21.0 
66.0 86.0 37.0 68.0 21.0 
66.0 86.0 37.0 68.0 21.0 
66.0 86.0 37.0 68.0 21.0 
66.0 86.0 37.0 68.0 21.0 
66.0 86.0 37.0 68.0 21.0 
66.0 86.0 37.0 68.0 21.0 
66.0 86.0 37.0 68.0 21.0 
66.0 86.0 37.0 68.0 21.0 
66.0 86.0 37.0 68.0 21.0 
66.0 86.0 37.0 68.0 21.0 
66.0 86.0 37.0 68.0 21.0 
66.0 86.0 37.0 68.0 21.0 
16.0 25.0 64.0 20.0 49.0 
16.0 25.0 64.0 20.0 49.0 
16.0 25.0 64.0 20.0 49.0 
16.0 25.0 64.0 20.0 49.0 
16.0 25.0 64.0 20.0 49.0 
16.0 25.0 64.0 20.0 49.0 
16.0 25.0 64.0 20.0 49.0 
34.0 11.0 25.0 90.0 12.0 
34.0 11.0 25.0 90.0 12.0 
34.0 11.0 25.0 90.0 12.0 
34.0 11.0 25.0 90.0 12.0 
34.0 11.0 25.0 90.0 12.0 
34.0 11.0 25.0 90.0 12.0 
39.0 66.0 72.0 50.0 33.0 
39.0 66.0 72.0 50.0 33.0 
39.0 66.0 72.0 50.0 33.0 
90.0 68.0 85.0 91.0 14.0 
84.0 86.0 69.0 41.0 29.0 
23.0 59.0 83.0 39.0 61.0 
27.0 34.0 33.0 65.0 18.0 
39.0 64.0 92.0 73.0 20.0 
39.0 64.0 92.0 73.0 20.0 
