83.0 74.0 38.0 35.0 
83.0 74.0 38.0 35.0 
83.0 74.0 38.0 35.0 
83.0 74.0 38.0 35.0 
83.0 74.0 38.0 35.0 
83.0 74.0 38.0 35.0 
83.0 74.0 38.0 35.0 
83.0 74.0 38.0 35.0 
83.0 74.0 38.0 35.0 
83.0 74.0 38.0 35.0 
83.0 74.0 38.0 35.0 
83.0 74.0 38.0 35.0 
83.0 74.0 38.0 35.0 
83.0 74.0 38.0 35.0 
83.0 74.0 38.0 35.0 
83.0 74.0 38.0 35.0 
83.0 74.0 38.0 35.0 
83.0 74.0 38.0 35.0 
83.0 74.0 38.0 35.0 
83.0 74.0 38.0 35.0 
83.0 74.0 38.0 35.0 
83.0 74.0 38.0 35.0 
83.0 74.0 38.0 35.0 
83.0 74.0 38.0 35.0 
83.0 74.0 38.0 35.0 
83.0 74.0 38.0 35.0 
83.0 74.0 38.0 35.0 
83.0 74.0 38.0 35.0 
83.0 74.0 38.0 35.0 
83.0 74.0 38.0 35.0 
83.0 74.0 38.0 35.0 
63.0 43.0 36.0 56.0 
63.0 43.0 36.0 56.0 
63.0 43.0 36.0 56.0 
63.0 43.0 36.0 56.0 
63.0 43.0 36.0 56.0 
63.0 43.0 36.0 56.0 
63.0 43.0 36.0 56.0 
63.0 43.0 36.0 56.0 
63.0 43.0 36.0 56.0 
63.0 43.0 36.0 56.0 
63.0 43.0 36.0 56.0 
63.0 43.0 36.0 56.0 
63.0 43.0 36.0 56.0 
63.0 43.0 36.0 56.0 
63.0 43.0 36.0 56.0 
91.0 36.0 60.0 66.0 
91.0 36.0 60.0 66.0 
91.0 36.0 60.0 66.0 
91.0 36.0 60.0 66.0 
83.0 28.0 68.0 23.0 
83.0 28.0 68.0 23.0 
83.0 28.0 68.0 23.0 
83.0 28.0 68.0 23.0 
75.0 95.0 66.0 23.0 
73.0 100.0 19.0 73.0 
35.0 43.0 66.0 57.0 
54.0 50.0 91.0 29.0 
95.0 40.0 68.0 49.0 
95.0 40.0 68.0 49.0 
