34.0 20.0 54.0 
34.0 20.0 54.0 
34.0 20.0 54.0 
34.0 20.0 54.0 
34.0 20.0 54.0 
34.0 20.0 54.0 
34.0 20.0 54.0 
34.0 20.0 54.0 
34.0 20.0 54.0 
34.0 20.0 54.0 
34.0 20.0 54.0 
34.0 20.0 54.0 
34.0 20.0 54.0 
34.0 20.0 54.0 
34.0 20.0 54.0 
36.0 23.0 22.0 
36.0 23.0 22.0 
36.0 23.0 22.0 
36.0 23.0 22.0 
36.0 23.0 22.0 
36.0 23.0 22.0 
36.0 23.0 22.0 
36.0 23.0 22.0 
36.0 23.0 22.0 
36.0 23.0 22.0 
36.0 23.0 22.0 
36.0 23.0 22.0 
36.0 23.0 22.0 
36.0 23.0 22.0 
36.0 23.0 22.0 
36.0 23.0 22.0 
36.0 23.0 22.0 
36.0 23.0 22.0 
36.0 23.0 22.0 
48.0 17.0 34.0 
48.0 17.0 34.0 
48.0 17.0 34.0 
48.0 17.0 34.0 
48.0 17.0 34.0 
48.0 17.0 34.0 
48.0 17.0 34.0 
48.0 17.0 34.0 
48.0 17.0 34.0 
48.0 17.0 34.0 
48.0 17.0 34.0 
48.0 17.0 34.0 
48.0 17.0 34.0 
48.0 17.0 34.0 
48.0 17.0 34.0 
15.0 63.0 43.0 
15.0 63.0 43.0 
26.0 48.0 41.0 
26.0 48.0 41.0 
26.0 48.0 41.0 
22.0 84.0 56.0 
22.0 84.0 56.0 
54.0 32.0 52.0 
86.0 14.0 60.0 
74.0 26.0 48.0 
74.0 26.0 48.0 
