54.0 69.0 26.0 41.0 74.0 
54.0 69.0 26.0 41.0 74.0 
54.0 69.0 26.0 41.0 74.0 
54.0 69.0 26.0 41.0 74.0 
54.0 69.0 26.0 41.0 74.0 
54.0 69.0 26.0 41.0 74.0 
54.0 69.0 26.0 41.0 74.0 
54.0 69.0 26.0 41.0 74.0 
54.0 69.0 26.0 41.0 74.0 
54.0 69.0 26.0 41.0 74.0 
54.0 69.0 26.0 41.0 74.0 
54.0 69.0 26.0 41.0 74.0 
54.0 69.0 26.0 41.0 74.0 
54.0 69.0 26.0 41.0 74.0 
33.0 27.0 52.0 96.0 37.0 
33.0 27.0 52.0 96.0 37.0 
33.0 27.0 52.0 96.0 37.0 
33.0 27.0 52.0 96.0 37.0 
33.0 27.0 52.0 96.0 37.0 
33.0 27.0 52.0 96.0 37.0 
33.0 27.0 52.0 96.0 37.0 
33.0 27.0 52.0 96.0 37.0 
33.0 27.0 52.0 96.0 37.0 
33.0 27.0 52.0 96.0 37.0 
33.0 27.0 52.0 96.0 37.0 
33.0 27.0 52.0 96.0 37.0 
33.0 27.0 52.0 96.0 37.0 
33.0 27.0 52.0 96.0 37.0 
33.0 27.0 52.0 96.0 37.0 
33.0 27.0 52.0 96.0 37.0 
33.0 27.0 52.0 96.0 37.0 
33.0 27.0 52.0 96.0 37.0 
33.0 27.0 52.0 96.0 37.0 
33.0 27.0 52.0 96.0 37.0 
33.0 27.0 52.0 96.0 37.0 
33.0 27.0 52.0 96.0 37.0 
33.0 27.0 52.0 96.0 37.0 
33.0 27.0 52.0 96.0 37.0 
33.0 27.0 52.0 96.0 37.0 
33.0 27.0 52.0 96.0 37.0 
33.0 27.0 52.0 96.0 37.0 
65.0 65.0 20.0 93.0 86.0 
65.0 65.0 20.0 93.0 86.0 
65.0 65.0 20.0 93.0 86.0 
65.0 65.0 20.0 93.0 86.0 
65.0 65.0 20.0 93.0 86.0 
40.0 84.0 53.0 32.0 91.0 
40.0 84.0 53.0 32.0 91.0 
40.0 84.0 53.0 32.0 91.0 
40.0 84.0 53.0 32.0 91.0 
15.0 87.0 78.0 42.0 36.0 
18.0 74.0 55.0 82.0 45.0 
18.0 74.0 55.0 82.0 45.0 
18.0 74.0 55.0 82.0 45.0 
24.0 36.0 43.0 42.0 64.0 
54.0 54.0 79.0 74.0 78.0 
32.0 91.0 88.0 24.0 17.0 
32.0 91.0 88.0 24.0 17.0 
32.0 91.0 88.0 24.0 17.0 
32.0 91.0 88.0 24.0 17.0 
