24.0 97.0 90.0 
24.0 97.0 90.0 
24.0 97.0 90.0 
24.0 97.0 90.0 
24.0 97.0 90.0 
24.0 97.0 90.0 
24.0 97.0 90.0 
24.0 97.0 90.0 
24.0 97.0 90.0 
24.0 97.0 90.0 
24.0 97.0 90.0 
24.0 97.0 90.0 
24.0 97.0 90.0 
24.0 97.0 90.0 
24.0 97.0 90.0 
24.0 97.0 90.0 
24.0 97.0 90.0 
24.0 97.0 90.0 
24.0 97.0 90.0 
24.0 97.0 90.0 
24.0 97.0 90.0 
24.0 97.0 90.0 
24.0 97.0 90.0 
24.0 97.0 90.0 
24.0 97.0 90.0 
24.0 97.0 90.0 
24.0 97.0 90.0 
24.0 97.0 90.0 
24.0 97.0 90.0 
24.0 97.0 90.0 
24.0 97.0 90.0 
24.0 97.0 90.0 
24.0 97.0 90.0 
24.0 97.0 90.0 
24.0 97.0 90.0 
24.0 97.0 90.0 
24.0 97.0 90.0 
24.0 97.0 90.0 
24.0 97.0 90.0 
82.0 14.0 74.0 
82.0 14.0 74.0 
82.0 14.0 74.0 
82.0 14.0 74.0 
82.0 14.0 74.0 
42.0 96.0 62.0 
42.0 96.0 62.0 
42.0 96.0 62.0 
42.0 96.0 62.0 
42.0 96.0 62.0 
42.0 96.0 62.0 
42.0 96.0 62.0 
42.0 96.0 62.0 
90.0 56.0 56.0 
90.0 56.0 56.0 
48.0 91.0 45.0 
66.0 60.0 19.0 
69.0 11.0 15.0 
93.0 68.0 69.0 
85.0 57.0 18.0 
85.0 57.0 18.0 
