41.0 73.0 66.0 46.0 
41.0 73.0 66.0 46.0 
41.0 73.0 66.0 46.0 
41.0 73.0 66.0 46.0 
41.0 73.0 66.0 46.0 
41.0 73.0 66.0 46.0 
41.0 73.0 66.0 46.0 
41.0 73.0 66.0 46.0 
41.0 73.0 66.0 46.0 
41.0 73.0 66.0 46.0 
41.0 73.0 66.0 46.0 
41.0 73.0 66.0 46.0 
41.0 73.0 66.0 46.0 
41.0 73.0 66.0 46.0 
41.0 73.0 66.0 46.0 
41.0 73.0 66.0 46.0 
41.0 73.0 66.0 46.0 
41.0 73.0 66.0 46.0 
43.0 69.0 62.0 42.0 
43.0 69.0 62.0 42.0 
43.0 69.0 62.0 42.0 
43.0 69.0 62.0 42.0 
43.0 69.0 62.0 42.0 
43.0 69.0 62.0 42.0 
98.0 66.0 84.0 16.0 
98.0 66.0 84.0 16.0 
98.0 66.0 84.0 16.0 
98.0 66.0 84.0 16.0 
98.0 66.0 84.0 16.0 
98.0 66.0 84.0 16.0 
98.0 66.0 84.0 16.0 
98.0 66.0 84.0 16.0 
98.0 66.0 84.0 16.0 
98.0 66.0 84.0 16.0 
98.0 66.0 84.0 16.0 
36.0 68.0 75.0 63.0 
36.0 68.0 75.0 63.0 
36.0 68.0 75.0 63.0 
36.0 68.0 75.0 63.0 
36.0 68.0 75.0 63.0 
36.0 68.0 75.0 63.0 
36.0 68.0 75.0 63.0 
36.0 68.0 75.0 63.0 
36.0 68.0 75.0 63.0 
36.0 68.0 75.0 63.0 
36.0 68.0 75.0 63.0 
36.0 68.0 75.0 63.0 
36.0 68.0 75.0 63.0 
36.0 68.0 75.0 63.0 
36.0 68.0 75.0 63.0 
44.0 47.0 15.0 82.0 
44.0 47.0 15.0 82.0 
44.0 47.0 15.0 82.0 
11.0 52.0 53.0 69.0 
11.0 52.0 53.0 69.0 
90.0 37.0 40.0 82.0 
44.0 59.0 69.0 91.0 
44.0 59.0 69.0 91.0 
25.0 93.0 53.0 62.0 
25.0 93.0 53.0 62.0 
