35.0 30.0 55.0 98.0 
35.0 30.0 55.0 98.0 
35.0 30.0 55.0 98.0 
47.0 40.0 16.0 29.0 
47.0 40.0 16.0 29.0 
47.0 40.0 16.0 29.0 
47.0 40.0 16.0 29.0 
47.0 40.0 16.0 29.0 
47.0 40.0 16.0 29.0 
47.0 40.0 16.0 29.0 
47.0 40.0 16.0 29.0 
47.0 40.0 16.0 29.0 
47.0 40.0 16.0 29.0 
47.0 40.0 16.0 29.0 
47.0 40.0 16.0 29.0 
47.0 40.0 16.0 29.0 
47.0 40.0 16.0 29.0 
47.0 40.0 16.0 29.0 
47.0 40.0 16.0 29.0 
47.0 40.0 16.0 29.0 
47.0 40.0 16.0 29.0 
47.0 40.0 16.0 29.0 
47.0 40.0 16.0 29.0 
47.0 40.0 16.0 29.0 
47.0 40.0 16.0 29.0 
47.0 40.0 16.0 29.0 
47.0 40.0 16.0 29.0 
47.0 40.0 16.0 29.0 
47.0 40.0 16.0 29.0 
47.0 40.0 16.0 29.0 
47.0 40.0 16.0 29.0 
47.0 40.0 16.0 29.0 
47.0 40.0 16.0 29.0 
47.0 40.0 16.0 29.0 
47.0 40.0 16.0 29.0 
47.0 40.0 16.0 29.0 
47.0 40.0 16.0 29.0 
47.0 40.0 16.0 29.0 
47.0 40.0 16.0 29.0 
47.0 40.0 16.0 29.0 
47.0 40.0 16.0 29.0 
47.0 40.0 16.0 29.0 
47.0 40.0 16.0 29.0 
47.0 40.0 16.0 29.0 
47.0 40.0 16.0 29.0 
47.0 40.0 16.0 29.0 
47.0 40.0 16.0 29.0 
47.0 40.0 16.0 29.0 
86.0 96.0 34.0 43.0 
86.0 96.0 34.0 43.0 
86.0 96.0 34.0 43.0 
37.0 80.0 12.0 21.0 
48.0 24.0 68.0 67.0 
48.0 24.0 68.0 67.0 
38.0 100.0 34.0 63.0 
100.0 53.0 99.0 35.0 
100.0 53.0 99.0 35.0 
84.0 30.0 94.0 45.0 
64.0 92.0 69.0 94.0 
64.0 92.0 69.0 94.0 
