94.0 51.0 31.0 
94.0 51.0 31.0 
94.0 51.0 31.0 
94.0 51.0 31.0 
94.0 51.0 31.0 
94.0 51.0 31.0 
94.0 51.0 31.0 
94.0 51.0 31.0 
94.0 51.0 31.0 
94.0 51.0 31.0 
94.0 51.0 31.0 
94.0 51.0 31.0 
94.0 51.0 31.0 
94.0 51.0 31.0 
94.0 51.0 31.0 
60.0 58.0 58.0 
60.0 58.0 58.0 
60.0 58.0 58.0 
60.0 58.0 58.0 
60.0 58.0 58.0 
60.0 58.0 58.0 
60.0 58.0 58.0 
60.0 58.0 58.0 
60.0 58.0 58.0 
60.0 58.0 58.0 
60.0 58.0 58.0 
60.0 58.0 58.0 
60.0 58.0 58.0 
60.0 58.0 58.0 
60.0 58.0 58.0 
60.0 58.0 58.0 
60.0 58.0 58.0 
60.0 58.0 58.0 
60.0 58.0 58.0 
60.0 58.0 58.0 
82.0 19.0 34.0 
82.0 19.0 34.0 
82.0 19.0 34.0 
82.0 19.0 34.0 
82.0 19.0 34.0 
82.0 19.0 34.0 
82.0 19.0 34.0 
82.0 19.0 34.0 
82.0 19.0 34.0 
82.0 19.0 34.0 
82.0 19.0 34.0 
82.0 19.0 34.0 
82.0 19.0 34.0 
82.0 19.0 34.0 
82.0 19.0 34.0 
82.0 19.0 34.0 
82.0 19.0 34.0 
82.0 19.0 34.0 
92.0 62.0 50.0 
27.0 92.0 63.0 
76.0 48.0 81.0 
92.0 96.0 43.0 
60.0 80.0 78.0 
74.0 37.0 20.0 
74.0 37.0 20.0 
