71.0 81.0 24.0 95.0 
71.0 81.0 24.0 95.0 
71.0 81.0 24.0 95.0 
42.0 15.0 45.0 59.0 
42.0 15.0 45.0 59.0 
42.0 15.0 45.0 59.0 
42.0 15.0 45.0 59.0 
42.0 15.0 45.0 59.0 
42.0 15.0 45.0 59.0 
42.0 15.0 45.0 59.0 
42.0 15.0 45.0 59.0 
42.0 15.0 45.0 59.0 
42.0 15.0 45.0 59.0 
42.0 15.0 45.0 59.0 
42.0 15.0 45.0 59.0 
42.0 15.0 45.0 59.0 
42.0 15.0 45.0 59.0 
42.0 15.0 45.0 59.0 
42.0 15.0 45.0 59.0 
42.0 15.0 45.0 59.0 
42.0 15.0 45.0 59.0 
69.0 83.0 24.0 52.0 
69.0 83.0 24.0 52.0 
69.0 83.0 24.0 52.0 
69.0 83.0 24.0 52.0 
69.0 83.0 24.0 52.0 
69.0 83.0 24.0 52.0 
69.0 83.0 24.0 52.0 
69.0 83.0 24.0 52.0 
69.0 83.0 24.0 52.0 
69.0 83.0 24.0 52.0 
69.0 83.0 24.0 52.0 
69.0 83.0 24.0 52.0 
69.0 83.0 24.0 52.0 
69.0 83.0 24.0 52.0 
69.0 83.0 24.0 52.0 
69.0 83.0 24.0 52.0 
69.0 83.0 24.0 52.0 
69.0 83.0 24.0 52.0 
69.0 83.0 24.0 52.0 
69.0 83.0 24.0 52.0 
69.0 83.0 24.0 52.0 
65.0 17.0 72.0 53.0 
65.0 17.0 72.0 53.0 
65.0 17.0 72.0 53.0 
65.0 17.0 72.0 53.0 
65.0 17.0 72.0 53.0 
65.0 17.0 72.0 53.0 
65.0 17.0 72.0 53.0 
65.0 17.0 72.0 53.0 
65.0 17.0 72.0 53.0 
65.0 17.0 72.0 53.0 
65.0 17.0 72.0 53.0 
65.0 17.0 72.0 53.0 
53.0 47.0 14.0 50.0 
82.0 53.0 85.0 83.0 
20.0 14.0 59.0 81.0 
82.0 93.0 99.0 80.0 
79.0 96.0 35.0 76.0 
79.0 96.0 35.0 76.0 
