38.0 64.0 90.0 71.0 94.0 
38.0 64.0 90.0 71.0 94.0 
38.0 64.0 90.0 71.0 94.0 
38.0 64.0 90.0 71.0 94.0 
38.0 64.0 90.0 71.0 94.0 
38.0 64.0 90.0 71.0 94.0 
38.0 64.0 90.0 71.0 94.0 
38.0 64.0 90.0 71.0 94.0 
38.0 64.0 90.0 71.0 94.0 
38.0 64.0 90.0 71.0 94.0 
38.0 64.0 90.0 71.0 94.0 
38.0 64.0 90.0 71.0 94.0 
38.0 64.0 90.0 71.0 94.0 
38.0 64.0 90.0 71.0 94.0 
38.0 64.0 90.0 71.0 94.0 
38.0 64.0 90.0 71.0 94.0 
38.0 64.0 90.0 71.0 94.0 
38.0 64.0 90.0 71.0 94.0 
38.0 64.0 90.0 71.0 94.0 
38.0 64.0 90.0 71.0 94.0 
38.0 64.0 90.0 71.0 94.0 
38.0 64.0 90.0 71.0 94.0 
38.0 64.0 90.0 71.0 94.0 
38.0 64.0 90.0 71.0 94.0 
38.0 64.0 90.0 71.0 94.0 
38.0 64.0 90.0 71.0 94.0 
38.0 64.0 90.0 71.0 94.0 
38.0 64.0 90.0 71.0 94.0 
38.0 64.0 90.0 71.0 94.0 
38.0 64.0 90.0 71.0 94.0 
38.0 64.0 90.0 71.0 94.0 
38.0 64.0 90.0 71.0 94.0 
38.0 64.0 90.0 71.0 94.0 
38.0 64.0 90.0 71.0 94.0 
38.0 64.0 90.0 71.0 94.0 
38.0 64.0 90.0 71.0 94.0 
38.0 64.0 90.0 71.0 94.0 
38.0 64.0 90.0 71.0 94.0 
38.0 64.0 90.0 71.0 94.0 
38.0 64.0 90.0 71.0 94.0 
38.0 64.0 90.0 71.0 94.0 
38.0 64.0 90.0 71.0 94.0 
38.0 64.0 90.0 71.0 94.0 
38.0 64.0 90.0 71.0 94.0 
38.0 64.0 90.0 71.0 94.0 
38.0 64.0 90.0 71.0 94.0 
38.0 64.0 90.0 71.0 94.0 
38.0 64.0 90.0 71.0 94.0 
38.0 64.0 90.0 71.0 94.0 
38.0 64.0 90.0 71.0 94.0 
38.0 64.0 90.0 71.0 94.0 
38.0 64.0 90.0 71.0 94.0 
38.0 64.0 90.0 71.0 94.0 
38.0 64.0 90.0 71.0 94.0 
38.0 64.0 90.0 71.0 94.0 
38.0 64.0 90.0 71.0 94.0 
38.0 64.0 90.0 71.0 94.0 
38.0 64.0 90.0 71.0 94.0 
38.0 64.0 90.0 71.0 94.0 
38.0 64.0 90.0 71.0 94.0 
38.0 64.0 90.0 71.0 94.0 
38.0 64.0 90.0 71.0 94.0 
38.0 64.0 90.0 71.0 94.0 
80.0 58.0 39.0 87.0 100.0 
80.0 58.0 39.0 87.0 100.0 
80.0 58.0 39.0 87.0 100.0 
30.0 100.0 27.0 96.0 92.0 
30.0 100.0 27.0 96.0 92.0 
30.0 100.0 27.0 96.0 92.0 
30.0 100.0 27.0 96.0 92.0 
30.0 100.0 27.0 96.0 92.0 
92.0 77.0 89.0 68.0 61.0 
84.0 60.0 83.0 60.0 33.0 
66.0 67.0 63.0 25.0 99.0 
55.0 40.0 26.0 57.0 31.0 
55.0 40.0 26.0 57.0 31.0 
71.0 32.0 85.0 63.0 39.0 
47.0 61.0 44.0 41.0 27.0 
66.0 23.0 99.0 61.0 18.0 
66.0 23.0 99.0 61.0 18.0 
