77.0 26.0 85.0 
77.0 26.0 85.0 
39.0 34.0 66.0 
39.0 34.0 66.0 
39.0 34.0 66.0 
39.0 34.0 66.0 
39.0 34.0 66.0 
39.0 34.0 66.0 
39.0 34.0 66.0 
39.0 34.0 66.0 
39.0 34.0 66.0 
39.0 34.0 66.0 
39.0 34.0 66.0 
39.0 34.0 66.0 
39.0 34.0 66.0 
39.0 34.0 66.0 
39.0 34.0 66.0 
39.0 34.0 66.0 
39.0 34.0 66.0 
39.0 34.0 66.0 
39.0 34.0 66.0 
39.0 34.0 66.0 
39.0 34.0 66.0 
39.0 34.0 66.0 
39.0 34.0 66.0 
39.0 34.0 66.0 
99.0 26.0 11.0 
99.0 26.0 11.0 
99.0 26.0 11.0 
99.0 26.0 11.0 
99.0 26.0 11.0 
99.0 26.0 11.0 
99.0 26.0 11.0 
99.0 26.0 11.0 
99.0 26.0 11.0 
99.0 26.0 11.0 
99.0 26.0 11.0 
99.0 26.0 11.0 
99.0 26.0 11.0 
99.0 26.0 11.0 
99.0 26.0 11.0 
99.0 26.0 11.0 
99.0 26.0 11.0 
99.0 26.0 11.0 
99.0 26.0 11.0 
99.0 26.0 11.0 
99.0 26.0 11.0 
99.0 26.0 11.0 
32.0 90.0 24.0 
32.0 90.0 24.0 
32.0 90.0 24.0 
32.0 90.0 24.0 
32.0 90.0 24.0 
32.0 90.0 24.0 
25.0 73.0 88.0 
25.0 73.0 88.0 
25.0 73.0 88.0 
25.0 73.0 88.0 
25.0 73.0 88.0 
25.0 73.0 88.0 
25.0 73.0 88.0 
25.0 73.0 88.0 
25.0 73.0 88.0 
25.0 73.0 88.0 
25.0 73.0 88.0 
17.0 93.0 37.0 
17.0 93.0 37.0 
17.0 93.0 37.0 
17.0 93.0 37.0 
17.0 93.0 37.0 
17.0 93.0 37.0 
17.0 93.0 37.0 
17.0 93.0 37.0 
17.0 93.0 37.0 
60.0 25.0 81.0 
75.0 75.0 42.0 
75.0 75.0 42.0 
63.0 42.0 39.0 
86.0 85.0 47.0 
86.0 85.0 47.0 
