53.0 75.0 13.0 29.0 
53.0 75.0 13.0 29.0 
53.0 75.0 13.0 29.0 
53.0 75.0 13.0 29.0 
53.0 75.0 13.0 29.0 
53.0 75.0 13.0 29.0 
53.0 75.0 13.0 29.0 
53.0 75.0 13.0 29.0 
53.0 75.0 13.0 29.0 
53.0 75.0 13.0 29.0 
53.0 75.0 13.0 29.0 
53.0 75.0 13.0 29.0 
53.0 75.0 13.0 29.0 
53.0 75.0 13.0 29.0 
53.0 75.0 13.0 29.0 
53.0 75.0 13.0 29.0 
39.0 56.0 64.0 48.0 
39.0 56.0 64.0 48.0 
39.0 56.0 64.0 48.0 
39.0 56.0 64.0 48.0 
39.0 56.0 64.0 48.0 
39.0 56.0 64.0 48.0 
39.0 56.0 64.0 48.0 
39.0 56.0 64.0 48.0 
39.0 56.0 64.0 48.0 
39.0 56.0 64.0 48.0 
39.0 56.0 64.0 48.0 
39.0 56.0 64.0 48.0 
39.0 56.0 64.0 48.0 
39.0 56.0 64.0 48.0 
39.0 56.0 64.0 48.0 
39.0 56.0 64.0 48.0 
39.0 56.0 64.0 48.0 
39.0 56.0 64.0 48.0 
39.0 56.0 64.0 48.0 
39.0 56.0 64.0 48.0 
39.0 56.0 64.0 48.0 
39.0 56.0 64.0 48.0 
28.0 26.0 19.0 54.0 
28.0 26.0 19.0 54.0 
28.0 26.0 19.0 54.0 
28.0 26.0 19.0 54.0 
28.0 26.0 19.0 54.0 
28.0 26.0 19.0 54.0 
28.0 26.0 19.0 54.0 
28.0 26.0 19.0 54.0 
28.0 26.0 19.0 54.0 
28.0 26.0 19.0 54.0 
28.0 26.0 19.0 54.0 
28.0 26.0 19.0 54.0 
28.0 26.0 19.0 54.0 
28.0 26.0 19.0 54.0 
28.0 26.0 19.0 54.0 
28.0 26.0 19.0 54.0 
28.0 26.0 19.0 54.0 
28.0 26.0 19.0 54.0 
28.0 26.0 19.0 54.0 
28.0 26.0 19.0 54.0 
28.0 26.0 19.0 54.0 
28.0 26.0 19.0 54.0 
28.0 26.0 19.0 54.0 
28.0 26.0 19.0 54.0 
28.0 26.0 19.0 54.0 
28.0 26.0 19.0 54.0 
28.0 26.0 19.0 54.0 
28.0 26.0 19.0 54.0 
28.0 26.0 19.0 54.0 
28.0 26.0 19.0 54.0 
34.0 96.0 85.0 32.0 
34.0 96.0 85.0 32.0 
34.0 96.0 85.0 32.0 
34.0 96.0 85.0 32.0 
33.0 51.0 53.0 17.0 
92.0 91.0 93.0 16.0 
92.0 91.0 93.0 16.0 
81.0 69.0 97.0 61.0 
81.0 77.0 46.0 33.0 
78.0 25.0 48.0 16.0 
49.0 52.0 48.0 66.0 
49.0 52.0 48.0 66.0 
