58.0 56.0 79.0 
58.0 56.0 79.0 
58.0 56.0 79.0 
58.0 56.0 79.0 
58.0 56.0 79.0 
58.0 56.0 79.0 
58.0 56.0 79.0 
58.0 56.0 79.0 
58.0 56.0 79.0 
58.0 56.0 79.0 
58.0 56.0 79.0 
58.0 56.0 79.0 
58.0 56.0 79.0 
58.0 56.0 79.0 
58.0 56.0 79.0 
58.0 56.0 79.0 
58.0 56.0 79.0 
58.0 56.0 79.0 
58.0 56.0 79.0 
58.0 56.0 79.0 
58.0 56.0 79.0 
58.0 56.0 79.0 
58.0 56.0 79.0 
58.0 56.0 79.0 
58.0 56.0 79.0 
58.0 56.0 79.0 
58.0 56.0 79.0 
58.0 56.0 79.0 
58.0 56.0 79.0 
58.0 56.0 79.0 
58.0 56.0 79.0 
58.0 56.0 79.0 
58.0 56.0 79.0 
62.0 41.0 19.0 
62.0 41.0 19.0 
62.0 41.0 19.0 
62.0 41.0 19.0 
62.0 41.0 19.0 
62.0 41.0 19.0 
62.0 41.0 19.0 
62.0 41.0 19.0 
62.0 41.0 19.0 
62.0 41.0 19.0 
62.0 41.0 19.0 
62.0 41.0 19.0 
62.0 41.0 19.0 
62.0 41.0 19.0 
62.0 41.0 19.0 
62.0 41.0 19.0 
62.0 41.0 19.0 
62.0 41.0 19.0 
62.0 41.0 19.0 
62.0 41.0 19.0 
62.0 41.0 19.0 
62.0 41.0 19.0 
62.0 41.0 19.0 
62.0 41.0 19.0 
62.0 41.0 19.0 
62.0 41.0 19.0 
62.0 41.0 19.0 
62.0 41.0 19.0 
62.0 41.0 19.0 
62.0 41.0 19.0 
62.0 41.0 19.0 
62.0 41.0 19.0 
68.0 30.0 84.0 
68.0 30.0 84.0 
68.0 30.0 84.0 
68.0 30.0 84.0 
68.0 30.0 84.0 
68.0 30.0 84.0 
68.0 30.0 84.0 
65.0 73.0 57.0 
67.0 49.0 32.0 
19.0 96.0 99.0 
42.0 16.0 63.0 
34.0 69.0 37.0 
97.0 77.0 67.0 
88.0 88.0 83.0 
88.0 88.0 83.0 
