28.0 71.0 91.0 
28.0 71.0 91.0 
28.0 71.0 91.0 
28.0 71.0 91.0 
28.0 71.0 91.0 
28.0 71.0 91.0 
28.0 71.0 91.0 
28.0 71.0 91.0 
28.0 71.0 91.0 
28.0 71.0 91.0 
98.0 15.0 64.0 
98.0 15.0 64.0 
98.0 15.0 64.0 
98.0 15.0 64.0 
98.0 15.0 64.0 
98.0 15.0 64.0 
98.0 15.0 64.0 
98.0 15.0 64.0 
98.0 15.0 64.0 
98.0 15.0 64.0 
98.0 15.0 64.0 
98.0 15.0 64.0 
98.0 15.0 64.0 
98.0 15.0 64.0 
98.0 15.0 64.0 
98.0 15.0 64.0 
98.0 15.0 64.0 
98.0 15.0 64.0 
98.0 15.0 64.0 
98.0 15.0 64.0 
98.0 15.0 64.0 
98.0 15.0 64.0 
98.0 15.0 64.0 
98.0 15.0 64.0 
98.0 15.0 64.0 
98.0 15.0 64.0 
98.0 15.0 64.0 
98.0 15.0 64.0 
71.0 77.0 31.0 
71.0 77.0 31.0 
71.0 77.0 31.0 
71.0 77.0 31.0 
71.0 77.0 31.0 
71.0 77.0 31.0 
71.0 77.0 31.0 
71.0 77.0 31.0 
71.0 77.0 31.0 
71.0 77.0 31.0 
71.0 77.0 31.0 
71.0 77.0 31.0 
71.0 77.0 31.0 
71.0 77.0 31.0 
71.0 77.0 31.0 
71.0 77.0 31.0 
71.0 77.0 31.0 
71.0 77.0 31.0 
71.0 77.0 31.0 
71.0 77.0 31.0 
71.0 77.0 31.0 
71.0 77.0 31.0 
35.0 66.0 47.0 
35.0 66.0 47.0 
35.0 66.0 47.0 
25.0 20.0 49.0 
25.0 20.0 49.0 
25.0 20.0 49.0 
25.0 20.0 49.0 
25.0 20.0 49.0 
25.0 20.0 49.0 
25.0 20.0 49.0 
25.0 20.0 49.0 
68.0 64.0 79.0 
68.0 64.0 79.0 
68.0 64.0 79.0 
68.0 64.0 79.0 
34.0 85.0 92.0 
23.0 81.0 62.0 
23.0 41.0 14.0 
59.0 95.0 30.0 
59.0 95.0 30.0 
