47.0 21.0 79.0 
47.0 21.0 79.0 
47.0 21.0 79.0 
47.0 21.0 79.0 
47.0 21.0 79.0 
47.0 21.0 79.0 
47.0 21.0 79.0 
47.0 21.0 79.0 
47.0 21.0 79.0 
47.0 21.0 79.0 
47.0 21.0 79.0 
47.0 21.0 79.0 
47.0 21.0 79.0 
47.0 21.0 79.0 
47.0 21.0 79.0 
47.0 21.0 79.0 
47.0 21.0 79.0 
47.0 21.0 79.0 
59.0 99.0 36.0 
59.0 99.0 36.0 
59.0 99.0 36.0 
59.0 99.0 36.0 
59.0 99.0 36.0 
59.0 99.0 36.0 
59.0 99.0 36.0 
59.0 99.0 36.0 
59.0 99.0 36.0 
59.0 99.0 36.0 
59.0 99.0 36.0 
59.0 99.0 36.0 
59.0 99.0 36.0 
59.0 99.0 36.0 
59.0 99.0 36.0 
59.0 99.0 36.0 
59.0 99.0 36.0 
59.0 99.0 36.0 
59.0 99.0 36.0 
59.0 99.0 36.0 
59.0 99.0 36.0 
59.0 99.0 36.0 
59.0 99.0 36.0 
59.0 99.0 36.0 
59.0 99.0 36.0 
99.0 68.0 50.0 
99.0 68.0 50.0 
83.0 79.0 85.0 
83.0 79.0 85.0 
83.0 79.0 85.0 
83.0 79.0 85.0 
83.0 79.0 85.0 
83.0 79.0 85.0 
83.0 79.0 85.0 
83.0 79.0 85.0 
83.0 79.0 85.0 
83.0 79.0 85.0 
83.0 79.0 85.0 
83.0 79.0 85.0 
83.0 79.0 85.0 
83.0 79.0 85.0 
83.0 79.0 85.0 
83.0 79.0 85.0 
83.0 79.0 85.0 
83.0 79.0 85.0 
83.0 79.0 85.0 
83.0 79.0 85.0 
83.0 79.0 85.0 
83.0 79.0 85.0 
83.0 79.0 85.0 
94.0 85.0 88.0 
94.0 85.0 88.0 
93.0 60.0 68.0 
93.0 60.0 68.0 
93.0 60.0 68.0 
71.0 81.0 74.0 
71.0 81.0 74.0 
49.0 90.0 78.0 
29.0 93.0 21.0 
33.0 67.0 71.0 
33.0 67.0 71.0 
33.0 67.0 71.0 
