87.0 100.0 94.0 40.0 26.0 
87.0 100.0 94.0 40.0 26.0 
87.0 100.0 94.0 40.0 26.0 
87.0 100.0 94.0 40.0 26.0 
87.0 100.0 94.0 40.0 26.0 
87.0 100.0 94.0 40.0 26.0 
87.0 100.0 94.0 40.0 26.0 
87.0 100.0 94.0 40.0 26.0 
87.0 100.0 94.0 40.0 26.0 
87.0 100.0 94.0 40.0 26.0 
87.0 100.0 94.0 40.0 26.0 
87.0 100.0 94.0 40.0 26.0 
87.0 100.0 94.0 40.0 26.0 
87.0 100.0 94.0 40.0 26.0 
87.0 100.0 94.0 40.0 26.0 
87.0 100.0 94.0 40.0 26.0 
87.0 100.0 94.0 40.0 26.0 
87.0 100.0 94.0 40.0 26.0 
87.0 100.0 94.0 40.0 26.0 
87.0 100.0 94.0 40.0 26.0 
87.0 100.0 94.0 40.0 26.0 
87.0 100.0 94.0 40.0 26.0 
87.0 100.0 94.0 40.0 26.0 
87.0 100.0 94.0 40.0 26.0 
87.0 100.0 94.0 40.0 26.0 
87.0 100.0 94.0 40.0 26.0 
87.0 100.0 94.0 40.0 26.0 
87.0 100.0 94.0 40.0 26.0 
87.0 100.0 94.0 40.0 26.0 
87.0 100.0 94.0 40.0 26.0 
87.0 100.0 94.0 40.0 26.0 
87.0 100.0 94.0 40.0 26.0 
87.0 100.0 94.0 40.0 26.0 
87.0 100.0 94.0 40.0 26.0 
87.0 100.0 94.0 40.0 26.0 
80.0 46.0 40.0 62.0 83.0 
80.0 46.0 40.0 62.0 83.0 
80.0 46.0 40.0 62.0 83.0 
80.0 46.0 40.0 62.0 83.0 
80.0 46.0 40.0 62.0 83.0 
80.0 46.0 40.0 62.0 83.0 
80.0 46.0 40.0 62.0 83.0 
80.0 46.0 40.0 62.0 83.0 
80.0 46.0 40.0 62.0 83.0 
80.0 46.0 40.0 62.0 83.0 
80.0 46.0 40.0 62.0 83.0 
80.0 46.0 40.0 62.0 83.0 
80.0 46.0 40.0 62.0 83.0 
80.0 46.0 40.0 62.0 83.0 
80.0 46.0 40.0 62.0 83.0 
80.0 46.0 40.0 62.0 83.0 
80.0 46.0 40.0 62.0 83.0 
80.0 46.0 40.0 62.0 83.0 
80.0 46.0 40.0 62.0 83.0 
80.0 46.0 40.0 62.0 83.0 
43.0 99.0 20.0 69.0 73.0 
43.0 99.0 20.0 69.0 73.0 
43.0 99.0 20.0 69.0 73.0 
43.0 99.0 20.0 69.0 73.0 
43.0 99.0 20.0 69.0 73.0 
43.0 99.0 20.0 69.0 73.0 
43.0 99.0 20.0 69.0 73.0 
43.0 99.0 20.0 69.0 73.0 
43.0 99.0 20.0 69.0 73.0 
43.0 99.0 20.0 69.0 73.0 
43.0 99.0 20.0 69.0 73.0 
43.0 99.0 20.0 69.0 73.0 
28.0 75.0 57.0 38.0 67.0 
58.0 93.0 65.0 73.0 63.0 
58.0 93.0 65.0 73.0 63.0 
29.0 75.0 80.0 81.0 58.0 
29.0 75.0 80.0 81.0 58.0 
29.0 75.0 80.0 81.0 58.0 
29.0 75.0 80.0 81.0 58.0 
51.0 56.0 24.0 29.0 83.0 
51.0 56.0 24.0 29.0 83.0 
69.0 70.0 88.0 90.0 64.0 
61.0 99.0 38.0 25.0 58.0 
96.0 35.0 69.0 22.0 20.0 
96.0 35.0 69.0 22.0 20.0 
