77.0 72.0 49.0 94.0 94.0 
77.0 72.0 49.0 94.0 94.0 
77.0 72.0 49.0 94.0 94.0 
77.0 72.0 49.0 94.0 94.0 
77.0 72.0 49.0 94.0 94.0 
77.0 72.0 49.0 94.0 94.0 
77.0 72.0 49.0 94.0 94.0 
77.0 72.0 49.0 94.0 94.0 
77.0 72.0 49.0 94.0 94.0 
77.0 72.0 49.0 94.0 94.0 
77.0 72.0 49.0 94.0 94.0 
77.0 72.0 49.0 94.0 94.0 
77.0 72.0 49.0 94.0 94.0 
77.0 72.0 49.0 94.0 94.0 
77.0 72.0 49.0 94.0 94.0 
77.0 72.0 49.0 94.0 94.0 
77.0 72.0 49.0 94.0 94.0 
77.0 72.0 49.0 94.0 94.0 
77.0 72.0 49.0 94.0 94.0 
77.0 72.0 49.0 94.0 94.0 
77.0 72.0 49.0 94.0 94.0 
77.0 72.0 49.0 94.0 94.0 
77.0 72.0 49.0 94.0 94.0 
77.0 72.0 49.0 94.0 94.0 
77.0 72.0 49.0 94.0 94.0 
77.0 72.0 49.0 94.0 94.0 
14.0 93.0 21.0 70.0 74.0 
14.0 93.0 21.0 70.0 74.0 
14.0 93.0 21.0 70.0 74.0 
14.0 93.0 21.0 70.0 74.0 
61.0 12.0 44.0 75.0 47.0 
61.0 12.0 44.0 75.0 47.0 
61.0 12.0 44.0 75.0 47.0 
61.0 12.0 44.0 75.0 47.0 
61.0 12.0 44.0 75.0 47.0 
61.0 12.0 44.0 75.0 47.0 
61.0 12.0 44.0 75.0 47.0 
61.0 12.0 44.0 75.0 47.0 
61.0 12.0 44.0 75.0 47.0 
61.0 12.0 44.0 75.0 47.0 
61.0 12.0 44.0 75.0 47.0 
61.0 12.0 44.0 75.0 47.0 
61.0 12.0 44.0 75.0 47.0 
61.0 12.0 44.0 75.0 47.0 
61.0 12.0 44.0 75.0 47.0 
61.0 12.0 44.0 75.0 47.0 
61.0 12.0 44.0 75.0 47.0 
61.0 12.0 44.0 75.0 47.0 
61.0 12.0 44.0 75.0 47.0 
61.0 12.0 44.0 75.0 47.0 
61.0 12.0 44.0 75.0 47.0 
61.0 12.0 44.0 75.0 47.0 
61.0 12.0 44.0 75.0 47.0 
61.0 12.0 44.0 75.0 47.0 
61.0 12.0 44.0 75.0 47.0 
61.0 12.0 44.0 75.0 47.0 
61.0 12.0 44.0 75.0 47.0 
61.0 12.0 44.0 75.0 47.0 
61.0 12.0 44.0 75.0 47.0 
61.0 12.0 44.0 75.0 47.0 
61.0 12.0 44.0 75.0 47.0 
61.0 12.0 44.0 75.0 47.0 
61.0 12.0 44.0 75.0 47.0 
61.0 12.0 44.0 75.0 47.0 
61.0 12.0 44.0 75.0 47.0 
61.0 12.0 44.0 75.0 47.0 
61.0 12.0 44.0 75.0 47.0 
80.0 60.0 25.0 77.0 86.0 
80.0 60.0 25.0 77.0 86.0 
80.0 60.0 25.0 77.0 86.0 
80.0 60.0 25.0 77.0 86.0 
80.0 60.0 25.0 77.0 86.0 
54.0 23.0 36.0 57.0 41.0 
68.0 80.0 69.0 35.0 26.0 
55.0 33.0 75.0 24.0 58.0 
69.0 99.0 53.0 86.0 36.0 
69.0 99.0 53.0 86.0 36.0 
50.0 32.0 88.0 51.0 94.0 
76.0 46.0 25.0 93.0 80.0 
76.0 46.0 25.0 93.0 80.0 
