14.0 22.0 72.0 99.0 
14.0 22.0 72.0 99.0 
14.0 22.0 72.0 99.0 
14.0 22.0 72.0 99.0 
14.0 22.0 72.0 99.0 
14.0 22.0 72.0 99.0 
14.0 22.0 72.0 99.0 
14.0 22.0 72.0 99.0 
14.0 22.0 72.0 99.0 
14.0 22.0 72.0 99.0 
14.0 22.0 72.0 99.0 
14.0 22.0 72.0 99.0 
14.0 22.0 72.0 99.0 
14.0 22.0 72.0 99.0 
14.0 22.0 72.0 99.0 
14.0 22.0 72.0 99.0 
14.0 22.0 72.0 99.0 
14.0 22.0 72.0 99.0 
14.0 22.0 72.0 99.0 
14.0 22.0 72.0 99.0 
14.0 22.0 72.0 99.0 
14.0 22.0 72.0 99.0 
14.0 22.0 72.0 99.0 
14.0 22.0 72.0 99.0 
14.0 22.0 72.0 99.0 
14.0 22.0 72.0 99.0 
14.0 22.0 72.0 99.0 
14.0 22.0 72.0 99.0 
14.0 22.0 72.0 99.0 
14.0 22.0 72.0 99.0 
14.0 22.0 72.0 99.0 
14.0 22.0 72.0 99.0 
14.0 22.0 72.0 99.0 
14.0 22.0 72.0 99.0 
14.0 22.0 72.0 99.0 
14.0 22.0 72.0 99.0 
14.0 22.0 72.0 99.0 
14.0 22.0 72.0 99.0 
14.0 22.0 72.0 99.0 
14.0 22.0 72.0 99.0 
14.0 22.0 72.0 99.0 
14.0 22.0 72.0 99.0 
14.0 22.0 72.0 99.0 
14.0 22.0 72.0 99.0 
14.0 22.0 72.0 99.0 
14.0 22.0 72.0 99.0 
14.0 22.0 72.0 99.0 
14.0 22.0 72.0 99.0 
14.0 22.0 72.0 99.0 
14.0 22.0 72.0 99.0 
14.0 22.0 72.0 99.0 
14.0 22.0 72.0 99.0 
14.0 22.0 72.0 99.0 
14.0 22.0 72.0 99.0 
14.0 22.0 72.0 99.0 
14.0 22.0 72.0 99.0 
14.0 22.0 72.0 99.0 
14.0 22.0 72.0 99.0 
14.0 22.0 72.0 99.0 
14.0 22.0 72.0 99.0 
14.0 22.0 72.0 99.0 
14.0 22.0 72.0 99.0 
14.0 22.0 72.0 99.0 
14.0 22.0 72.0 99.0 
14.0 22.0 72.0 99.0 
14.0 22.0 72.0 99.0 
14.0 22.0 72.0 99.0 
14.0 22.0 72.0 99.0 
22.0 83.0 27.0 48.0 
22.0 83.0 27.0 48.0 
75.0 60.0 82.0 73.0 
20.0 65.0 23.0 85.0 
20.0 65.0 23.0 85.0 
63.0 54.0 90.0 42.0 
38.0 30.0 72.0 11.0 
42.0 92.0 17.0 94.0 
79.0 15.0 19.0 15.0 
34.0 91.0 22.0 23.0 
87.0 100.0 36.0 45.0 
87.0 100.0 36.0 45.0 
