46.0 75.0 16.0 45.0 
46.0 75.0 16.0 45.0 
46.0 75.0 16.0 45.0 
46.0 75.0 16.0 45.0 
46.0 75.0 16.0 45.0 
46.0 75.0 16.0 45.0 
46.0 75.0 16.0 45.0 
46.0 75.0 16.0 45.0 
46.0 75.0 16.0 45.0 
46.0 75.0 16.0 45.0 
46.0 75.0 16.0 45.0 
46.0 75.0 16.0 45.0 
46.0 75.0 16.0 45.0 
46.0 75.0 16.0 45.0 
46.0 75.0 16.0 45.0 
46.0 75.0 16.0 45.0 
46.0 75.0 16.0 45.0 
46.0 75.0 16.0 45.0 
46.0 75.0 16.0 45.0 
46.0 75.0 16.0 45.0 
46.0 75.0 16.0 45.0 
46.0 75.0 16.0 45.0 
46.0 75.0 16.0 45.0 
46.0 75.0 16.0 45.0 
46.0 75.0 16.0 45.0 
46.0 75.0 16.0 45.0 
46.0 75.0 16.0 45.0 
46.0 75.0 16.0 45.0 
46.0 75.0 16.0 45.0 
46.0 75.0 16.0 45.0 
46.0 75.0 16.0 45.0 
46.0 75.0 16.0 45.0 
46.0 75.0 16.0 45.0 
46.0 75.0 16.0 45.0 
46.0 75.0 16.0 45.0 
46.0 75.0 16.0 45.0 
46.0 75.0 16.0 45.0 
46.0 75.0 16.0 45.0 
46.0 75.0 16.0 45.0 
36.0 35.0 69.0 87.0 
36.0 35.0 69.0 87.0 
36.0 35.0 69.0 87.0 
36.0 35.0 69.0 87.0 
36.0 35.0 69.0 87.0 
36.0 35.0 69.0 87.0 
36.0 35.0 69.0 87.0 
36.0 35.0 69.0 87.0 
36.0 35.0 69.0 87.0 
36.0 35.0 69.0 87.0 
74.0 48.0 47.0 31.0 
74.0 48.0 47.0 31.0 
74.0 48.0 47.0 31.0 
74.0 48.0 47.0 31.0 
74.0 48.0 47.0 31.0 
74.0 48.0 47.0 31.0 
74.0 48.0 47.0 31.0 
74.0 48.0 47.0 31.0 
74.0 48.0 47.0 31.0 
74.0 48.0 47.0 31.0 
74.0 48.0 47.0 31.0 
74.0 48.0 47.0 31.0 
74.0 48.0 47.0 31.0 
74.0 48.0 47.0 31.0 
97.0 40.0 72.0 31.0 
97.0 40.0 72.0 31.0 
29.0 98.0 19.0 90.0 
29.0 98.0 19.0 90.0 
29.0 98.0 19.0 90.0 
29.0 98.0 19.0 90.0 
59.0 23.0 47.0 56.0 
59.0 23.0 47.0 56.0 
59.0 23.0 47.0 56.0 
59.0 23.0 47.0 56.0 
59.0 23.0 47.0 56.0 
59.0 23.0 47.0 56.0 
46.0 15.0 66.0 71.0 
22.0 27.0 73.0 68.0 
14.0 29.0 72.0 16.0 
76.0 39.0 65.0 40.0 
76.0 39.0 65.0 40.0 
