69.0 23.0 61.0 92.0 77.0 
69.0 23.0 61.0 92.0 77.0 
69.0 23.0 61.0 92.0 77.0 
69.0 23.0 61.0 92.0 77.0 
69.0 23.0 61.0 92.0 77.0 
69.0 23.0 61.0 92.0 77.0 
69.0 23.0 61.0 92.0 77.0 
69.0 23.0 61.0 92.0 77.0 
69.0 23.0 61.0 92.0 77.0 
69.0 23.0 61.0 92.0 77.0 
69.0 23.0 61.0 92.0 77.0 
69.0 23.0 61.0 92.0 77.0 
69.0 23.0 61.0 92.0 77.0 
69.0 23.0 61.0 92.0 77.0 
69.0 23.0 61.0 92.0 77.0 
69.0 23.0 61.0 92.0 77.0 
69.0 23.0 61.0 92.0 77.0 
69.0 23.0 61.0 92.0 77.0 
69.0 23.0 61.0 92.0 77.0 
69.0 23.0 61.0 92.0 77.0 
69.0 23.0 61.0 92.0 77.0 
69.0 23.0 61.0 92.0 77.0 
69.0 23.0 61.0 92.0 77.0 
69.0 23.0 61.0 92.0 77.0 
69.0 23.0 61.0 92.0 77.0 
69.0 23.0 61.0 92.0 77.0 
69.0 23.0 61.0 92.0 77.0 
69.0 23.0 61.0 92.0 77.0 
69.0 23.0 61.0 92.0 77.0 
69.0 23.0 61.0 92.0 77.0 
69.0 23.0 61.0 92.0 77.0 
69.0 23.0 61.0 92.0 77.0 
69.0 23.0 61.0 92.0 77.0 
69.0 23.0 61.0 92.0 77.0 
69.0 23.0 61.0 92.0 77.0 
69.0 23.0 61.0 92.0 77.0 
69.0 23.0 61.0 92.0 77.0 
69.0 23.0 61.0 92.0 77.0 
69.0 23.0 61.0 92.0 77.0 
69.0 23.0 61.0 92.0 77.0 
69.0 23.0 61.0 92.0 77.0 
69.0 23.0 61.0 92.0 77.0 
69.0 23.0 61.0 92.0 77.0 
69.0 23.0 61.0 92.0 77.0 
69.0 23.0 61.0 92.0 77.0 
69.0 23.0 61.0 92.0 77.0 
69.0 23.0 61.0 92.0 77.0 
69.0 23.0 61.0 92.0 77.0 
69.0 23.0 61.0 92.0 77.0 
69.0 23.0 61.0 92.0 77.0 
20.0 79.0 27.0 14.0 67.0 
20.0 79.0 27.0 14.0 67.0 
20.0 79.0 27.0 14.0 67.0 
20.0 79.0 27.0 14.0 67.0 
20.0 79.0 27.0 14.0 67.0 
20.0 79.0 27.0 14.0 67.0 
20.0 79.0 27.0 14.0 67.0 
20.0 79.0 27.0 14.0 67.0 
20.0 79.0 27.0 14.0 67.0 
20.0 79.0 27.0 14.0 67.0 
20.0 79.0 27.0 14.0 67.0 
20.0 79.0 27.0 14.0 67.0 
20.0 79.0 27.0 14.0 67.0 
20.0 79.0 27.0 14.0 67.0 
20.0 79.0 27.0 14.0 67.0 
20.0 79.0 27.0 14.0 67.0 
20.0 79.0 27.0 14.0 67.0 
20.0 79.0 27.0 14.0 67.0 
20.0 79.0 27.0 14.0 67.0 
20.0 79.0 27.0 14.0 67.0 
20.0 87.0 95.0 39.0 17.0 
20.0 87.0 95.0 39.0 17.0 
72.0 19.0 43.0 51.0 69.0 
33.0 78.0 59.0 20.0 60.0 
60.0 79.0 12.0 87.0 89.0 
15.0 61.0 100.0 14.0 46.0 
96.0 24.0 91.0 53.0 55.0 
31.0 62.0 92.0 100.0 33.0 
17.0 86.0 48.0 21.0 35.0 
17.0 86.0 48.0 21.0 35.0 
