62.0 95.0 19.0 
62.0 95.0 19.0 
62.0 95.0 19.0 
62.0 95.0 19.0 
62.0 95.0 19.0 
62.0 95.0 19.0 
62.0 95.0 19.0 
62.0 95.0 19.0 
62.0 95.0 19.0 
62.0 95.0 19.0 
62.0 95.0 19.0 
62.0 95.0 19.0 
62.0 95.0 19.0 
62.0 95.0 19.0 
62.0 95.0 19.0 
62.0 95.0 19.0 
62.0 95.0 19.0 
62.0 95.0 19.0 
62.0 95.0 19.0 
62.0 95.0 19.0 
62.0 95.0 19.0 
62.0 95.0 19.0 
62.0 95.0 19.0 
62.0 95.0 19.0 
62.0 95.0 19.0 
62.0 95.0 19.0 
62.0 95.0 19.0 
62.0 95.0 19.0 
62.0 95.0 19.0 
62.0 95.0 19.0 
62.0 95.0 19.0 
62.0 95.0 19.0 
62.0 95.0 19.0 
62.0 95.0 19.0 
62.0 95.0 19.0 
62.0 95.0 19.0 
62.0 95.0 19.0 
62.0 95.0 19.0 
62.0 95.0 19.0 
62.0 95.0 19.0 
62.0 95.0 19.0 
62.0 95.0 19.0 
62.0 95.0 19.0 
62.0 95.0 19.0 
33.0 97.0 46.0 
33.0 97.0 46.0 
33.0 97.0 46.0 
33.0 97.0 46.0 
33.0 97.0 46.0 
33.0 97.0 46.0 
33.0 97.0 46.0 
33.0 97.0 46.0 
33.0 97.0 46.0 
92.0 66.0 77.0 
92.0 66.0 77.0 
92.0 66.0 77.0 
92.0 66.0 77.0 
32.0 60.0 46.0 
42.0 64.0 56.0 
42.0 64.0 56.0 
42.0 64.0 56.0 
42.0 64.0 56.0 
42.0 64.0 56.0 
42.0 64.0 56.0 
42.0 64.0 56.0 
42.0 64.0 56.0 
42.0 64.0 56.0 
42.0 64.0 56.0 
19.0 18.0 89.0 
22.0 51.0 81.0 
22.0 51.0 81.0 
22.0 51.0 81.0 
88.0 50.0 59.0 
88.0 50.0 59.0 
88.0 50.0 59.0 
88.0 50.0 59.0 
88.0 50.0 59.0 
72.0 29.0 33.0 
47.0 18.0 84.0 
47.0 18.0 84.0 
