97.0 97.0 48.0 92.0 31.0 
97.0 97.0 48.0 92.0 31.0 
97.0 97.0 48.0 92.0 31.0 
97.0 97.0 48.0 92.0 31.0 
26.0 57.0 27.0 47.0 99.0 
26.0 57.0 27.0 47.0 99.0 
26.0 57.0 27.0 47.0 99.0 
26.0 57.0 27.0 47.0 99.0 
26.0 57.0 27.0 47.0 99.0 
26.0 57.0 27.0 47.0 99.0 
26.0 57.0 27.0 47.0 99.0 
26.0 57.0 27.0 47.0 99.0 
26.0 57.0 27.0 47.0 99.0 
26.0 57.0 27.0 47.0 99.0 
26.0 57.0 27.0 47.0 99.0 
26.0 57.0 27.0 47.0 99.0 
26.0 57.0 27.0 47.0 99.0 
26.0 57.0 27.0 47.0 99.0 
26.0 57.0 27.0 47.0 99.0 
26.0 57.0 27.0 47.0 99.0 
26.0 57.0 27.0 47.0 99.0 
26.0 57.0 27.0 47.0 99.0 
26.0 57.0 27.0 47.0 99.0 
26.0 57.0 27.0 47.0 99.0 
26.0 57.0 27.0 47.0 99.0 
26.0 57.0 27.0 47.0 99.0 
26.0 57.0 27.0 47.0 99.0 
26.0 57.0 27.0 47.0 99.0 
26.0 57.0 27.0 47.0 99.0 
26.0 57.0 27.0 47.0 99.0 
26.0 57.0 27.0 47.0 99.0 
26.0 57.0 27.0 47.0 99.0 
26.0 57.0 27.0 47.0 99.0 
26.0 57.0 27.0 47.0 99.0 
26.0 57.0 27.0 47.0 99.0 
26.0 57.0 27.0 47.0 99.0 
26.0 57.0 27.0 47.0 99.0 
26.0 57.0 27.0 47.0 99.0 
26.0 57.0 27.0 47.0 99.0 
26.0 57.0 27.0 47.0 99.0 
26.0 57.0 27.0 47.0 99.0 
28.0 21.0 98.0 47.0 87.0 
28.0 21.0 98.0 47.0 87.0 
28.0 21.0 98.0 47.0 87.0 
28.0 21.0 98.0 47.0 87.0 
24.0 25.0 60.0 11.0 75.0 
24.0 25.0 60.0 11.0 75.0 
24.0 25.0 60.0 11.0 75.0 
24.0 25.0 60.0 11.0 75.0 
24.0 25.0 60.0 11.0 75.0 
24.0 25.0 60.0 11.0 75.0 
24.0 25.0 60.0 11.0 75.0 
24.0 25.0 60.0 11.0 75.0 
24.0 25.0 60.0 11.0 75.0 
24.0 25.0 60.0 11.0 75.0 
24.0 25.0 60.0 11.0 75.0 
24.0 25.0 60.0 11.0 75.0 
24.0 25.0 60.0 11.0 75.0 
24.0 25.0 60.0 11.0 75.0 
24.0 25.0 60.0 11.0 75.0 
24.0 25.0 60.0 11.0 75.0 
23.0 92.0 64.0 58.0 95.0 
23.0 92.0 64.0 58.0 95.0 
23.0 92.0 64.0 58.0 95.0 
23.0 92.0 64.0 58.0 95.0 
23.0 92.0 64.0 58.0 95.0 
23.0 92.0 64.0 58.0 95.0 
23.0 92.0 64.0 58.0 95.0 
42.0 64.0 94.0 74.0 97.0 
42.0 64.0 94.0 74.0 97.0 
42.0 64.0 94.0 74.0 97.0 
42.0 64.0 94.0 74.0 97.0 
25.0 87.0 99.0 76.0 86.0 
83.0 89.0 45.0 16.0 18.0 
83.0 89.0 45.0 16.0 18.0 
17.0 34.0 34.0 88.0 68.0 
69.0 71.0 57.0 81.0 67.0 
69.0 71.0 57.0 81.0 67.0 
69.0 71.0 57.0 81.0 67.0 
69.0 71.0 57.0 81.0 67.0 
