95.0 74.0 38.0 84.0 
95.0 74.0 38.0 84.0 
95.0 74.0 38.0 84.0 
95.0 74.0 38.0 84.0 
95.0 74.0 38.0 84.0 
95.0 74.0 38.0 84.0 
95.0 74.0 38.0 84.0 
95.0 74.0 38.0 84.0 
95.0 74.0 38.0 84.0 
95.0 74.0 38.0 84.0 
95.0 74.0 38.0 84.0 
95.0 74.0 38.0 84.0 
95.0 74.0 38.0 84.0 
95.0 74.0 38.0 84.0 
24.0 34.0 62.0 63.0 
24.0 34.0 62.0 63.0 
24.0 34.0 62.0 63.0 
24.0 34.0 62.0 63.0 
24.0 34.0 62.0 63.0 
24.0 34.0 62.0 63.0 
24.0 34.0 62.0 63.0 
24.0 34.0 62.0 63.0 
24.0 34.0 62.0 63.0 
24.0 34.0 62.0 63.0 
24.0 34.0 62.0 63.0 
24.0 34.0 62.0 63.0 
24.0 34.0 62.0 63.0 
24.0 34.0 62.0 63.0 
24.0 34.0 62.0 63.0 
24.0 34.0 62.0 63.0 
24.0 34.0 62.0 63.0 
24.0 34.0 62.0 63.0 
24.0 34.0 62.0 63.0 
24.0 34.0 62.0 63.0 
24.0 34.0 62.0 63.0 
24.0 34.0 62.0 63.0 
24.0 34.0 62.0 63.0 
24.0 34.0 62.0 63.0 
24.0 34.0 62.0 63.0 
24.0 34.0 62.0 63.0 
24.0 34.0 62.0 63.0 
24.0 34.0 62.0 63.0 
24.0 34.0 62.0 63.0 
24.0 34.0 62.0 63.0 
24.0 34.0 62.0 63.0 
24.0 34.0 62.0 63.0 
24.0 34.0 62.0 63.0 
24.0 34.0 62.0 63.0 
24.0 34.0 62.0 63.0 
24.0 34.0 62.0 63.0 
24.0 34.0 62.0 63.0 
24.0 34.0 62.0 63.0 
24.0 34.0 62.0 63.0 
24.0 34.0 62.0 63.0 
24.0 34.0 62.0 63.0 
24.0 34.0 62.0 63.0 
24.0 34.0 62.0 63.0 
28.0 54.0 61.0 68.0 
28.0 54.0 61.0 68.0 
28.0 54.0 61.0 68.0 
28.0 54.0 61.0 68.0 
28.0 54.0 61.0 68.0 
28.0 54.0 61.0 68.0 
28.0 54.0 61.0 68.0 
28.0 54.0 61.0 68.0 
28.0 54.0 61.0 68.0 
72.0 85.0 83.0 67.0 
72.0 85.0 83.0 67.0 
72.0 85.0 83.0 67.0 
23.0 84.0 95.0 11.0 
16.0 36.0 78.0 41.0 
16.0 36.0 78.0 41.0 
16.0 36.0 78.0 41.0 
16.0 36.0 78.0 41.0 
16.0 36.0 78.0 41.0 
39.0 96.0 61.0 15.0 
29.0 19.0 23.0 28.0 
87.0 59.0 51.0 92.0 
54.0 68.0 90.0 13.0 
54.0 68.0 90.0 13.0 
