47.0 45.0 100.0 36.0 
47.0 45.0 100.0 36.0 
47.0 45.0 100.0 36.0 
47.0 45.0 100.0 36.0 
47.0 45.0 100.0 36.0 
47.0 45.0 100.0 36.0 
47.0 45.0 100.0 36.0 
47.0 45.0 100.0 36.0 
47.0 45.0 100.0 36.0 
47.0 45.0 100.0 36.0 
47.0 45.0 100.0 36.0 
47.0 45.0 100.0 36.0 
47.0 45.0 100.0 36.0 
47.0 45.0 100.0 36.0 
47.0 45.0 100.0 36.0 
47.0 45.0 100.0 36.0 
47.0 45.0 100.0 36.0 
47.0 45.0 100.0 36.0 
47.0 45.0 100.0 36.0 
47.0 45.0 100.0 36.0 
47.0 45.0 100.0 36.0 
47.0 45.0 100.0 36.0 
47.0 45.0 100.0 36.0 
47.0 45.0 100.0 36.0 
47.0 45.0 100.0 36.0 
47.0 45.0 100.0 36.0 
47.0 45.0 100.0 36.0 
47.0 45.0 100.0 36.0 
41.0 68.0 55.0 46.0 
41.0 68.0 55.0 46.0 
41.0 68.0 55.0 46.0 
41.0 68.0 55.0 46.0 
41.0 68.0 55.0 46.0 
41.0 68.0 55.0 46.0 
41.0 68.0 55.0 46.0 
41.0 68.0 55.0 46.0 
41.0 68.0 55.0 46.0 
41.0 68.0 55.0 46.0 
41.0 68.0 55.0 46.0 
41.0 68.0 55.0 46.0 
41.0 68.0 55.0 46.0 
41.0 68.0 55.0 46.0 
41.0 68.0 55.0 46.0 
41.0 68.0 55.0 46.0 
41.0 68.0 55.0 46.0 
41.0 68.0 55.0 46.0 
41.0 68.0 55.0 46.0 
41.0 68.0 55.0 46.0 
41.0 68.0 55.0 46.0 
41.0 68.0 55.0 46.0 
41.0 68.0 55.0 46.0 
41.0 68.0 55.0 46.0 
41.0 68.0 55.0 46.0 
41.0 68.0 55.0 46.0 
41.0 68.0 55.0 46.0 
41.0 68.0 55.0 46.0 
41.0 68.0 55.0 46.0 
41.0 68.0 55.0 46.0 
41.0 68.0 55.0 46.0 
41.0 68.0 55.0 46.0 
41.0 68.0 55.0 46.0 
41.0 68.0 55.0 46.0 
41.0 68.0 55.0 46.0 
41.0 68.0 55.0 46.0 
41.0 68.0 55.0 46.0 
41.0 68.0 55.0 46.0 
47.0 49.0 25.0 75.0 
47.0 49.0 25.0 75.0 
47.0 49.0 25.0 75.0 
47.0 49.0 25.0 75.0 
47.0 49.0 25.0 75.0 
47.0 49.0 25.0 75.0 
47.0 49.0 25.0 75.0 
47.0 49.0 25.0 75.0 
47.0 49.0 25.0 75.0 
47.0 49.0 25.0 75.0 
47.0 49.0 25.0 75.0 
86.0 46.0 17.0 59.0 
86.0 46.0 17.0 59.0 
86.0 46.0 17.0 59.0 
