76.0 37.0 11.0 
76.0 37.0 11.0 
76.0 37.0 11.0 
76.0 37.0 11.0 
76.0 37.0 11.0 
76.0 37.0 11.0 
76.0 37.0 11.0 
76.0 37.0 11.0 
76.0 37.0 11.0 
76.0 37.0 11.0 
76.0 37.0 11.0 
76.0 37.0 11.0 
76.0 37.0 11.0 
76.0 37.0 11.0 
76.0 37.0 11.0 
76.0 37.0 11.0 
76.0 37.0 11.0 
76.0 37.0 11.0 
76.0 37.0 11.0 
76.0 37.0 11.0 
76.0 37.0 11.0 
76.0 37.0 11.0 
76.0 37.0 11.0 
76.0 37.0 11.0 
76.0 37.0 11.0 
76.0 37.0 11.0 
76.0 37.0 11.0 
76.0 37.0 11.0 
76.0 37.0 11.0 
76.0 37.0 11.0 
76.0 37.0 11.0 
76.0 37.0 11.0 
76.0 37.0 11.0 
76.0 37.0 11.0 
76.0 37.0 11.0 
76.0 37.0 11.0 
76.0 37.0 11.0 
76.0 37.0 11.0 
76.0 37.0 11.0 
76.0 37.0 11.0 
76.0 37.0 11.0 
76.0 37.0 11.0 
15.0 50.0 13.0 
15.0 50.0 13.0 
15.0 50.0 13.0 
15.0 50.0 13.0 
15.0 50.0 13.0 
15.0 50.0 13.0 
15.0 50.0 13.0 
15.0 50.0 13.0 
15.0 50.0 13.0 
15.0 50.0 13.0 
56.0 96.0 22.0 
56.0 96.0 22.0 
56.0 96.0 22.0 
56.0 96.0 22.0 
56.0 96.0 22.0 
56.0 96.0 22.0 
56.0 96.0 22.0 
56.0 96.0 22.0 
56.0 96.0 22.0 
56.0 96.0 22.0 
56.0 96.0 22.0 
56.0 96.0 22.0 
54.0 93.0 64.0 
54.0 93.0 64.0 
54.0 93.0 64.0 
54.0 93.0 64.0 
54.0 93.0 64.0 
54.0 93.0 64.0 
54.0 93.0 64.0 
54.0 93.0 64.0 
54.0 93.0 64.0 
54.0 93.0 64.0 
54.0 93.0 64.0 
54.0 93.0 64.0 
54.0 93.0 64.0 
54.0 93.0 64.0 
54.0 93.0 64.0 
54.0 93.0 64.0 
