55.0 98.0 81.0 42.0 28.0 
55.0 98.0 81.0 42.0 28.0 
58.0 14.0 80.0 60.0 80.0 
58.0 14.0 80.0 60.0 80.0 
58.0 14.0 80.0 60.0 80.0 
58.0 14.0 80.0 60.0 80.0 
58.0 14.0 80.0 60.0 80.0 
58.0 14.0 80.0 60.0 80.0 
58.0 14.0 80.0 60.0 80.0 
58.0 14.0 80.0 60.0 80.0 
58.0 14.0 80.0 60.0 80.0 
58.0 14.0 80.0 60.0 80.0 
58.0 14.0 80.0 60.0 80.0 
58.0 14.0 80.0 60.0 80.0 
58.0 14.0 80.0 60.0 80.0 
58.0 14.0 80.0 60.0 80.0 
58.0 14.0 80.0 60.0 80.0 
58.0 14.0 80.0 60.0 80.0 
58.0 14.0 80.0 60.0 80.0 
58.0 14.0 80.0 60.0 80.0 
58.0 14.0 80.0 60.0 80.0 
58.0 14.0 80.0 60.0 80.0 
58.0 14.0 80.0 60.0 80.0 
58.0 14.0 80.0 60.0 80.0 
58.0 14.0 80.0 60.0 80.0 
58.0 14.0 80.0 60.0 80.0 
58.0 14.0 80.0 60.0 80.0 
58.0 14.0 80.0 60.0 80.0 
58.0 14.0 80.0 60.0 80.0 
58.0 14.0 80.0 60.0 80.0 
58.0 14.0 80.0 60.0 80.0 
58.0 14.0 80.0 60.0 80.0 
58.0 14.0 80.0 60.0 80.0 
58.0 14.0 80.0 60.0 80.0 
58.0 14.0 80.0 60.0 80.0 
58.0 14.0 80.0 60.0 80.0 
58.0 14.0 80.0 60.0 80.0 
58.0 14.0 80.0 60.0 80.0 
58.0 14.0 80.0 60.0 80.0 
58.0 14.0 80.0 60.0 80.0 
58.0 14.0 80.0 60.0 80.0 
44.0 81.0 47.0 74.0 50.0 
44.0 81.0 47.0 74.0 50.0 
44.0 81.0 47.0 74.0 50.0 
44.0 81.0 47.0 74.0 50.0 
44.0 81.0 47.0 74.0 50.0 
44.0 81.0 47.0 74.0 50.0 
87.0 95.0 22.0 52.0 61.0 
87.0 95.0 22.0 52.0 61.0 
87.0 95.0 22.0 52.0 61.0 
87.0 95.0 22.0 52.0 61.0 
87.0 95.0 22.0 52.0 61.0 
87.0 95.0 22.0 52.0 61.0 
87.0 95.0 22.0 52.0 61.0 
87.0 95.0 22.0 52.0 61.0 
87.0 95.0 22.0 52.0 61.0 
87.0 95.0 22.0 52.0 61.0 
87.0 95.0 22.0 52.0 61.0 
87.0 95.0 22.0 52.0 61.0 
87.0 95.0 22.0 52.0 61.0 
87.0 95.0 22.0 52.0 61.0 
87.0 95.0 22.0 52.0 61.0 
87.0 95.0 22.0 52.0 61.0 
87.0 95.0 22.0 52.0 61.0 
87.0 95.0 22.0 52.0 61.0 
87.0 95.0 22.0 52.0 61.0 
87.0 95.0 22.0 52.0 61.0 
87.0 95.0 22.0 52.0 61.0 
87.0 95.0 22.0 52.0 61.0 
87.0 95.0 22.0 52.0 61.0 
87.0 95.0 22.0 52.0 61.0 
87.0 95.0 22.0 52.0 61.0 
87.0 95.0 22.0 52.0 61.0 
87.0 95.0 22.0 52.0 61.0 
87.0 95.0 22.0 52.0 61.0 
87.0 95.0 22.0 52.0 61.0 
87.0 95.0 22.0 52.0 61.0 
87.0 95.0 22.0 52.0 61.0 
87.0 95.0 22.0 52.0 61.0 
87.0 95.0 22.0 52.0 61.0 
