95.0 49.0 75.0 74.0 62.0 
95.0 49.0 75.0 74.0 62.0 
95.0 49.0 75.0 74.0 62.0 
95.0 49.0 75.0 74.0 62.0 
95.0 49.0 75.0 74.0 62.0 
95.0 49.0 75.0 74.0 62.0 
95.0 49.0 75.0 74.0 62.0 
95.0 49.0 75.0 74.0 62.0 
95.0 49.0 75.0 74.0 62.0 
95.0 49.0 75.0 74.0 62.0 
95.0 49.0 75.0 74.0 62.0 
95.0 49.0 75.0 74.0 62.0 
95.0 49.0 75.0 74.0 62.0 
95.0 49.0 75.0 74.0 62.0 
95.0 49.0 75.0 74.0 62.0 
95.0 49.0 75.0 74.0 62.0 
95.0 49.0 75.0 74.0 62.0 
95.0 49.0 75.0 74.0 62.0 
95.0 49.0 75.0 74.0 62.0 
95.0 49.0 75.0 74.0 62.0 
95.0 49.0 75.0 74.0 62.0 
95.0 49.0 75.0 74.0 62.0 
95.0 49.0 75.0 74.0 62.0 
95.0 49.0 75.0 74.0 62.0 
95.0 49.0 75.0 74.0 62.0 
95.0 49.0 75.0 74.0 62.0 
95.0 49.0 75.0 74.0 62.0 
95.0 49.0 75.0 74.0 62.0 
95.0 49.0 75.0 74.0 62.0 
95.0 49.0 75.0 74.0 62.0 
95.0 49.0 75.0 74.0 62.0 
95.0 49.0 75.0 74.0 62.0 
95.0 49.0 75.0 74.0 62.0 
95.0 49.0 75.0 74.0 62.0 
95.0 49.0 75.0 74.0 62.0 
95.0 49.0 75.0 74.0 62.0 
95.0 49.0 75.0 74.0 62.0 
95.0 49.0 75.0 74.0 62.0 
95.0 49.0 75.0 74.0 62.0 
95.0 49.0 75.0 74.0 62.0 
95.0 49.0 75.0 74.0 62.0 
95.0 49.0 75.0 74.0 62.0 
95.0 49.0 75.0 74.0 62.0 
95.0 49.0 75.0 74.0 62.0 
95.0 49.0 75.0 74.0 62.0 
95.0 49.0 75.0 74.0 62.0 
95.0 49.0 75.0 74.0 62.0 
95.0 49.0 75.0 74.0 62.0 
95.0 49.0 75.0 74.0 62.0 
95.0 49.0 75.0 74.0 62.0 
95.0 49.0 75.0 74.0 62.0 
95.0 49.0 75.0 74.0 62.0 
95.0 49.0 75.0 74.0 62.0 
40.0 56.0 22.0 58.0 22.0 
40.0 56.0 22.0 58.0 22.0 
40.0 56.0 22.0 58.0 22.0 
40.0 56.0 22.0 58.0 22.0 
40.0 56.0 22.0 58.0 22.0 
40.0 56.0 22.0 58.0 22.0 
40.0 56.0 22.0 58.0 22.0 
40.0 56.0 22.0 58.0 22.0 
40.0 56.0 22.0 58.0 22.0 
40.0 56.0 22.0 58.0 22.0 
40.0 56.0 22.0 58.0 22.0 
42.0 51.0 70.0 95.0 45.0 
42.0 51.0 70.0 95.0 45.0 
42.0 51.0 70.0 95.0 45.0 
14.0 30.0 39.0 43.0 11.0 
14.0 30.0 39.0 43.0 11.0 
14.0 30.0 39.0 43.0 11.0 
14.0 30.0 39.0 43.0 11.0 
14.0 30.0 39.0 43.0 11.0 
14.0 30.0 39.0 43.0 11.0 
14.0 30.0 39.0 43.0 11.0 
14.0 30.0 39.0 43.0 11.0 
14.0 30.0 39.0 43.0 11.0 
14.0 30.0 39.0 43.0 11.0 
14.0 30.0 39.0 43.0 11.0 
14.0 30.0 39.0 43.0 11.0 
14.0 30.0 39.0 43.0 11.0 
