91.0 22.0 89.0 
91.0 22.0 89.0 
91.0 22.0 89.0 
91.0 22.0 89.0 
91.0 22.0 89.0 
91.0 22.0 89.0 
91.0 22.0 89.0 
91.0 22.0 89.0 
91.0 22.0 89.0 
91.0 22.0 89.0 
91.0 22.0 89.0 
91.0 22.0 89.0 
91.0 22.0 89.0 
91.0 22.0 89.0 
91.0 22.0 89.0 
91.0 22.0 89.0 
91.0 22.0 89.0 
91.0 22.0 89.0 
91.0 22.0 89.0 
91.0 22.0 89.0 
91.0 22.0 89.0 
91.0 22.0 89.0 
91.0 22.0 89.0 
91.0 22.0 89.0 
91.0 22.0 89.0 
91.0 22.0 89.0 
91.0 22.0 89.0 
91.0 22.0 89.0 
91.0 22.0 89.0 
91.0 22.0 89.0 
91.0 22.0 89.0 
91.0 22.0 89.0 
91.0 22.0 89.0 
91.0 22.0 89.0 
91.0 22.0 89.0 
91.0 22.0 89.0 
91.0 22.0 89.0 
91.0 22.0 89.0 
91.0 22.0 89.0 
91.0 22.0 89.0 
91.0 22.0 89.0 
91.0 22.0 89.0 
91.0 22.0 89.0 
91.0 22.0 89.0 
91.0 22.0 89.0 
91.0 22.0 89.0 
91.0 22.0 89.0 
91.0 22.0 89.0 
91.0 22.0 89.0 
91.0 22.0 89.0 
91.0 22.0 89.0 
91.0 22.0 89.0 
91.0 22.0 89.0 
91.0 22.0 89.0 
91.0 22.0 89.0 
91.0 22.0 89.0 
91.0 22.0 89.0 
91.0 22.0 89.0 
91.0 22.0 89.0 
91.0 22.0 89.0 
91.0 22.0 89.0 
91.0 22.0 89.0 
91.0 22.0 89.0 
91.0 22.0 89.0 
91.0 22.0 89.0 
27.0 26.0 70.0 
27.0 26.0 70.0 
27.0 26.0 70.0 
27.0 26.0 70.0 
27.0 26.0 70.0 
27.0 26.0 70.0 
73.0 82.0 79.0 
95.0 75.0 11.0 
95.0 75.0 11.0 
95.0 75.0 11.0 
95.0 75.0 11.0 
95.0 75.0 11.0 
95.0 75.0 11.0 
95.0 75.0 11.0 
95.0 75.0 11.0 
