14.0 69.0 51.0 49.0 77.0 
14.0 69.0 51.0 49.0 77.0 
67.0 49.0 90.0 57.0 67.0 
67.0 49.0 90.0 57.0 67.0 
67.0 49.0 90.0 57.0 67.0 
67.0 49.0 90.0 57.0 67.0 
67.0 49.0 90.0 57.0 67.0 
67.0 49.0 90.0 57.0 67.0 
67.0 49.0 90.0 57.0 67.0 
67.0 49.0 90.0 57.0 67.0 
67.0 49.0 90.0 57.0 67.0 
67.0 49.0 90.0 57.0 67.0 
55.0 42.0 91.0 47.0 83.0 
55.0 42.0 91.0 47.0 83.0 
55.0 42.0 91.0 47.0 83.0 
55.0 42.0 91.0 47.0 83.0 
55.0 42.0 91.0 47.0 83.0 
55.0 42.0 91.0 47.0 83.0 
55.0 42.0 91.0 47.0 83.0 
55.0 42.0 91.0 47.0 83.0 
55.0 42.0 91.0 47.0 83.0 
55.0 42.0 91.0 47.0 83.0 
55.0 42.0 91.0 47.0 83.0 
55.0 42.0 91.0 47.0 83.0 
55.0 42.0 91.0 47.0 83.0 
55.0 42.0 91.0 47.0 83.0 
55.0 42.0 91.0 47.0 83.0 
55.0 42.0 91.0 47.0 83.0 
55.0 42.0 91.0 47.0 83.0 
55.0 42.0 91.0 47.0 83.0 
55.0 42.0 91.0 47.0 83.0 
55.0 42.0 91.0 47.0 83.0 
55.0 42.0 91.0 47.0 83.0 
55.0 42.0 91.0 47.0 83.0 
55.0 42.0 91.0 47.0 83.0 
55.0 42.0 91.0 47.0 83.0 
55.0 42.0 91.0 47.0 83.0 
55.0 42.0 91.0 47.0 83.0 
55.0 42.0 91.0 47.0 83.0 
55.0 42.0 91.0 47.0 83.0 
55.0 42.0 91.0 47.0 83.0 
55.0 42.0 91.0 47.0 83.0 
55.0 42.0 91.0 47.0 83.0 
55.0 42.0 91.0 47.0 83.0 
55.0 42.0 91.0 47.0 83.0 
55.0 42.0 91.0 47.0 83.0 
55.0 42.0 91.0 47.0 83.0 
55.0 42.0 91.0 47.0 83.0 
55.0 42.0 91.0 47.0 83.0 
55.0 42.0 91.0 47.0 83.0 
55.0 42.0 91.0 47.0 83.0 
55.0 42.0 91.0 47.0 83.0 
55.0 42.0 91.0 47.0 83.0 
55.0 42.0 91.0 47.0 83.0 
55.0 42.0 91.0 47.0 83.0 
55.0 42.0 91.0 47.0 83.0 
55.0 42.0 91.0 47.0 83.0 
55.0 42.0 91.0 47.0 83.0 
55.0 42.0 91.0 47.0 83.0 
55.0 42.0 91.0 47.0 83.0 
55.0 42.0 91.0 47.0 83.0 
55.0 42.0 91.0 47.0 83.0 
55.0 42.0 91.0 47.0 83.0 
55.0 42.0 91.0 47.0 83.0 
55.0 42.0 91.0 47.0 83.0 
55.0 42.0 91.0 47.0 83.0 
55.0 42.0 91.0 47.0 83.0 
55.0 42.0 91.0 47.0 83.0 
55.0 42.0 91.0 47.0 83.0 
55.0 42.0 91.0 47.0 83.0 
55.0 42.0 91.0 47.0 83.0 
55.0 42.0 91.0 47.0 83.0 
55.0 42.0 91.0 47.0 83.0 
46.0 68.0 81.0 79.0 72.0 
46.0 68.0 81.0 79.0 72.0 
46.0 68.0 81.0 79.0 72.0 
46.0 68.0 81.0 79.0 72.0 
46.0 68.0 81.0 79.0 72.0 
46.0 68.0 81.0 79.0 72.0 
46.0 68.0 81.0 79.0 72.0 
