43.0 65.0 42.0 78.0 
43.0 65.0 42.0 78.0 
43.0 65.0 42.0 78.0 
43.0 65.0 42.0 78.0 
43.0 65.0 42.0 78.0 
43.0 65.0 42.0 78.0 
43.0 65.0 42.0 78.0 
43.0 65.0 42.0 78.0 
43.0 65.0 42.0 78.0 
43.0 65.0 42.0 78.0 
43.0 65.0 42.0 78.0 
43.0 65.0 42.0 78.0 
43.0 65.0 42.0 78.0 
43.0 65.0 42.0 78.0 
43.0 65.0 42.0 78.0 
43.0 65.0 42.0 78.0 
43.0 65.0 42.0 78.0 
43.0 65.0 42.0 78.0 
43.0 65.0 42.0 78.0 
43.0 65.0 42.0 78.0 
43.0 65.0 42.0 78.0 
43.0 65.0 42.0 78.0 
43.0 65.0 42.0 78.0 
43.0 65.0 42.0 78.0 
43.0 65.0 42.0 78.0 
43.0 65.0 42.0 78.0 
43.0 65.0 42.0 78.0 
43.0 65.0 42.0 78.0 
43.0 65.0 42.0 78.0 
43.0 65.0 42.0 78.0 
43.0 65.0 42.0 78.0 
43.0 65.0 42.0 78.0 
43.0 65.0 42.0 78.0 
43.0 65.0 42.0 78.0 
43.0 65.0 42.0 78.0 
43.0 65.0 42.0 78.0 
43.0 65.0 42.0 78.0 
91.0 94.0 44.0 34.0 
91.0 94.0 44.0 34.0 
91.0 94.0 44.0 34.0 
91.0 94.0 44.0 34.0 
91.0 94.0 44.0 34.0 
91.0 94.0 44.0 34.0 
91.0 94.0 44.0 34.0 
91.0 94.0 44.0 34.0 
91.0 94.0 44.0 34.0 
91.0 94.0 44.0 34.0 
91.0 94.0 44.0 34.0 
91.0 94.0 44.0 34.0 
91.0 94.0 44.0 34.0 
91.0 94.0 44.0 34.0 
91.0 94.0 44.0 34.0 
91.0 94.0 44.0 34.0 
91.0 94.0 44.0 34.0 
91.0 94.0 44.0 34.0 
91.0 94.0 44.0 34.0 
91.0 94.0 44.0 34.0 
91.0 94.0 44.0 34.0 
91.0 94.0 44.0 34.0 
91.0 94.0 44.0 34.0 
91.0 94.0 44.0 34.0 
91.0 94.0 44.0 34.0 
91.0 94.0 44.0 34.0 
56.0 68.0 59.0 49.0 
56.0 68.0 59.0 49.0 
56.0 68.0 59.0 49.0 
56.0 68.0 59.0 49.0 
56.0 68.0 59.0 49.0 
56.0 68.0 59.0 49.0 
56.0 68.0 59.0 49.0 
56.0 68.0 59.0 49.0 
56.0 68.0 59.0 49.0 
63.0 52.0 86.0 25.0 
63.0 52.0 86.0 25.0 
63.0 52.0 86.0 25.0 
63.0 52.0 86.0 25.0 
63.0 52.0 86.0 25.0 
63.0 52.0 86.0 25.0 
63.0 52.0 86.0 25.0 
63.0 52.0 86.0 25.0 
