92.0 55.0 93.0 
92.0 55.0 93.0 
92.0 55.0 93.0 
92.0 55.0 93.0 
92.0 55.0 93.0 
92.0 55.0 93.0 
92.0 55.0 93.0 
92.0 55.0 93.0 
92.0 55.0 93.0 
92.0 55.0 93.0 
92.0 55.0 93.0 
92.0 55.0 93.0 
92.0 55.0 93.0 
92.0 55.0 93.0 
92.0 55.0 93.0 
92.0 55.0 93.0 
92.0 55.0 93.0 
92.0 55.0 93.0 
92.0 55.0 93.0 
92.0 55.0 93.0 
92.0 55.0 93.0 
92.0 55.0 93.0 
92.0 55.0 93.0 
92.0 55.0 93.0 
92.0 55.0 93.0 
92.0 55.0 93.0 
92.0 55.0 93.0 
92.0 55.0 93.0 
40.0 58.0 89.0 
40.0 58.0 89.0 
40.0 58.0 89.0 
40.0 58.0 89.0 
40.0 58.0 89.0 
40.0 58.0 89.0 
40.0 58.0 89.0 
40.0 58.0 89.0 
40.0 58.0 89.0 
40.0 58.0 89.0 
40.0 58.0 89.0 
40.0 58.0 89.0 
40.0 58.0 89.0 
40.0 58.0 89.0 
40.0 58.0 89.0 
40.0 58.0 89.0 
40.0 58.0 89.0 
40.0 58.0 89.0 
40.0 58.0 89.0 
40.0 58.0 89.0 
40.0 58.0 89.0 
40.0 58.0 89.0 
40.0 58.0 89.0 
40.0 58.0 89.0 
40.0 58.0 89.0 
40.0 58.0 89.0 
40.0 58.0 89.0 
40.0 58.0 89.0 
40.0 58.0 89.0 
40.0 58.0 89.0 
40.0 58.0 89.0 
40.0 58.0 89.0 
40.0 58.0 89.0 
40.0 58.0 89.0 
40.0 58.0 89.0 
40.0 58.0 89.0 
40.0 58.0 89.0 
40.0 58.0 89.0 
40.0 58.0 89.0 
40.0 58.0 89.0 
40.0 58.0 89.0 
40.0 58.0 89.0 
40.0 58.0 89.0 
40.0 58.0 89.0 
76.0 32.0 45.0 
76.0 32.0 45.0 
46.0 84.0 51.0 
46.0 84.0 51.0 
46.0 84.0 51.0 
46.0 84.0 51.0 
46.0 84.0 51.0 
46.0 84.0 51.0 
