20.0 34.0 72.0 86.0 55.0 
20.0 34.0 72.0 86.0 55.0 
20.0 34.0 72.0 86.0 55.0 
20.0 34.0 72.0 86.0 55.0 
20.0 34.0 72.0 86.0 55.0 
20.0 34.0 72.0 86.0 55.0 
20.0 34.0 72.0 86.0 55.0 
20.0 34.0 72.0 86.0 55.0 
20.0 34.0 72.0 86.0 55.0 
20.0 34.0 72.0 86.0 55.0 
20.0 34.0 72.0 86.0 55.0 
20.0 34.0 72.0 86.0 55.0 
20.0 34.0 72.0 86.0 55.0 
20.0 34.0 72.0 86.0 55.0 
20.0 34.0 72.0 86.0 55.0 
20.0 34.0 72.0 86.0 55.0 
20.0 34.0 72.0 86.0 55.0 
20.0 34.0 72.0 86.0 55.0 
20.0 34.0 72.0 86.0 55.0 
20.0 34.0 72.0 86.0 55.0 
20.0 34.0 72.0 86.0 55.0 
20.0 34.0 72.0 86.0 55.0 
20.0 34.0 72.0 86.0 55.0 
20.0 34.0 72.0 86.0 55.0 
20.0 34.0 72.0 86.0 55.0 
20.0 34.0 72.0 86.0 55.0 
20.0 34.0 72.0 86.0 55.0 
20.0 34.0 72.0 86.0 55.0 
20.0 34.0 72.0 86.0 55.0 
91.0 92.0 97.0 54.0 44.0 
91.0 92.0 97.0 54.0 44.0 
91.0 92.0 97.0 54.0 44.0 
91.0 92.0 97.0 54.0 44.0 
91.0 92.0 97.0 54.0 44.0 
91.0 92.0 97.0 54.0 44.0 
91.0 92.0 97.0 54.0 44.0 
91.0 92.0 97.0 54.0 44.0 
91.0 92.0 97.0 54.0 44.0 
91.0 92.0 97.0 54.0 44.0 
91.0 92.0 97.0 54.0 44.0 
91.0 92.0 97.0 54.0 44.0 
91.0 92.0 97.0 54.0 44.0 
91.0 92.0 97.0 54.0 44.0 
91.0 92.0 97.0 54.0 44.0 
91.0 92.0 97.0 54.0 44.0 
91.0 92.0 97.0 54.0 44.0 
91.0 92.0 97.0 54.0 44.0 
91.0 92.0 97.0 54.0 44.0 
91.0 92.0 97.0 54.0 44.0 
91.0 92.0 97.0 54.0 44.0 
23.0 77.0 79.0 16.0 88.0 
23.0 77.0 79.0 16.0 88.0 
23.0 77.0 79.0 16.0 88.0 
23.0 77.0 79.0 16.0 88.0 
23.0 77.0 79.0 16.0 88.0 
23.0 77.0 79.0 16.0 88.0 
23.0 77.0 79.0 16.0 88.0 
23.0 77.0 79.0 16.0 88.0 
23.0 77.0 79.0 16.0 88.0 
23.0 77.0 79.0 16.0 88.0 
23.0 77.0 79.0 16.0 88.0 
23.0 77.0 79.0 16.0 88.0 
23.0 77.0 79.0 16.0 88.0 
23.0 77.0 79.0 16.0 88.0 
23.0 77.0 79.0 16.0 88.0 
23.0 77.0 79.0 16.0 88.0 
42.0 70.0 33.0 47.0 47.0 
42.0 70.0 33.0 47.0 47.0 
42.0 70.0 33.0 47.0 47.0 
42.0 70.0 33.0 47.0 47.0 
42.0 70.0 33.0 47.0 47.0 
42.0 70.0 33.0 47.0 47.0 
42.0 70.0 33.0 47.0 47.0 
42.0 70.0 33.0 47.0 47.0 
42.0 70.0 33.0 47.0 47.0 
42.0 70.0 33.0 47.0 47.0 
42.0 70.0 33.0 47.0 47.0 
42.0 70.0 33.0 47.0 47.0 
42.0 70.0 33.0 47.0 47.0 
42.0 70.0 33.0 47.0 47.0 
