78.0 14.0 89.0 43.0 
78.0 14.0 89.0 43.0 
78.0 14.0 89.0 43.0 
78.0 14.0 89.0 43.0 
78.0 14.0 89.0 43.0 
78.0 14.0 89.0 43.0 
78.0 14.0 89.0 43.0 
78.0 14.0 89.0 43.0 
78.0 14.0 89.0 43.0 
78.0 14.0 89.0 43.0 
78.0 14.0 89.0 43.0 
78.0 14.0 89.0 43.0 
78.0 14.0 89.0 43.0 
78.0 14.0 89.0 43.0 
78.0 14.0 89.0 43.0 
78.0 14.0 89.0 43.0 
78.0 14.0 89.0 43.0 
78.0 14.0 89.0 43.0 
78.0 14.0 89.0 43.0 
78.0 14.0 89.0 43.0 
78.0 14.0 89.0 43.0 
78.0 14.0 89.0 43.0 
78.0 14.0 89.0 43.0 
78.0 14.0 89.0 43.0 
78.0 14.0 89.0 43.0 
78.0 14.0 89.0 43.0 
78.0 14.0 89.0 43.0 
78.0 14.0 89.0 43.0 
78.0 14.0 89.0 43.0 
78.0 14.0 89.0 43.0 
78.0 14.0 89.0 43.0 
78.0 14.0 89.0 43.0 
78.0 14.0 89.0 43.0 
78.0 14.0 89.0 43.0 
78.0 14.0 89.0 43.0 
78.0 14.0 89.0 43.0 
78.0 14.0 89.0 43.0 
78.0 14.0 89.0 43.0 
78.0 14.0 89.0 43.0 
78.0 14.0 89.0 43.0 
78.0 14.0 89.0 43.0 
78.0 14.0 89.0 43.0 
78.0 14.0 89.0 43.0 
78.0 14.0 89.0 43.0 
78.0 14.0 89.0 43.0 
78.0 14.0 89.0 43.0 
78.0 14.0 89.0 43.0 
78.0 14.0 89.0 43.0 
78.0 14.0 89.0 43.0 
78.0 14.0 89.0 43.0 
78.0 14.0 89.0 43.0 
78.0 14.0 89.0 43.0 
78.0 14.0 89.0 43.0 
78.0 14.0 89.0 43.0 
78.0 14.0 89.0 43.0 
78.0 14.0 89.0 43.0 
78.0 14.0 89.0 43.0 
78.0 14.0 89.0 43.0 
78.0 14.0 89.0 43.0 
94.0 70.0 26.0 85.0 
94.0 70.0 26.0 85.0 
22.0 30.0 22.0 75.0 
22.0 30.0 22.0 75.0 
22.0 30.0 22.0 75.0 
22.0 30.0 22.0 75.0 
22.0 30.0 22.0 75.0 
22.0 30.0 22.0 75.0 
22.0 30.0 22.0 75.0 
22.0 30.0 22.0 75.0 
22.0 30.0 22.0 75.0 
22.0 30.0 22.0 75.0 
22.0 30.0 22.0 75.0 
22.0 30.0 22.0 75.0 
22.0 30.0 22.0 75.0 
22.0 30.0 22.0 75.0 
21.0 96.0 60.0 16.0 
21.0 96.0 60.0 16.0 
21.0 96.0 60.0 16.0 
21.0 96.0 60.0 16.0 
21.0 96.0 60.0 16.0 
