68.0 94.0 47.0 
68.0 94.0 47.0 
68.0 94.0 47.0 
68.0 94.0 47.0 
68.0 94.0 47.0 
68.0 94.0 47.0 
35.0 45.0 78.0 
35.0 45.0 78.0 
27.0 51.0 97.0 
27.0 51.0 97.0 
27.0 51.0 97.0 
27.0 51.0 97.0 
27.0 51.0 97.0 
27.0 51.0 97.0 
27.0 51.0 97.0 
27.0 51.0 97.0 
27.0 51.0 97.0 
27.0 51.0 97.0 
27.0 51.0 97.0 
27.0 51.0 97.0 
27.0 51.0 97.0 
27.0 51.0 97.0 
27.0 51.0 97.0 
27.0 51.0 97.0 
27.0 51.0 97.0 
27.0 51.0 97.0 
27.0 51.0 97.0 
27.0 51.0 97.0 
27.0 51.0 97.0 
27.0 51.0 97.0 
27.0 51.0 97.0 
27.0 51.0 97.0 
27.0 51.0 97.0 
27.0 51.0 97.0 
27.0 51.0 97.0 
27.0 51.0 97.0 
27.0 51.0 97.0 
27.0 51.0 97.0 
27.0 51.0 97.0 
27.0 51.0 97.0 
27.0 51.0 97.0 
27.0 51.0 97.0 
27.0 51.0 97.0 
18.0 11.0 57.0 
18.0 11.0 57.0 
18.0 11.0 57.0 
18.0 11.0 57.0 
18.0 11.0 57.0 
18.0 11.0 57.0 
18.0 11.0 57.0 
18.0 11.0 57.0 
18.0 11.0 57.0 
18.0 11.0 57.0 
18.0 11.0 57.0 
18.0 11.0 57.0 
18.0 11.0 57.0 
18.0 11.0 57.0 
18.0 11.0 57.0 
18.0 11.0 57.0 
18.0 11.0 57.0 
18.0 11.0 57.0 
18.0 11.0 57.0 
18.0 11.0 57.0 
18.0 11.0 57.0 
18.0 11.0 57.0 
18.0 11.0 57.0 
18.0 11.0 57.0 
18.0 11.0 57.0 
18.0 11.0 57.0 
18.0 11.0 57.0 
18.0 11.0 57.0 
18.0 11.0 57.0 
18.0 11.0 57.0 
18.0 11.0 57.0 
18.0 11.0 57.0 
18.0 11.0 57.0 
18.0 11.0 57.0 
18.0 11.0 57.0 
18.0 11.0 57.0 
18.0 11.0 57.0 
