82.0 49.0 96.0 64.0 
82.0 49.0 96.0 64.0 
82.0 49.0 96.0 64.0 
82.0 49.0 96.0 64.0 
82.0 49.0 96.0 64.0 
82.0 49.0 96.0 64.0 
82.0 49.0 96.0 64.0 
82.0 49.0 96.0 64.0 
82.0 49.0 96.0 64.0 
82.0 49.0 96.0 64.0 
82.0 49.0 96.0 64.0 
82.0 49.0 96.0 64.0 
82.0 49.0 96.0 64.0 
82.0 49.0 96.0 64.0 
82.0 49.0 96.0 64.0 
82.0 49.0 96.0 64.0 
82.0 49.0 96.0 64.0 
82.0 49.0 96.0 64.0 
82.0 49.0 96.0 64.0 
82.0 49.0 96.0 64.0 
82.0 49.0 96.0 64.0 
82.0 49.0 96.0 64.0 
82.0 49.0 96.0 64.0 
82.0 49.0 96.0 64.0 
82.0 49.0 96.0 64.0 
82.0 49.0 96.0 64.0 
82.0 49.0 96.0 64.0 
82.0 49.0 96.0 64.0 
82.0 49.0 96.0 64.0 
82.0 49.0 96.0 64.0 
82.0 49.0 96.0 64.0 
82.0 49.0 96.0 64.0 
82.0 49.0 96.0 64.0 
82.0 49.0 96.0 64.0 
82.0 49.0 96.0 64.0 
82.0 49.0 96.0 64.0 
82.0 49.0 96.0 64.0 
82.0 49.0 96.0 64.0 
82.0 49.0 96.0 64.0 
82.0 49.0 96.0 64.0 
82.0 49.0 96.0 64.0 
82.0 49.0 96.0 64.0 
82.0 49.0 96.0 64.0 
82.0 49.0 96.0 64.0 
82.0 49.0 96.0 64.0 
82.0 49.0 96.0 64.0 
23.0 45.0 58.0 86.0 
23.0 45.0 58.0 86.0 
23.0 45.0 58.0 86.0 
23.0 45.0 58.0 86.0 
23.0 45.0 58.0 86.0 
23.0 45.0 58.0 86.0 
45.0 26.0 91.0 41.0 
78.0 60.0 88.0 63.0 
78.0 60.0 88.0 63.0 
78.0 60.0 88.0 63.0 
78.0 60.0 88.0 63.0 
78.0 60.0 88.0 63.0 
78.0 60.0 88.0 63.0 
78.0 60.0 88.0 63.0 
78.0 60.0 88.0 63.0 
78.0 60.0 88.0 63.0 
78.0 60.0 88.0 63.0 
78.0 60.0 88.0 63.0 
78.0 60.0 88.0 63.0 
78.0 60.0 88.0 63.0 
78.0 60.0 88.0 63.0 
78.0 60.0 88.0 63.0 
78.0 60.0 88.0 63.0 
78.0 60.0 88.0 63.0 
78.0 60.0 88.0 63.0 
78.0 60.0 88.0 63.0 
78.0 60.0 88.0 63.0 
78.0 60.0 88.0 63.0 
78.0 60.0 88.0 63.0 
78.0 60.0 88.0 63.0 
78.0 60.0 88.0 63.0 
78.0 60.0 88.0 63.0 
78.0 60.0 88.0 63.0 
78.0 60.0 88.0 63.0 
