48.0 23.0 81.0 
48.0 23.0 81.0 
48.0 23.0 81.0 
48.0 23.0 81.0 
48.0 23.0 81.0 
48.0 23.0 81.0 
48.0 23.0 81.0 
48.0 23.0 81.0 
48.0 23.0 81.0 
48.0 23.0 81.0 
48.0 23.0 81.0 
48.0 23.0 81.0 
48.0 23.0 81.0 
48.0 23.0 81.0 
48.0 23.0 81.0 
48.0 23.0 81.0 
48.0 23.0 81.0 
48.0 23.0 81.0 
48.0 23.0 81.0 
48.0 23.0 81.0 
48.0 23.0 81.0 
48.0 23.0 81.0 
48.0 23.0 81.0 
48.0 23.0 81.0 
48.0 23.0 81.0 
48.0 23.0 81.0 
48.0 23.0 81.0 
48.0 23.0 81.0 
48.0 23.0 81.0 
48.0 23.0 81.0 
48.0 23.0 81.0 
48.0 23.0 81.0 
48.0 23.0 81.0 
48.0 23.0 81.0 
48.0 23.0 81.0 
26.0 47.0 34.0 
26.0 47.0 34.0 
26.0 47.0 34.0 
26.0 47.0 34.0 
26.0 47.0 34.0 
26.0 47.0 34.0 
26.0 47.0 34.0 
26.0 47.0 34.0 
26.0 47.0 34.0 
26.0 47.0 34.0 
26.0 47.0 34.0 
26.0 47.0 34.0 
26.0 47.0 34.0 
26.0 47.0 34.0 
26.0 47.0 34.0 
26.0 47.0 34.0 
26.0 47.0 34.0 
26.0 47.0 34.0 
26.0 47.0 34.0 
26.0 47.0 34.0 
26.0 47.0 34.0 
26.0 47.0 34.0 
26.0 47.0 34.0 
26.0 47.0 34.0 
26.0 47.0 34.0 
26.0 47.0 34.0 
26.0 47.0 34.0 
26.0 47.0 34.0 
26.0 47.0 34.0 
26.0 47.0 34.0 
26.0 47.0 34.0 
91.0 50.0 13.0 
91.0 50.0 13.0 
91.0 50.0 13.0 
91.0 50.0 13.0 
91.0 50.0 13.0 
91.0 50.0 13.0 
91.0 50.0 13.0 
91.0 50.0 13.0 
91.0 50.0 13.0 
91.0 50.0 13.0 
91.0 50.0 13.0 
98.0 99.0 87.0 
98.0 99.0 87.0 
98.0 99.0 87.0 
