28.0 89.0 73.0 45.0 63.0 
28.0 89.0 73.0 45.0 63.0 
28.0 89.0 73.0 45.0 63.0 
28.0 89.0 73.0 45.0 63.0 
28.0 89.0 73.0 45.0 63.0 
28.0 89.0 73.0 45.0 63.0 
28.0 89.0 73.0 45.0 63.0 
28.0 89.0 73.0 45.0 63.0 
28.0 89.0 73.0 45.0 63.0 
28.0 89.0 73.0 45.0 63.0 
28.0 89.0 73.0 45.0 63.0 
28.0 89.0 73.0 45.0 63.0 
28.0 89.0 73.0 45.0 63.0 
28.0 89.0 73.0 45.0 63.0 
28.0 89.0 73.0 45.0 63.0 
28.0 89.0 73.0 45.0 63.0 
28.0 89.0 73.0 45.0 63.0 
28.0 89.0 73.0 45.0 63.0 
28.0 89.0 73.0 45.0 63.0 
28.0 89.0 73.0 45.0 63.0 
28.0 89.0 73.0 45.0 63.0 
28.0 89.0 73.0 45.0 63.0 
28.0 89.0 73.0 45.0 63.0 
28.0 89.0 73.0 45.0 63.0 
28.0 89.0 73.0 45.0 63.0 
28.0 89.0 73.0 45.0 63.0 
28.0 89.0 73.0 45.0 63.0 
28.0 89.0 73.0 45.0 63.0 
28.0 89.0 73.0 45.0 63.0 
28.0 89.0 73.0 45.0 63.0 
28.0 89.0 73.0 45.0 63.0 
28.0 89.0 73.0 45.0 63.0 
28.0 89.0 73.0 45.0 63.0 
28.0 89.0 73.0 45.0 63.0 
28.0 89.0 73.0 45.0 63.0 
28.0 89.0 73.0 45.0 63.0 
28.0 89.0 73.0 45.0 63.0 
28.0 89.0 73.0 45.0 63.0 
28.0 89.0 73.0 45.0 63.0 
28.0 89.0 73.0 45.0 63.0 
28.0 89.0 73.0 45.0 63.0 
58.0 65.0 96.0 80.0 43.0 
58.0 65.0 96.0 80.0 43.0 
58.0 65.0 96.0 80.0 43.0 
58.0 65.0 96.0 80.0 43.0 
58.0 65.0 96.0 80.0 43.0 
58.0 65.0 96.0 80.0 43.0 
58.0 65.0 96.0 80.0 43.0 
58.0 65.0 96.0 80.0 43.0 
58.0 65.0 96.0 80.0 43.0 
58.0 65.0 96.0 80.0 43.0 
58.0 65.0 96.0 80.0 43.0 
58.0 65.0 96.0 80.0 43.0 
58.0 65.0 96.0 80.0 43.0 
58.0 65.0 96.0 80.0 43.0 
58.0 65.0 96.0 80.0 43.0 
57.0 23.0 68.0 85.0 65.0 
57.0 23.0 68.0 85.0 65.0 
57.0 23.0 68.0 85.0 65.0 
57.0 23.0 68.0 85.0 65.0 
23.0 56.0 22.0 40.0 75.0 
23.0 56.0 22.0 40.0 75.0 
23.0 56.0 22.0 40.0 75.0 
23.0 56.0 22.0 40.0 75.0 
23.0 56.0 22.0 40.0 75.0 
23.0 56.0 22.0 40.0 75.0 
23.0 56.0 22.0 40.0 75.0 
23.0 56.0 22.0 40.0 75.0 
23.0 56.0 22.0 40.0 75.0 
23.0 56.0 22.0 40.0 75.0 
23.0 56.0 22.0 40.0 75.0 
23.0 56.0 22.0 40.0 75.0 
23.0 56.0 22.0 40.0 75.0 
23.0 56.0 22.0 40.0 75.0 
23.0 56.0 22.0 40.0 75.0 
23.0 56.0 22.0 40.0 75.0 
23.0 56.0 22.0 40.0 75.0 
23.0 56.0 22.0 40.0 75.0 
23.0 56.0 22.0 40.0 75.0 
23.0 56.0 22.0 40.0 75.0 
