53.0 31.0 53.0 56.0 
53.0 31.0 53.0 56.0 
53.0 31.0 53.0 56.0 
53.0 31.0 53.0 56.0 
53.0 31.0 53.0 56.0 
53.0 31.0 53.0 56.0 
53.0 31.0 53.0 56.0 
53.0 31.0 53.0 56.0 
53.0 31.0 53.0 56.0 
53.0 31.0 53.0 56.0 
53.0 31.0 53.0 56.0 
53.0 31.0 53.0 56.0 
53.0 31.0 53.0 56.0 
53.0 31.0 53.0 56.0 
53.0 31.0 53.0 56.0 
53.0 31.0 53.0 56.0 
53.0 31.0 53.0 56.0 
53.0 31.0 53.0 56.0 
53.0 31.0 53.0 56.0 
53.0 31.0 53.0 56.0 
53.0 31.0 53.0 56.0 
53.0 31.0 53.0 56.0 
53.0 31.0 53.0 56.0 
53.0 31.0 53.0 56.0 
53.0 31.0 53.0 56.0 
53.0 31.0 53.0 56.0 
53.0 31.0 53.0 56.0 
53.0 31.0 53.0 56.0 
53.0 31.0 53.0 56.0 
53.0 31.0 53.0 56.0 
53.0 31.0 53.0 56.0 
53.0 31.0 53.0 56.0 
53.0 31.0 53.0 56.0 
53.0 31.0 53.0 56.0 
53.0 31.0 53.0 56.0 
53.0 31.0 53.0 56.0 
53.0 31.0 53.0 56.0 
53.0 31.0 53.0 56.0 
53.0 31.0 53.0 56.0 
53.0 31.0 53.0 56.0 
53.0 31.0 53.0 56.0 
53.0 31.0 53.0 56.0 
53.0 31.0 53.0 56.0 
53.0 31.0 53.0 56.0 
53.0 31.0 53.0 56.0 
53.0 31.0 53.0 56.0 
53.0 31.0 53.0 56.0 
53.0 31.0 53.0 56.0 
15.0 50.0 24.0 52.0 
15.0 50.0 24.0 52.0 
79.0 22.0 47.0 35.0 
79.0 22.0 47.0 35.0 
79.0 22.0 47.0 35.0 
79.0 22.0 47.0 35.0 
79.0 22.0 47.0 35.0 
79.0 22.0 47.0 35.0 
79.0 22.0 47.0 35.0 
79.0 22.0 47.0 35.0 
55.0 46.0 41.0 59.0 
55.0 46.0 41.0 59.0 
55.0 46.0 41.0 59.0 
55.0 46.0 41.0 59.0 
55.0 46.0 41.0 59.0 
55.0 46.0 41.0 59.0 
55.0 46.0 41.0 59.0 
55.0 46.0 41.0 59.0 
55.0 46.0 41.0 59.0 
55.0 46.0 41.0 59.0 
55.0 46.0 41.0 59.0 
55.0 46.0 41.0 59.0 
55.0 46.0 41.0 59.0 
55.0 46.0 41.0 59.0 
55.0 46.0 41.0 59.0 
55.0 46.0 41.0 59.0 
55.0 46.0 41.0 59.0 
55.0 46.0 41.0 59.0 
55.0 46.0 41.0 59.0 
55.0 46.0 41.0 59.0 
55.0 46.0 41.0 59.0 
55.0 46.0 41.0 59.0 
