63.0 43.0 67.0 31.0 
63.0 43.0 67.0 31.0 
63.0 43.0 67.0 31.0 
63.0 43.0 67.0 31.0 
63.0 43.0 67.0 31.0 
63.0 43.0 67.0 31.0 
63.0 43.0 67.0 31.0 
63.0 43.0 67.0 31.0 
63.0 43.0 67.0 31.0 
63.0 43.0 67.0 31.0 
63.0 43.0 67.0 31.0 
63.0 43.0 67.0 31.0 
63.0 43.0 67.0 31.0 
63.0 43.0 67.0 31.0 
63.0 43.0 67.0 31.0 
63.0 43.0 67.0 31.0 
63.0 43.0 67.0 31.0 
63.0 43.0 67.0 31.0 
63.0 43.0 67.0 31.0 
63.0 43.0 67.0 31.0 
63.0 43.0 67.0 31.0 
63.0 43.0 67.0 31.0 
63.0 43.0 67.0 31.0 
63.0 43.0 67.0 31.0 
63.0 43.0 67.0 31.0 
63.0 43.0 67.0 31.0 
63.0 43.0 67.0 31.0 
63.0 43.0 67.0 31.0 
63.0 43.0 67.0 31.0 
63.0 43.0 67.0 31.0 
63.0 43.0 67.0 31.0 
63.0 43.0 67.0 31.0 
63.0 43.0 67.0 31.0 
63.0 43.0 67.0 31.0 
63.0 43.0 67.0 31.0 
63.0 43.0 67.0 31.0 
63.0 43.0 67.0 31.0 
63.0 43.0 67.0 31.0 
63.0 43.0 67.0 31.0 
63.0 43.0 67.0 31.0 
63.0 43.0 67.0 31.0 
63.0 43.0 67.0 31.0 
63.0 43.0 67.0 31.0 
63.0 43.0 67.0 31.0 
63.0 43.0 67.0 31.0 
63.0 43.0 67.0 31.0 
63.0 43.0 67.0 31.0 
63.0 43.0 67.0 31.0 
63.0 43.0 67.0 31.0 
63.0 43.0 67.0 31.0 
63.0 43.0 67.0 31.0 
63.0 43.0 67.0 31.0 
63.0 43.0 67.0 31.0 
63.0 43.0 67.0 31.0 
63.0 43.0 67.0 31.0 
63.0 43.0 67.0 31.0 
63.0 43.0 67.0 31.0 
63.0 43.0 67.0 31.0 
63.0 43.0 67.0 31.0 
63.0 43.0 67.0 31.0 
63.0 43.0 67.0 31.0 
63.0 43.0 67.0 31.0 
63.0 43.0 67.0 31.0 
63.0 43.0 67.0 31.0 
63.0 43.0 67.0 31.0 
63.0 43.0 67.0 31.0 
63.0 43.0 67.0 31.0 
63.0 43.0 67.0 31.0 
63.0 43.0 67.0 31.0 
97.0 93.0 65.0 30.0 
97.0 93.0 65.0 30.0 
81.0 37.0 20.0 63.0 
98.0 81.0 39.0 35.0 
98.0 81.0 39.0 35.0 
98.0 81.0 39.0 35.0 
98.0 81.0 39.0 35.0 
68.0 26.0 71.0 14.0 
68.0 26.0 71.0 14.0 
68.0 26.0 71.0 14.0 
68.0 26.0 71.0 14.0 
