32.0 39.0 93.0 86.0 
32.0 39.0 93.0 86.0 
32.0 39.0 93.0 86.0 
32.0 39.0 93.0 86.0 
32.0 39.0 93.0 86.0 
32.0 39.0 93.0 86.0 
32.0 39.0 93.0 86.0 
32.0 39.0 93.0 86.0 
32.0 39.0 93.0 86.0 
32.0 39.0 93.0 86.0 
32.0 39.0 93.0 86.0 
32.0 39.0 93.0 86.0 
32.0 39.0 93.0 86.0 
32.0 39.0 93.0 86.0 
32.0 39.0 93.0 86.0 
32.0 39.0 93.0 86.0 
32.0 39.0 93.0 86.0 
32.0 39.0 93.0 86.0 
32.0 39.0 93.0 86.0 
32.0 39.0 93.0 86.0 
32.0 39.0 93.0 86.0 
32.0 39.0 93.0 86.0 
32.0 39.0 93.0 86.0 
32.0 39.0 93.0 86.0 
32.0 39.0 93.0 86.0 
32.0 39.0 93.0 86.0 
32.0 39.0 93.0 86.0 
32.0 39.0 93.0 86.0 
32.0 39.0 93.0 86.0 
32.0 39.0 93.0 86.0 
32.0 39.0 93.0 86.0 
32.0 39.0 93.0 86.0 
32.0 39.0 93.0 86.0 
32.0 39.0 93.0 86.0 
32.0 39.0 93.0 86.0 
32.0 39.0 93.0 86.0 
32.0 39.0 93.0 86.0 
32.0 39.0 93.0 86.0 
32.0 39.0 93.0 86.0 
32.0 39.0 93.0 86.0 
32.0 39.0 93.0 86.0 
32.0 39.0 93.0 86.0 
32.0 39.0 93.0 86.0 
32.0 39.0 93.0 86.0 
32.0 39.0 93.0 86.0 
32.0 39.0 93.0 86.0 
32.0 39.0 93.0 86.0 
32.0 39.0 93.0 86.0 
32.0 39.0 93.0 86.0 
32.0 39.0 93.0 86.0 
37.0 75.0 68.0 52.0 
37.0 75.0 68.0 52.0 
37.0 75.0 68.0 52.0 
37.0 75.0 68.0 52.0 
37.0 75.0 68.0 52.0 
77.0 60.0 58.0 48.0 
77.0 60.0 58.0 48.0 
77.0 60.0 58.0 48.0 
77.0 60.0 58.0 48.0 
77.0 60.0 58.0 48.0 
77.0 60.0 58.0 48.0 
77.0 60.0 58.0 48.0 
77.0 60.0 58.0 48.0 
77.0 60.0 58.0 48.0 
77.0 60.0 58.0 48.0 
77.0 60.0 58.0 48.0 
77.0 60.0 58.0 48.0 
77.0 60.0 58.0 48.0 
77.0 60.0 58.0 48.0 
77.0 60.0 58.0 48.0 
12.0 16.0 17.0 82.0 
12.0 16.0 17.0 82.0 
94.0 44.0 46.0 93.0 
94.0 44.0 46.0 93.0 
94.0 44.0 46.0 93.0 
94.0 44.0 46.0 93.0 
94.0 44.0 46.0 93.0 
94.0 44.0 46.0 93.0 
94.0 44.0 46.0 93.0 
94.0 44.0 46.0 93.0 
