88.0 39.0 78.0 37.0 
88.0 39.0 78.0 37.0 
88.0 39.0 78.0 37.0 
88.0 39.0 78.0 37.0 
88.0 39.0 78.0 37.0 
88.0 39.0 78.0 37.0 
88.0 39.0 78.0 37.0 
88.0 39.0 78.0 37.0 
88.0 39.0 78.0 37.0 
88.0 39.0 78.0 37.0 
88.0 39.0 78.0 37.0 
88.0 39.0 78.0 37.0 
88.0 39.0 78.0 37.0 
88.0 39.0 78.0 37.0 
88.0 39.0 78.0 37.0 
88.0 39.0 78.0 37.0 
88.0 39.0 78.0 37.0 
88.0 39.0 78.0 37.0 
88.0 39.0 78.0 37.0 
88.0 39.0 78.0 37.0 
88.0 39.0 78.0 37.0 
88.0 39.0 78.0 37.0 
88.0 39.0 78.0 37.0 
88.0 39.0 78.0 37.0 
88.0 39.0 78.0 37.0 
88.0 39.0 78.0 37.0 
88.0 39.0 78.0 37.0 
88.0 39.0 78.0 37.0 
88.0 39.0 78.0 37.0 
88.0 39.0 78.0 37.0 
88.0 39.0 78.0 37.0 
88.0 39.0 78.0 37.0 
88.0 39.0 78.0 37.0 
88.0 39.0 78.0 37.0 
88.0 39.0 78.0 37.0 
88.0 39.0 78.0 37.0 
88.0 39.0 78.0 37.0 
88.0 39.0 78.0 37.0 
88.0 39.0 78.0 37.0 
88.0 39.0 78.0 37.0 
88.0 39.0 78.0 37.0 
88.0 39.0 78.0 37.0 
88.0 39.0 78.0 37.0 
88.0 39.0 78.0 37.0 
88.0 39.0 78.0 37.0 
88.0 39.0 78.0 37.0 
88.0 39.0 78.0 37.0 
88.0 39.0 78.0 37.0 
88.0 39.0 78.0 37.0 
88.0 39.0 78.0 37.0 
88.0 39.0 78.0 37.0 
88.0 39.0 78.0 37.0 
88.0 39.0 78.0 37.0 
88.0 39.0 78.0 37.0 
88.0 39.0 78.0 37.0 
88.0 39.0 78.0 37.0 
88.0 39.0 78.0 37.0 
88.0 39.0 78.0 37.0 
88.0 39.0 78.0 37.0 
88.0 39.0 78.0 37.0 
88.0 39.0 78.0 37.0 
88.0 39.0 78.0 37.0 
88.0 39.0 78.0 37.0 
88.0 39.0 78.0 37.0 
88.0 39.0 78.0 37.0 
88.0 39.0 78.0 37.0 
88.0 39.0 78.0 37.0 
88.0 39.0 78.0 37.0 
88.0 39.0 78.0 37.0 
88.0 39.0 78.0 37.0 
88.0 39.0 78.0 37.0 
88.0 39.0 78.0 37.0 
88.0 39.0 78.0 37.0 
88.0 39.0 78.0 37.0 
88.0 39.0 78.0 37.0 
41.0 74.0 18.0 90.0 
34.0 19.0 14.0 49.0 
54.0 14.0 55.0 78.0 
89.0 28.0 73.0 22.0 
89.0 28.0 73.0 22.0 
