14.0 90.0 28.0 88.0 94.0 
14.0 90.0 28.0 88.0 94.0 
14.0 90.0 28.0 88.0 94.0 
14.0 90.0 28.0 88.0 94.0 
14.0 90.0 28.0 88.0 94.0 
14.0 90.0 28.0 88.0 94.0 
14.0 90.0 28.0 88.0 94.0 
14.0 90.0 28.0 88.0 94.0 
14.0 90.0 28.0 88.0 94.0 
14.0 90.0 28.0 88.0 94.0 
14.0 90.0 28.0 88.0 94.0 
14.0 90.0 28.0 88.0 94.0 
14.0 90.0 28.0 88.0 94.0 
14.0 90.0 28.0 88.0 94.0 
14.0 90.0 28.0 88.0 94.0 
14.0 90.0 28.0 88.0 94.0 
14.0 90.0 28.0 88.0 94.0 
14.0 90.0 28.0 88.0 94.0 
14.0 90.0 28.0 88.0 94.0 
14.0 90.0 28.0 88.0 94.0 
14.0 90.0 28.0 88.0 94.0 
14.0 90.0 28.0 88.0 94.0 
14.0 90.0 28.0 88.0 94.0 
14.0 90.0 28.0 88.0 94.0 
14.0 90.0 28.0 88.0 94.0 
14.0 90.0 28.0 88.0 94.0 
14.0 90.0 28.0 88.0 94.0 
14.0 90.0 28.0 88.0 94.0 
14.0 90.0 28.0 88.0 94.0 
14.0 90.0 28.0 88.0 94.0 
14.0 90.0 28.0 88.0 94.0 
14.0 90.0 28.0 88.0 94.0 
14.0 90.0 28.0 88.0 94.0 
14.0 90.0 28.0 88.0 94.0 
14.0 90.0 28.0 88.0 94.0 
14.0 90.0 28.0 88.0 94.0 
14.0 90.0 28.0 88.0 94.0 
14.0 90.0 28.0 88.0 94.0 
14.0 90.0 28.0 88.0 94.0 
14.0 90.0 28.0 88.0 94.0 
14.0 90.0 28.0 88.0 94.0 
14.0 90.0 28.0 88.0 94.0 
14.0 90.0 28.0 88.0 94.0 
14.0 90.0 28.0 88.0 94.0 
14.0 90.0 28.0 88.0 94.0 
14.0 90.0 28.0 88.0 94.0 
14.0 90.0 28.0 88.0 94.0 
14.0 90.0 28.0 88.0 94.0 
14.0 90.0 28.0 88.0 94.0 
14.0 90.0 28.0 88.0 94.0 
14.0 90.0 28.0 88.0 94.0 
14.0 90.0 28.0 88.0 94.0 
14.0 90.0 28.0 88.0 94.0 
14.0 90.0 28.0 88.0 94.0 
14.0 90.0 28.0 88.0 94.0 
14.0 90.0 28.0 88.0 94.0 
14.0 90.0 28.0 88.0 94.0 
14.0 90.0 28.0 88.0 94.0 
14.0 90.0 28.0 88.0 94.0 
14.0 90.0 28.0 88.0 94.0 
14.0 90.0 28.0 88.0 94.0 
14.0 90.0 28.0 88.0 94.0 
14.0 90.0 28.0 88.0 94.0 
24.0 69.0 76.0 96.0 98.0 
24.0 69.0 76.0 96.0 98.0 
24.0 69.0 76.0 96.0 98.0 
24.0 69.0 76.0 96.0 98.0 
24.0 69.0 76.0 96.0 98.0 
24.0 69.0 76.0 96.0 98.0 
24.0 69.0 76.0 96.0 98.0 
24.0 69.0 76.0 96.0 98.0 
23.0 14.0 56.0 52.0 13.0 
23.0 14.0 56.0 52.0 13.0 
23.0 14.0 56.0 52.0 13.0 
23.0 14.0 56.0 52.0 13.0 
100.0 39.0 64.0 49.0 25.0 
100.0 39.0 64.0 49.0 25.0 
100.0 39.0 64.0 49.0 25.0 
40.0 35.0 32.0 84.0 86.0 
40.0 35.0 32.0 84.0 86.0 
