38.0 71.0 41.0 11.0 100.0 
38.0 71.0 41.0 11.0 100.0 
38.0 71.0 41.0 11.0 100.0 
38.0 71.0 41.0 11.0 100.0 
38.0 71.0 41.0 11.0 100.0 
38.0 71.0 41.0 11.0 100.0 
38.0 71.0 41.0 11.0 100.0 
38.0 71.0 41.0 11.0 100.0 
38.0 71.0 41.0 11.0 100.0 
38.0 71.0 41.0 11.0 100.0 
38.0 71.0 41.0 11.0 100.0 
38.0 71.0 41.0 11.0 100.0 
38.0 71.0 41.0 11.0 100.0 
38.0 71.0 41.0 11.0 100.0 
38.0 71.0 41.0 11.0 100.0 
38.0 71.0 41.0 11.0 100.0 
38.0 71.0 41.0 11.0 100.0 
38.0 71.0 41.0 11.0 100.0 
38.0 71.0 41.0 11.0 100.0 
38.0 71.0 41.0 11.0 100.0 
38.0 71.0 41.0 11.0 100.0 
38.0 71.0 41.0 11.0 100.0 
38.0 71.0 41.0 11.0 100.0 
38.0 71.0 41.0 11.0 100.0 
38.0 71.0 41.0 11.0 100.0 
38.0 71.0 41.0 11.0 100.0 
38.0 71.0 41.0 11.0 100.0 
38.0 71.0 41.0 11.0 100.0 
38.0 71.0 41.0 11.0 100.0 
38.0 71.0 41.0 11.0 100.0 
38.0 71.0 41.0 11.0 100.0 
38.0 71.0 41.0 11.0 100.0 
38.0 71.0 41.0 11.0 100.0 
38.0 71.0 41.0 11.0 100.0 
38.0 71.0 41.0 11.0 100.0 
38.0 71.0 41.0 11.0 100.0 
38.0 71.0 41.0 11.0 100.0 
38.0 71.0 41.0 11.0 100.0 
38.0 71.0 41.0 11.0 100.0 
38.0 71.0 41.0 11.0 100.0 
38.0 71.0 41.0 11.0 100.0 
38.0 71.0 41.0 11.0 100.0 
38.0 71.0 41.0 11.0 100.0 
38.0 71.0 41.0 11.0 100.0 
38.0 71.0 41.0 11.0 100.0 
38.0 71.0 41.0 11.0 100.0 
38.0 71.0 41.0 11.0 100.0 
38.0 71.0 41.0 11.0 100.0 
38.0 71.0 41.0 11.0 100.0 
38.0 71.0 41.0 11.0 100.0 
38.0 71.0 41.0 11.0 100.0 
38.0 71.0 41.0 11.0 100.0 
38.0 71.0 41.0 11.0 100.0 
38.0 71.0 41.0 11.0 100.0 
38.0 71.0 41.0 11.0 100.0 
38.0 71.0 41.0 11.0 100.0 
38.0 71.0 41.0 11.0 100.0 
38.0 71.0 41.0 11.0 100.0 
38.0 71.0 41.0 11.0 100.0 
38.0 71.0 41.0 11.0 100.0 
38.0 71.0 41.0 11.0 100.0 
38.0 71.0 41.0 11.0 100.0 
38.0 71.0 41.0 11.0 100.0 
38.0 71.0 41.0 11.0 100.0 
38.0 71.0 41.0 11.0 100.0 
38.0 71.0 41.0 11.0 100.0 
38.0 71.0 41.0 11.0 100.0 
38.0 71.0 41.0 11.0 100.0 
62.0 14.0 23.0 41.0 90.0 
21.0 31.0 80.0 35.0 45.0 
21.0 31.0 80.0 35.0 45.0 
21.0 31.0 80.0 35.0 45.0 
21.0 31.0 80.0 35.0 45.0 
21.0 31.0 80.0 35.0 45.0 
96.0 14.0 46.0 16.0 98.0 
96.0 14.0 46.0 16.0 98.0 
96.0 14.0 46.0 16.0 98.0 
84.0 100.0 58.0 29.0 94.0 
84.0 100.0 58.0 29.0 94.0 
84.0 100.0 58.0 29.0 94.0 
