13.0 51.0 34.0 56.0 
13.0 51.0 34.0 56.0 
13.0 51.0 34.0 56.0 
13.0 51.0 34.0 56.0 
13.0 51.0 34.0 56.0 
13.0 51.0 34.0 56.0 
13.0 51.0 34.0 56.0 
13.0 51.0 34.0 56.0 
13.0 51.0 34.0 56.0 
13.0 51.0 34.0 56.0 
13.0 51.0 34.0 56.0 
13.0 51.0 34.0 56.0 
13.0 51.0 34.0 56.0 
13.0 51.0 34.0 56.0 
13.0 51.0 34.0 56.0 
13.0 51.0 34.0 56.0 
13.0 51.0 34.0 56.0 
13.0 51.0 34.0 56.0 
13.0 51.0 34.0 56.0 
13.0 51.0 34.0 56.0 
13.0 51.0 34.0 56.0 
13.0 51.0 34.0 56.0 
13.0 51.0 34.0 56.0 
13.0 51.0 34.0 56.0 
13.0 51.0 34.0 56.0 
13.0 51.0 34.0 56.0 
13.0 51.0 34.0 56.0 
13.0 51.0 34.0 56.0 
13.0 51.0 34.0 56.0 
13.0 51.0 34.0 56.0 
16.0 58.0 76.0 69.0 
16.0 58.0 76.0 69.0 
16.0 58.0 76.0 69.0 
16.0 58.0 76.0 69.0 
16.0 58.0 76.0 69.0 
16.0 58.0 76.0 69.0 
16.0 58.0 76.0 69.0 
16.0 58.0 76.0 69.0 
16.0 58.0 76.0 69.0 
16.0 58.0 76.0 69.0 
16.0 58.0 76.0 69.0 
16.0 58.0 76.0 69.0 
16.0 58.0 76.0 69.0 
16.0 58.0 76.0 69.0 
16.0 58.0 76.0 69.0 
16.0 58.0 76.0 69.0 
16.0 58.0 76.0 69.0 
16.0 58.0 76.0 69.0 
16.0 58.0 76.0 69.0 
16.0 58.0 76.0 69.0 
16.0 58.0 76.0 69.0 
16.0 58.0 76.0 69.0 
16.0 58.0 76.0 69.0 
16.0 58.0 76.0 69.0 
16.0 58.0 76.0 69.0 
16.0 58.0 76.0 69.0 
16.0 58.0 76.0 69.0 
16.0 58.0 76.0 69.0 
16.0 58.0 76.0 69.0 
16.0 58.0 76.0 69.0 
16.0 58.0 76.0 69.0 
16.0 58.0 76.0 69.0 
16.0 58.0 76.0 69.0 
16.0 58.0 76.0 69.0 
16.0 58.0 76.0 69.0 
16.0 58.0 76.0 69.0 
16.0 58.0 76.0 69.0 
16.0 58.0 76.0 69.0 
16.0 58.0 76.0 69.0 
16.0 58.0 76.0 69.0 
65.0 27.0 20.0 44.0 
65.0 27.0 20.0 44.0 
65.0 27.0 20.0 44.0 
65.0 27.0 20.0 44.0 
65.0 27.0 20.0 44.0 
65.0 27.0 20.0 44.0 
65.0 27.0 20.0 44.0 
40.0 25.0 61.0 21.0 
24.0 97.0 18.0 82.0 
24.0 97.0 18.0 82.0 
