59.0 98.0 18.0 
59.0 98.0 18.0 
59.0 98.0 18.0 
59.0 98.0 18.0 
59.0 98.0 18.0 
59.0 98.0 18.0 
59.0 98.0 18.0 
59.0 98.0 18.0 
59.0 98.0 18.0 
59.0 98.0 18.0 
59.0 98.0 18.0 
59.0 98.0 18.0 
59.0 98.0 18.0 
59.0 98.0 18.0 
59.0 98.0 18.0 
59.0 98.0 18.0 
98.0 67.0 11.0 
98.0 67.0 11.0 
98.0 67.0 11.0 
98.0 67.0 11.0 
98.0 67.0 11.0 
98.0 67.0 11.0 
98.0 67.0 11.0 
98.0 67.0 11.0 
98.0 67.0 11.0 
98.0 67.0 11.0 
98.0 67.0 11.0 
98.0 67.0 11.0 
98.0 67.0 11.0 
98.0 67.0 11.0 
98.0 67.0 11.0 
98.0 67.0 11.0 
98.0 67.0 11.0 
98.0 67.0 11.0 
98.0 67.0 11.0 
98.0 67.0 11.0 
98.0 67.0 11.0 
98.0 67.0 11.0 
98.0 67.0 11.0 
36.0 28.0 12.0 
36.0 28.0 12.0 
36.0 28.0 12.0 
36.0 28.0 12.0 
33.0 73.0 28.0 
33.0 73.0 28.0 
33.0 73.0 28.0 
33.0 73.0 28.0 
33.0 73.0 28.0 
33.0 73.0 28.0 
33.0 73.0 28.0 
33.0 73.0 28.0 
33.0 73.0 28.0 
33.0 73.0 28.0 
33.0 73.0 28.0 
33.0 73.0 28.0 
33.0 73.0 28.0 
33.0 73.0 28.0 
33.0 73.0 28.0 
33.0 73.0 28.0 
33.0 73.0 28.0 
33.0 73.0 28.0 
33.0 73.0 28.0 
33.0 73.0 28.0 
33.0 73.0 28.0 
33.0 73.0 28.0 
33.0 73.0 28.0 
33.0 73.0 28.0 
33.0 73.0 28.0 
33.0 73.0 28.0 
33.0 73.0 28.0 
33.0 73.0 28.0 
33.0 73.0 28.0 
33.0 73.0 28.0 
33.0 73.0 28.0 
33.0 73.0 28.0 
33.0 73.0 28.0 
33.0 73.0 28.0 
33.0 73.0 28.0 
28.0 84.0 15.0 
28.0 84.0 15.0 
