28.0 54.0 91.0 27.0 53.0 
28.0 54.0 91.0 27.0 53.0 
28.0 54.0 91.0 27.0 53.0 
28.0 54.0 91.0 27.0 53.0 
28.0 54.0 91.0 27.0 53.0 
28.0 54.0 91.0 27.0 53.0 
28.0 54.0 91.0 27.0 53.0 
28.0 54.0 91.0 27.0 53.0 
28.0 54.0 91.0 27.0 53.0 
28.0 54.0 91.0 27.0 53.0 
28.0 54.0 91.0 27.0 53.0 
28.0 54.0 91.0 27.0 53.0 
28.0 54.0 91.0 27.0 53.0 
28.0 54.0 91.0 27.0 53.0 
28.0 54.0 91.0 27.0 53.0 
28.0 54.0 91.0 27.0 53.0 
28.0 54.0 91.0 27.0 53.0 
28.0 54.0 91.0 27.0 53.0 
28.0 54.0 91.0 27.0 53.0 
28.0 54.0 91.0 27.0 53.0 
28.0 54.0 91.0 27.0 53.0 
28.0 54.0 91.0 27.0 53.0 
28.0 54.0 91.0 27.0 53.0 
28.0 54.0 91.0 27.0 53.0 
28.0 54.0 91.0 27.0 53.0 
28.0 54.0 91.0 27.0 53.0 
28.0 54.0 91.0 27.0 53.0 
28.0 54.0 91.0 27.0 53.0 
28.0 54.0 91.0 27.0 53.0 
28.0 54.0 91.0 27.0 53.0 
28.0 54.0 91.0 27.0 53.0 
28.0 54.0 91.0 27.0 53.0 
28.0 54.0 91.0 27.0 53.0 
28.0 54.0 91.0 27.0 53.0 
28.0 54.0 91.0 27.0 53.0 
28.0 54.0 91.0 27.0 53.0 
28.0 54.0 91.0 27.0 53.0 
28.0 54.0 91.0 27.0 53.0 
77.0 100.0 29.0 73.0 61.0 
77.0 100.0 29.0 73.0 61.0 
77.0 100.0 29.0 73.0 61.0 
77.0 100.0 29.0 73.0 61.0 
77.0 100.0 29.0 73.0 61.0 
77.0 100.0 29.0 73.0 61.0 
77.0 100.0 29.0 73.0 61.0 
77.0 100.0 29.0 73.0 61.0 
77.0 100.0 29.0 73.0 61.0 
68.0 28.0 59.0 78.0 14.0 
68.0 28.0 59.0 78.0 14.0 
68.0 28.0 59.0 78.0 14.0 
68.0 28.0 59.0 78.0 14.0 
68.0 28.0 59.0 78.0 14.0 
68.0 28.0 59.0 78.0 14.0 
68.0 28.0 59.0 78.0 14.0 
68.0 28.0 59.0 78.0 14.0 
68.0 28.0 59.0 78.0 14.0 
68.0 28.0 59.0 78.0 14.0 
68.0 28.0 59.0 78.0 14.0 
28.0 54.0 45.0 75.0 76.0 
28.0 54.0 45.0 75.0 76.0 
28.0 54.0 45.0 75.0 76.0 
28.0 54.0 45.0 75.0 76.0 
28.0 54.0 45.0 75.0 76.0 
28.0 54.0 45.0 75.0 76.0 
28.0 54.0 45.0 75.0 76.0 
28.0 54.0 45.0 75.0 76.0 
28.0 54.0 45.0 75.0 76.0 
28.0 54.0 45.0 75.0 76.0 
28.0 54.0 45.0 75.0 76.0 
86.0 54.0 100.0 86.0 63.0 
86.0 54.0 100.0 86.0 63.0 
86.0 54.0 100.0 86.0 63.0 
86.0 54.0 100.0 86.0 63.0 
86.0 54.0 100.0 86.0 63.0 
86.0 54.0 100.0 86.0 63.0 
86.0 54.0 100.0 86.0 63.0 
86.0 54.0 100.0 86.0 63.0 
86.0 54.0 100.0 86.0 63.0 
86.0 54.0 100.0 86.0 63.0 
86.0 54.0 100.0 86.0 63.0 
