29.0 24.0 18.0 
29.0 24.0 18.0 
29.0 24.0 18.0 
29.0 24.0 18.0 
29.0 24.0 18.0 
29.0 24.0 18.0 
29.0 24.0 18.0 
29.0 24.0 18.0 
29.0 24.0 18.0 
29.0 24.0 18.0 
29.0 24.0 18.0 
29.0 24.0 18.0 
29.0 24.0 18.0 
29.0 24.0 18.0 
29.0 24.0 18.0 
29.0 24.0 18.0 
29.0 24.0 18.0 
29.0 24.0 18.0 
29.0 24.0 18.0 
29.0 24.0 18.0 
29.0 24.0 18.0 
29.0 24.0 18.0 
29.0 24.0 18.0 
29.0 24.0 18.0 
29.0 24.0 18.0 
29.0 24.0 18.0 
29.0 24.0 18.0 
29.0 24.0 18.0 
29.0 24.0 18.0 
29.0 24.0 18.0 
29.0 24.0 18.0 
29.0 24.0 18.0 
29.0 24.0 18.0 
29.0 24.0 18.0 
29.0 24.0 18.0 
29.0 24.0 18.0 
29.0 24.0 18.0 
29.0 24.0 18.0 
29.0 24.0 18.0 
29.0 24.0 18.0 
29.0 24.0 18.0 
29.0 24.0 18.0 
29.0 24.0 18.0 
29.0 24.0 18.0 
29.0 24.0 18.0 
29.0 24.0 18.0 
29.0 24.0 18.0 
29.0 24.0 18.0 
29.0 24.0 18.0 
29.0 24.0 18.0 
29.0 24.0 18.0 
29.0 24.0 18.0 
29.0 24.0 18.0 
29.0 24.0 18.0 
29.0 24.0 18.0 
29.0 24.0 18.0 
29.0 24.0 18.0 
29.0 24.0 18.0 
29.0 24.0 18.0 
29.0 24.0 18.0 
29.0 24.0 18.0 
29.0 24.0 18.0 
29.0 24.0 18.0 
29.0 24.0 18.0 
29.0 24.0 18.0 
29.0 24.0 18.0 
29.0 24.0 18.0 
29.0 24.0 18.0 
62.0 43.0 35.0 
62.0 43.0 35.0 
62.0 43.0 35.0 
62.0 43.0 35.0 
62.0 43.0 35.0 
62.0 43.0 35.0 
62.0 43.0 35.0 
62.0 43.0 35.0 
35.0 93.0 97.0 
15.0 13.0 83.0 
85.0 76.0 93.0 
85.0 76.0 93.0 
