13.0 91.0 43.0 65.0 37.0 
13.0 91.0 43.0 65.0 37.0 
13.0 91.0 43.0 65.0 37.0 
13.0 91.0 43.0 65.0 37.0 
13.0 91.0 43.0 65.0 37.0 
13.0 91.0 43.0 65.0 37.0 
13.0 91.0 43.0 65.0 37.0 
13.0 91.0 43.0 65.0 37.0 
13.0 91.0 43.0 65.0 37.0 
13.0 91.0 43.0 65.0 37.0 
13.0 91.0 43.0 65.0 37.0 
13.0 91.0 43.0 65.0 37.0 
13.0 91.0 43.0 65.0 37.0 
13.0 91.0 43.0 65.0 37.0 
13.0 91.0 43.0 65.0 37.0 
13.0 91.0 43.0 65.0 37.0 
13.0 91.0 43.0 65.0 37.0 
13.0 91.0 43.0 65.0 37.0 
13.0 91.0 43.0 65.0 37.0 
13.0 91.0 43.0 65.0 37.0 
13.0 91.0 43.0 65.0 37.0 
13.0 91.0 43.0 65.0 37.0 
13.0 91.0 43.0 65.0 37.0 
13.0 91.0 43.0 65.0 37.0 
13.0 91.0 43.0 65.0 37.0 
13.0 91.0 43.0 65.0 37.0 
13.0 91.0 43.0 65.0 37.0 
13.0 91.0 43.0 65.0 37.0 
13.0 91.0 43.0 65.0 37.0 
13.0 91.0 43.0 65.0 37.0 
13.0 91.0 43.0 65.0 37.0 
13.0 91.0 43.0 65.0 37.0 
13.0 91.0 43.0 65.0 37.0 
13.0 91.0 43.0 65.0 37.0 
13.0 91.0 43.0 65.0 37.0 
13.0 91.0 43.0 65.0 37.0 
13.0 91.0 43.0 65.0 37.0 
13.0 91.0 43.0 65.0 37.0 
13.0 91.0 43.0 65.0 37.0 
13.0 91.0 43.0 65.0 37.0 
13.0 91.0 43.0 65.0 37.0 
13.0 91.0 43.0 65.0 37.0 
13.0 91.0 43.0 65.0 37.0 
13.0 91.0 43.0 65.0 37.0 
13.0 91.0 43.0 65.0 37.0 
13.0 91.0 43.0 65.0 37.0 
13.0 91.0 43.0 65.0 37.0 
13.0 91.0 43.0 65.0 37.0 
13.0 91.0 43.0 65.0 37.0 
13.0 91.0 43.0 65.0 37.0 
13.0 91.0 43.0 65.0 37.0 
13.0 91.0 43.0 65.0 37.0 
13.0 91.0 43.0 65.0 37.0 
13.0 91.0 43.0 65.0 37.0 
13.0 91.0 43.0 65.0 37.0 
13.0 91.0 43.0 65.0 37.0 
13.0 91.0 43.0 65.0 37.0 
13.0 91.0 43.0 65.0 37.0 
13.0 91.0 43.0 65.0 37.0 
13.0 91.0 43.0 65.0 37.0 
13.0 91.0 43.0 65.0 37.0 
13.0 91.0 43.0 65.0 37.0 
13.0 91.0 43.0 65.0 37.0 
13.0 91.0 43.0 65.0 37.0 
13.0 91.0 43.0 65.0 37.0 
34.0 52.0 12.0 80.0 22.0 
70.0 34.0 73.0 86.0 11.0 
55.0 19.0 39.0 68.0 46.0 
55.0 19.0 39.0 68.0 46.0 
55.0 19.0 39.0 68.0 46.0 
23.0 39.0 54.0 43.0 18.0 
23.0 39.0 54.0 43.0 18.0 
23.0 39.0 54.0 43.0 18.0 
23.0 39.0 54.0 43.0 18.0 
23.0 39.0 54.0 43.0 18.0 
23.0 39.0 54.0 43.0 18.0 
23.0 39.0 54.0 43.0 18.0 
23.0 39.0 54.0 43.0 18.0 
23.0 39.0 54.0 43.0 18.0 
23.0 39.0 54.0 43.0 18.0 
