52.0 47.0 18.0 
52.0 47.0 18.0 
52.0 47.0 18.0 
52.0 47.0 18.0 
52.0 47.0 18.0 
52.0 47.0 18.0 
52.0 47.0 18.0 
52.0 47.0 18.0 
52.0 47.0 18.0 
52.0 47.0 18.0 
52.0 47.0 18.0 
52.0 47.0 18.0 
20.0 38.0 87.0 
20.0 38.0 87.0 
20.0 38.0 87.0 
20.0 38.0 87.0 
20.0 38.0 87.0 
20.0 38.0 87.0 
20.0 38.0 87.0 
20.0 38.0 87.0 
20.0 38.0 87.0 
20.0 38.0 87.0 
20.0 38.0 87.0 
20.0 38.0 87.0 
20.0 38.0 87.0 
20.0 38.0 87.0 
20.0 38.0 87.0 
20.0 38.0 87.0 
20.0 38.0 87.0 
20.0 38.0 87.0 
20.0 38.0 87.0 
20.0 38.0 87.0 
20.0 38.0 87.0 
20.0 38.0 87.0 
20.0 38.0 87.0 
20.0 38.0 87.0 
20.0 38.0 87.0 
20.0 38.0 87.0 
20.0 38.0 87.0 
81.0 73.0 91.0 
81.0 73.0 91.0 
81.0 73.0 91.0 
81.0 73.0 91.0 
81.0 73.0 91.0 
81.0 73.0 91.0 
81.0 73.0 91.0 
49.0 55.0 61.0 
49.0 55.0 61.0 
49.0 55.0 61.0 
49.0 55.0 61.0 
49.0 55.0 61.0 
49.0 55.0 61.0 
49.0 55.0 61.0 
49.0 55.0 61.0 
52.0 71.0 39.0 
52.0 71.0 39.0 
52.0 71.0 39.0 
52.0 71.0 39.0 
52.0 71.0 39.0 
52.0 71.0 39.0 
52.0 71.0 39.0 
52.0 71.0 39.0 
52.0 71.0 39.0 
52.0 71.0 39.0 
52.0 71.0 39.0 
52.0 71.0 39.0 
52.0 71.0 39.0 
52.0 71.0 39.0 
52.0 71.0 39.0 
52.0 71.0 39.0 
52.0 71.0 39.0 
52.0 71.0 39.0 
52.0 71.0 39.0 
52.0 71.0 39.0 
52.0 71.0 39.0 
52.0 71.0 39.0 
52.0 71.0 39.0 
52.0 71.0 39.0 
52.0 71.0 39.0 
52.0 71.0 39.0 
