42.0 58.0 43.0 76.0 23.0 
42.0 58.0 43.0 76.0 23.0 
42.0 58.0 43.0 76.0 23.0 
42.0 58.0 43.0 76.0 23.0 
42.0 58.0 43.0 76.0 23.0 
42.0 58.0 43.0 76.0 23.0 
42.0 58.0 43.0 76.0 23.0 
42.0 58.0 43.0 76.0 23.0 
42.0 58.0 43.0 76.0 23.0 
42.0 58.0 43.0 76.0 23.0 
42.0 58.0 43.0 76.0 23.0 
42.0 58.0 43.0 76.0 23.0 
33.0 88.0 37.0 71.0 53.0 
33.0 88.0 37.0 71.0 53.0 
33.0 88.0 37.0 71.0 53.0 
33.0 88.0 37.0 71.0 53.0 
33.0 88.0 37.0 71.0 53.0 
33.0 88.0 37.0 71.0 53.0 
33.0 88.0 37.0 71.0 53.0 
33.0 88.0 37.0 71.0 53.0 
33.0 88.0 37.0 71.0 53.0 
33.0 88.0 37.0 71.0 53.0 
33.0 88.0 37.0 71.0 53.0 
33.0 88.0 37.0 71.0 53.0 
33.0 88.0 37.0 71.0 53.0 
33.0 88.0 37.0 71.0 53.0 
33.0 88.0 37.0 71.0 53.0 
33.0 88.0 37.0 71.0 53.0 
33.0 88.0 37.0 71.0 53.0 
33.0 88.0 37.0 71.0 53.0 
33.0 88.0 37.0 71.0 53.0 
33.0 88.0 37.0 71.0 53.0 
33.0 88.0 37.0 71.0 53.0 
33.0 88.0 37.0 71.0 53.0 
33.0 88.0 37.0 71.0 53.0 
33.0 88.0 37.0 71.0 53.0 
33.0 88.0 37.0 71.0 53.0 
33.0 88.0 37.0 71.0 53.0 
33.0 88.0 37.0 71.0 53.0 
33.0 88.0 37.0 71.0 53.0 
33.0 88.0 37.0 71.0 53.0 
33.0 88.0 37.0 71.0 53.0 
33.0 88.0 37.0 71.0 53.0 
33.0 88.0 37.0 71.0 53.0 
33.0 88.0 37.0 71.0 53.0 
33.0 88.0 37.0 71.0 53.0 
33.0 88.0 37.0 71.0 53.0 
33.0 88.0 37.0 71.0 53.0 
33.0 88.0 37.0 71.0 53.0 
33.0 88.0 37.0 71.0 53.0 
33.0 88.0 37.0 71.0 53.0 
33.0 88.0 37.0 71.0 53.0 
33.0 88.0 37.0 71.0 53.0 
33.0 88.0 37.0 71.0 53.0 
33.0 88.0 37.0 71.0 53.0 
33.0 88.0 37.0 71.0 53.0 
33.0 88.0 37.0 71.0 53.0 
35.0 72.0 83.0 69.0 45.0 
35.0 72.0 83.0 69.0 45.0 
35.0 72.0 83.0 69.0 45.0 
35.0 72.0 83.0 69.0 45.0 
35.0 72.0 83.0 69.0 45.0 
16.0 34.0 68.0 91.0 68.0 
16.0 34.0 68.0 91.0 68.0 
16.0 34.0 68.0 91.0 68.0 
16.0 34.0 68.0 91.0 68.0 
16.0 34.0 68.0 91.0 68.0 
16.0 34.0 68.0 91.0 68.0 
62.0 46.0 94.0 30.0 16.0 
62.0 46.0 94.0 30.0 16.0 
62.0 46.0 94.0 30.0 16.0 
62.0 46.0 94.0 30.0 16.0 
62.0 46.0 94.0 30.0 16.0 
62.0 46.0 94.0 30.0 16.0 
62.0 46.0 94.0 30.0 16.0 
62.0 46.0 94.0 30.0 16.0 
62.0 46.0 94.0 30.0 16.0 
62.0 46.0 94.0 30.0 16.0 
62.0 46.0 94.0 30.0 16.0 
62.0 46.0 94.0 30.0 16.0 
