11.0 41.0 24.0 
11.0 41.0 24.0 
11.0 41.0 24.0 
11.0 41.0 24.0 
11.0 41.0 24.0 
11.0 41.0 24.0 
11.0 41.0 24.0 
11.0 41.0 24.0 
11.0 41.0 24.0 
11.0 41.0 24.0 
11.0 41.0 24.0 
11.0 41.0 24.0 
11.0 41.0 24.0 
11.0 41.0 24.0 
11.0 41.0 24.0 
11.0 41.0 24.0 
11.0 41.0 24.0 
11.0 41.0 24.0 
11.0 41.0 24.0 
11.0 41.0 24.0 
11.0 41.0 24.0 
11.0 41.0 24.0 
11.0 41.0 24.0 
11.0 41.0 24.0 
11.0 41.0 24.0 
11.0 41.0 24.0 
11.0 41.0 24.0 
11.0 41.0 24.0 
11.0 41.0 24.0 
11.0 41.0 24.0 
11.0 41.0 24.0 
55.0 11.0 17.0 
55.0 11.0 17.0 
55.0 11.0 17.0 
55.0 11.0 17.0 
55.0 11.0 17.0 
55.0 11.0 17.0 
55.0 11.0 17.0 
55.0 11.0 17.0 
55.0 11.0 17.0 
55.0 11.0 17.0 
55.0 11.0 17.0 
55.0 11.0 17.0 
55.0 11.0 17.0 
55.0 11.0 17.0 
55.0 11.0 17.0 
55.0 11.0 17.0 
55.0 11.0 17.0 
55.0 11.0 17.0 
55.0 11.0 17.0 
55.0 11.0 17.0 
55.0 11.0 17.0 
55.0 11.0 17.0 
55.0 11.0 17.0 
84.0 33.0 98.0 
84.0 33.0 98.0 
84.0 33.0 98.0 
73.0 53.0 75.0 
73.0 53.0 75.0 
73.0 53.0 75.0 
73.0 53.0 75.0 
73.0 53.0 75.0 
73.0 53.0 75.0 
73.0 53.0 75.0 
73.0 53.0 75.0 
73.0 53.0 75.0 
73.0 53.0 75.0 
73.0 53.0 75.0 
73.0 53.0 75.0 
26.0 94.0 67.0 
26.0 94.0 67.0 
26.0 94.0 67.0 
26.0 94.0 67.0 
26.0 94.0 67.0 
26.0 94.0 67.0 
26.0 94.0 67.0 
26.0 94.0 67.0 
26.0 94.0 67.0 
26.0 94.0 67.0 
26.0 94.0 67.0 
