12.0 91.0 20.0 
12.0 91.0 20.0 
12.0 91.0 20.0 
12.0 91.0 20.0 
12.0 91.0 20.0 
12.0 91.0 20.0 
12.0 91.0 20.0 
12.0 91.0 20.0 
12.0 91.0 20.0 
12.0 91.0 20.0 
12.0 91.0 20.0 
12.0 91.0 20.0 
12.0 91.0 20.0 
12.0 91.0 20.0 
12.0 91.0 20.0 
12.0 91.0 20.0 
12.0 91.0 20.0 
12.0 91.0 20.0 
12.0 91.0 20.0 
12.0 91.0 20.0 
12.0 91.0 20.0 
12.0 91.0 20.0 
12.0 91.0 20.0 
12.0 91.0 20.0 
12.0 91.0 20.0 
12.0 91.0 20.0 
12.0 91.0 20.0 
12.0 91.0 20.0 
12.0 91.0 20.0 
12.0 91.0 20.0 
12.0 91.0 20.0 
12.0 91.0 20.0 
12.0 91.0 20.0 
12.0 91.0 20.0 
12.0 91.0 20.0 
12.0 91.0 20.0 
12.0 91.0 20.0 
12.0 91.0 20.0 
12.0 91.0 20.0 
12.0 91.0 20.0 
12.0 91.0 20.0 
12.0 91.0 20.0 
89.0 93.0 27.0 
89.0 93.0 27.0 
89.0 93.0 27.0 
89.0 93.0 27.0 
89.0 93.0 27.0 
89.0 93.0 27.0 
89.0 93.0 27.0 
89.0 93.0 27.0 
89.0 93.0 27.0 
89.0 93.0 27.0 
89.0 93.0 27.0 
89.0 93.0 27.0 
55.0 20.0 93.0 
55.0 20.0 93.0 
55.0 20.0 93.0 
55.0 20.0 93.0 
55.0 20.0 93.0 
55.0 20.0 93.0 
55.0 20.0 93.0 
55.0 20.0 93.0 
55.0 20.0 93.0 
55.0 20.0 93.0 
55.0 20.0 93.0 
55.0 20.0 93.0 
55.0 20.0 93.0 
55.0 20.0 93.0 
55.0 20.0 93.0 
55.0 20.0 93.0 
55.0 20.0 93.0 
55.0 20.0 93.0 
55.0 20.0 93.0 
87.0 82.0 14.0 
87.0 82.0 14.0 
87.0 82.0 14.0 
54.0 14.0 42.0 
54.0 14.0 42.0 
54.0 14.0 42.0 
54.0 14.0 42.0 
