96.0 90.0 98.0 86.0 
96.0 90.0 98.0 86.0 
96.0 90.0 98.0 86.0 
96.0 90.0 98.0 86.0 
96.0 90.0 98.0 86.0 
96.0 90.0 98.0 86.0 
96.0 90.0 98.0 86.0 
96.0 90.0 98.0 86.0 
96.0 90.0 98.0 86.0 
96.0 90.0 98.0 86.0 
96.0 90.0 98.0 86.0 
96.0 90.0 98.0 86.0 
96.0 90.0 98.0 86.0 
96.0 90.0 98.0 86.0 
96.0 90.0 98.0 86.0 
96.0 90.0 98.0 86.0 
96.0 90.0 98.0 86.0 
96.0 90.0 98.0 86.0 
96.0 90.0 98.0 86.0 
96.0 90.0 98.0 86.0 
96.0 90.0 98.0 86.0 
96.0 90.0 98.0 86.0 
96.0 90.0 98.0 86.0 
96.0 90.0 98.0 86.0 
96.0 90.0 98.0 86.0 
96.0 90.0 98.0 86.0 
96.0 90.0 98.0 86.0 
96.0 90.0 98.0 86.0 
96.0 90.0 98.0 86.0 
96.0 90.0 98.0 86.0 
96.0 90.0 98.0 86.0 
96.0 90.0 98.0 86.0 
96.0 90.0 98.0 86.0 
96.0 90.0 98.0 86.0 
96.0 90.0 98.0 86.0 
96.0 90.0 98.0 86.0 
96.0 90.0 98.0 86.0 
96.0 90.0 98.0 86.0 
96.0 90.0 98.0 86.0 
96.0 90.0 98.0 86.0 
96.0 90.0 98.0 86.0 
96.0 90.0 98.0 86.0 
96.0 90.0 98.0 86.0 
96.0 90.0 98.0 86.0 
96.0 90.0 98.0 86.0 
96.0 90.0 98.0 86.0 
96.0 90.0 98.0 86.0 
96.0 90.0 98.0 86.0 
96.0 90.0 98.0 86.0 
96.0 90.0 98.0 86.0 
96.0 90.0 98.0 86.0 
96.0 90.0 98.0 86.0 
96.0 90.0 98.0 86.0 
96.0 90.0 98.0 86.0 
96.0 90.0 98.0 86.0 
96.0 90.0 98.0 86.0 
96.0 90.0 98.0 86.0 
96.0 90.0 98.0 86.0 
96.0 90.0 98.0 86.0 
96.0 90.0 98.0 86.0 
96.0 90.0 98.0 86.0 
96.0 90.0 98.0 86.0 
96.0 90.0 98.0 86.0 
96.0 90.0 98.0 86.0 
96.0 90.0 98.0 86.0 
55.0 26.0 100.0 98.0 
55.0 26.0 100.0 98.0 
55.0 26.0 100.0 98.0 
55.0 26.0 100.0 98.0 
55.0 26.0 100.0 98.0 
55.0 26.0 100.0 98.0 
31.0 24.0 17.0 30.0 
31.0 24.0 17.0 30.0 
95.0 22.0 47.0 55.0 
95.0 22.0 47.0 55.0 
40.0 81.0 99.0 95.0 
40.0 81.0 99.0 95.0 
40.0 81.0 99.0 95.0 
40.0 81.0 99.0 95.0 
40.0 81.0 99.0 95.0 
