72.0 12.0 24.0 
72.0 12.0 24.0 
72.0 12.0 24.0 
61.0 73.0 34.0 
61.0 73.0 34.0 
61.0 73.0 34.0 
61.0 73.0 34.0 
61.0 73.0 34.0 
61.0 73.0 34.0 
61.0 73.0 34.0 
61.0 73.0 34.0 
61.0 73.0 34.0 
61.0 73.0 34.0 
61.0 73.0 34.0 
61.0 73.0 34.0 
61.0 73.0 34.0 
61.0 73.0 34.0 
61.0 73.0 34.0 
61.0 73.0 34.0 
61.0 73.0 34.0 
61.0 73.0 34.0 
61.0 73.0 34.0 
61.0 73.0 34.0 
61.0 73.0 34.0 
61.0 73.0 34.0 
61.0 73.0 34.0 
61.0 73.0 34.0 
61.0 73.0 34.0 
61.0 73.0 34.0 
61.0 73.0 34.0 
61.0 73.0 34.0 
61.0 73.0 34.0 
61.0 73.0 34.0 
61.0 73.0 34.0 
61.0 73.0 34.0 
61.0 73.0 34.0 
61.0 73.0 34.0 
61.0 73.0 34.0 
61.0 73.0 34.0 
61.0 73.0 34.0 
61.0 73.0 34.0 
61.0 73.0 34.0 
61.0 73.0 34.0 
61.0 73.0 34.0 
61.0 73.0 34.0 
61.0 73.0 34.0 
61.0 73.0 34.0 
61.0 73.0 34.0 
61.0 73.0 34.0 
61.0 73.0 34.0 
61.0 73.0 34.0 
61.0 73.0 34.0 
61.0 73.0 34.0 
61.0 73.0 34.0 
61.0 73.0 34.0 
61.0 73.0 34.0 
61.0 73.0 34.0 
61.0 73.0 34.0 
61.0 73.0 34.0 
61.0 73.0 34.0 
61.0 73.0 34.0 
61.0 73.0 34.0 
31.0 12.0 39.0 
31.0 12.0 39.0 
31.0 12.0 39.0 
31.0 12.0 39.0 
31.0 12.0 39.0 
31.0 12.0 39.0 
31.0 12.0 39.0 
31.0 12.0 39.0 
31.0 12.0 39.0 
31.0 12.0 39.0 
84.0 42.0 48.0 
35.0 72.0 15.0 
30.0 98.0 79.0 
30.0 98.0 79.0 
30.0 98.0 79.0 
30.0 98.0 79.0 
30.0 98.0 79.0 
30.0 98.0 79.0 
