57.0 63.0 86.0 91.0 43.0 
57.0 63.0 86.0 91.0 43.0 
57.0 63.0 86.0 91.0 43.0 
57.0 63.0 86.0 91.0 43.0 
57.0 63.0 86.0 91.0 43.0 
57.0 63.0 86.0 91.0 43.0 
57.0 63.0 86.0 91.0 43.0 
57.0 63.0 86.0 91.0 43.0 
57.0 63.0 86.0 91.0 43.0 
57.0 63.0 86.0 91.0 43.0 
57.0 63.0 86.0 91.0 43.0 
57.0 63.0 86.0 91.0 43.0 
57.0 63.0 86.0 91.0 43.0 
57.0 63.0 86.0 91.0 43.0 
57.0 63.0 86.0 91.0 43.0 
57.0 63.0 86.0 91.0 43.0 
57.0 63.0 86.0 91.0 43.0 
57.0 63.0 86.0 91.0 43.0 
57.0 63.0 86.0 91.0 43.0 
57.0 63.0 86.0 91.0 43.0 
57.0 63.0 86.0 91.0 43.0 
57.0 63.0 86.0 91.0 43.0 
57.0 63.0 86.0 91.0 43.0 
57.0 63.0 86.0 91.0 43.0 
57.0 63.0 86.0 91.0 43.0 
57.0 63.0 86.0 91.0 43.0 
57.0 63.0 86.0 91.0 43.0 
57.0 63.0 86.0 91.0 43.0 
57.0 63.0 86.0 91.0 43.0 
57.0 63.0 86.0 91.0 43.0 
57.0 63.0 86.0 91.0 43.0 
57.0 63.0 86.0 91.0 43.0 
57.0 63.0 86.0 91.0 43.0 
57.0 63.0 86.0 91.0 43.0 
57.0 63.0 86.0 91.0 43.0 
57.0 63.0 86.0 91.0 43.0 
57.0 63.0 86.0 91.0 43.0 
57.0 63.0 86.0 91.0 43.0 
57.0 63.0 86.0 91.0 43.0 
57.0 63.0 86.0 91.0 43.0 
57.0 63.0 86.0 91.0 43.0 
57.0 63.0 86.0 91.0 43.0 
57.0 63.0 86.0 91.0 43.0 
57.0 63.0 86.0 91.0 43.0 
57.0 63.0 86.0 91.0 43.0 
57.0 63.0 86.0 91.0 43.0 
57.0 63.0 86.0 91.0 43.0 
57.0 63.0 86.0 91.0 43.0 
57.0 63.0 86.0 91.0 43.0 
57.0 63.0 86.0 91.0 43.0 
57.0 63.0 86.0 91.0 43.0 
57.0 63.0 86.0 91.0 43.0 
57.0 63.0 86.0 91.0 43.0 
57.0 63.0 86.0 91.0 43.0 
57.0 63.0 86.0 91.0 43.0 
57.0 63.0 86.0 91.0 43.0 
57.0 63.0 86.0 91.0 43.0 
57.0 63.0 86.0 91.0 43.0 
57.0 63.0 86.0 91.0 43.0 
57.0 63.0 86.0 91.0 43.0 
57.0 63.0 86.0 91.0 43.0 
57.0 63.0 86.0 91.0 43.0 
57.0 63.0 86.0 91.0 43.0 
57.0 63.0 86.0 91.0 43.0 
57.0 63.0 86.0 91.0 43.0 
57.0 63.0 86.0 91.0 43.0 
57.0 63.0 86.0 91.0 43.0 
57.0 63.0 86.0 91.0 43.0 
57.0 63.0 86.0 91.0 43.0 
57.0 63.0 86.0 91.0 43.0 
57.0 63.0 86.0 91.0 43.0 
56.0 68.0 50.0 64.0 85.0 
73.0 72.0 60.0 73.0 17.0 
73.0 72.0 60.0 73.0 17.0 
79.0 84.0 95.0 62.0 70.0 
79.0 84.0 95.0 62.0 70.0 
42.0 37.0 57.0 37.0 69.0 
42.0 37.0 57.0 37.0 69.0 
47.0 60.0 60.0 27.0 70.0 
47.0 60.0 60.0 27.0 70.0 
