42.0 50.0 98.0 89.0 
42.0 50.0 98.0 89.0 
42.0 50.0 98.0 89.0 
42.0 50.0 98.0 89.0 
42.0 50.0 98.0 89.0 
42.0 50.0 98.0 89.0 
42.0 50.0 98.0 89.0 
42.0 50.0 98.0 89.0 
42.0 50.0 98.0 89.0 
42.0 50.0 98.0 89.0 
42.0 50.0 98.0 89.0 
42.0 50.0 98.0 89.0 
42.0 50.0 98.0 89.0 
42.0 50.0 98.0 89.0 
42.0 50.0 98.0 89.0 
42.0 50.0 98.0 89.0 
42.0 50.0 98.0 89.0 
42.0 50.0 98.0 89.0 
42.0 50.0 98.0 89.0 
42.0 50.0 98.0 89.0 
42.0 50.0 98.0 89.0 
42.0 50.0 98.0 89.0 
42.0 50.0 98.0 89.0 
42.0 50.0 98.0 89.0 
42.0 50.0 98.0 89.0 
42.0 50.0 98.0 89.0 
42.0 50.0 98.0 89.0 
42.0 50.0 98.0 89.0 
42.0 50.0 98.0 89.0 
42.0 50.0 98.0 89.0 
42.0 50.0 98.0 89.0 
42.0 50.0 98.0 89.0 
42.0 50.0 98.0 89.0 
42.0 50.0 98.0 89.0 
42.0 50.0 98.0 89.0 
42.0 50.0 98.0 89.0 
42.0 50.0 98.0 89.0 
42.0 50.0 98.0 89.0 
42.0 50.0 98.0 89.0 
42.0 50.0 98.0 89.0 
42.0 50.0 98.0 89.0 
42.0 50.0 98.0 89.0 
42.0 50.0 98.0 89.0 
42.0 50.0 98.0 89.0 
42.0 50.0 98.0 89.0 
42.0 50.0 98.0 89.0 
42.0 50.0 98.0 89.0 
42.0 50.0 98.0 89.0 
42.0 50.0 98.0 89.0 
90.0 74.0 62.0 82.0 
90.0 74.0 62.0 82.0 
90.0 74.0 62.0 82.0 
90.0 74.0 62.0 82.0 
90.0 74.0 62.0 82.0 
90.0 74.0 62.0 82.0 
90.0 74.0 62.0 82.0 
90.0 74.0 62.0 82.0 
90.0 74.0 62.0 82.0 
90.0 74.0 62.0 82.0 
90.0 74.0 62.0 82.0 
90.0 74.0 62.0 82.0 
90.0 74.0 62.0 82.0 
90.0 74.0 62.0 82.0 
90.0 74.0 62.0 82.0 
90.0 74.0 62.0 82.0 
90.0 74.0 62.0 82.0 
90.0 74.0 62.0 82.0 
90.0 74.0 62.0 82.0 
90.0 74.0 62.0 82.0 
90.0 74.0 62.0 82.0 
90.0 74.0 62.0 82.0 
90.0 74.0 62.0 82.0 
90.0 74.0 62.0 82.0 
90.0 74.0 62.0 82.0 
33.0 71.0 74.0 11.0 
33.0 71.0 74.0 11.0 
42.0 30.0 16.0 33.0 
98.0 58.0 22.0 76.0 
51.0 40.0 58.0 64.0 
51.0 40.0 58.0 64.0 
