54.0 30.0 88.0 86.0 71.0 
54.0 30.0 88.0 86.0 71.0 
54.0 30.0 88.0 86.0 71.0 
54.0 30.0 88.0 86.0 71.0 
54.0 30.0 88.0 86.0 71.0 
54.0 30.0 88.0 86.0 71.0 
54.0 30.0 88.0 86.0 71.0 
54.0 30.0 88.0 86.0 71.0 
54.0 30.0 88.0 86.0 71.0 
54.0 30.0 88.0 86.0 71.0 
54.0 30.0 88.0 86.0 71.0 
54.0 30.0 88.0 86.0 71.0 
54.0 30.0 88.0 86.0 71.0 
54.0 30.0 88.0 86.0 71.0 
54.0 30.0 88.0 86.0 71.0 
54.0 30.0 88.0 86.0 71.0 
54.0 30.0 88.0 86.0 71.0 
54.0 30.0 88.0 86.0 71.0 
54.0 30.0 88.0 86.0 71.0 
54.0 30.0 88.0 86.0 71.0 
54.0 30.0 88.0 86.0 71.0 
54.0 30.0 88.0 86.0 71.0 
54.0 30.0 88.0 86.0 71.0 
54.0 30.0 88.0 86.0 71.0 
54.0 30.0 88.0 86.0 71.0 
54.0 30.0 88.0 86.0 71.0 
54.0 30.0 88.0 86.0 71.0 
54.0 30.0 88.0 86.0 71.0 
54.0 30.0 88.0 86.0 71.0 
54.0 30.0 88.0 86.0 71.0 
54.0 30.0 88.0 86.0 71.0 
54.0 30.0 88.0 86.0 71.0 
61.0 90.0 31.0 66.0 99.0 
61.0 90.0 31.0 66.0 99.0 
61.0 90.0 31.0 66.0 99.0 
61.0 90.0 31.0 66.0 99.0 
61.0 90.0 31.0 66.0 99.0 
61.0 90.0 31.0 66.0 99.0 
61.0 90.0 31.0 66.0 99.0 
61.0 90.0 31.0 66.0 99.0 
61.0 90.0 31.0 66.0 99.0 
61.0 90.0 31.0 66.0 99.0 
61.0 90.0 31.0 66.0 99.0 
61.0 90.0 31.0 66.0 99.0 
61.0 90.0 31.0 66.0 99.0 
61.0 90.0 31.0 66.0 99.0 
61.0 90.0 31.0 66.0 99.0 
61.0 90.0 31.0 66.0 99.0 
61.0 90.0 31.0 66.0 99.0 
61.0 90.0 31.0 66.0 99.0 
61.0 90.0 31.0 66.0 99.0 
61.0 90.0 31.0 66.0 99.0 
61.0 90.0 31.0 66.0 99.0 
61.0 90.0 31.0 66.0 99.0 
61.0 90.0 31.0 66.0 99.0 
61.0 90.0 31.0 66.0 99.0 
61.0 90.0 31.0 66.0 99.0 
61.0 90.0 31.0 66.0 99.0 
99.0 12.0 53.0 25.0 32.0 
99.0 12.0 53.0 25.0 32.0 
99.0 12.0 53.0 25.0 32.0 
99.0 12.0 53.0 25.0 32.0 
99.0 12.0 53.0 25.0 32.0 
51.0 80.0 59.0 98.0 98.0 
51.0 80.0 59.0 98.0 98.0 
51.0 80.0 59.0 98.0 98.0 
51.0 80.0 59.0 98.0 98.0 
51.0 80.0 59.0 98.0 98.0 
51.0 80.0 59.0 98.0 98.0 
51.0 80.0 59.0 98.0 98.0 
51.0 80.0 59.0 98.0 98.0 
51.0 80.0 59.0 98.0 98.0 
67.0 27.0 61.0 16.0 66.0 
21.0 65.0 53.0 66.0 60.0 
21.0 65.0 53.0 66.0 60.0 
21.0 65.0 53.0 66.0 60.0 
21.0 65.0 53.0 66.0 60.0 
21.0 65.0 53.0 66.0 60.0 
21.0 65.0 53.0 66.0 60.0 
21.0 65.0 53.0 66.0 60.0 
