12.0 80.0 20.0 15.0 61.0 
12.0 80.0 20.0 15.0 61.0 
12.0 80.0 20.0 15.0 61.0 
12.0 80.0 20.0 15.0 61.0 
12.0 80.0 20.0 15.0 61.0 
12.0 80.0 20.0 15.0 61.0 
12.0 80.0 20.0 15.0 61.0 
12.0 80.0 20.0 15.0 61.0 
12.0 80.0 20.0 15.0 61.0 
12.0 80.0 20.0 15.0 61.0 
12.0 80.0 20.0 15.0 61.0 
12.0 80.0 20.0 15.0 61.0 
12.0 80.0 20.0 15.0 61.0 
12.0 80.0 20.0 15.0 61.0 
12.0 80.0 20.0 15.0 61.0 
12.0 80.0 20.0 15.0 61.0 
12.0 80.0 20.0 15.0 61.0 
12.0 80.0 20.0 15.0 61.0 
12.0 80.0 20.0 15.0 61.0 
12.0 80.0 20.0 15.0 61.0 
12.0 80.0 20.0 15.0 61.0 
12.0 80.0 20.0 15.0 61.0 
12.0 80.0 20.0 15.0 61.0 
12.0 80.0 20.0 15.0 61.0 
12.0 80.0 20.0 15.0 61.0 
12.0 80.0 20.0 15.0 61.0 
12.0 80.0 20.0 15.0 61.0 
12.0 80.0 20.0 15.0 61.0 
12.0 80.0 20.0 15.0 61.0 
12.0 80.0 20.0 15.0 61.0 
12.0 80.0 20.0 15.0 61.0 
12.0 80.0 20.0 15.0 61.0 
12.0 80.0 20.0 15.0 61.0 
12.0 80.0 20.0 15.0 61.0 
12.0 80.0 20.0 15.0 61.0 
30.0 71.0 19.0 99.0 45.0 
30.0 71.0 19.0 99.0 45.0 
30.0 71.0 19.0 99.0 45.0 
30.0 71.0 19.0 99.0 45.0 
30.0 71.0 19.0 99.0 45.0 
30.0 71.0 19.0 99.0 45.0 
30.0 71.0 19.0 99.0 45.0 
30.0 71.0 19.0 99.0 45.0 
30.0 71.0 19.0 99.0 45.0 
30.0 71.0 19.0 99.0 45.0 
30.0 71.0 19.0 99.0 45.0 
30.0 71.0 19.0 99.0 45.0 
30.0 71.0 19.0 99.0 45.0 
30.0 71.0 19.0 99.0 45.0 
75.0 21.0 59.0 59.0 57.0 
75.0 21.0 59.0 59.0 57.0 
75.0 21.0 59.0 59.0 57.0 
75.0 21.0 59.0 59.0 57.0 
75.0 21.0 59.0 59.0 57.0 
75.0 21.0 59.0 59.0 57.0 
75.0 21.0 59.0 59.0 57.0 
75.0 21.0 59.0 59.0 57.0 
75.0 21.0 59.0 59.0 57.0 
75.0 21.0 59.0 59.0 57.0 
75.0 21.0 59.0 59.0 57.0 
75.0 21.0 59.0 59.0 57.0 
75.0 21.0 59.0 59.0 57.0 
75.0 21.0 59.0 59.0 57.0 
75.0 21.0 59.0 59.0 57.0 
75.0 21.0 59.0 59.0 57.0 
75.0 21.0 59.0 59.0 57.0 
75.0 21.0 59.0 59.0 57.0 
75.0 21.0 59.0 59.0 57.0 
75.0 21.0 59.0 59.0 57.0 
75.0 21.0 59.0 59.0 57.0 
75.0 21.0 59.0 59.0 57.0 
75.0 21.0 59.0 59.0 57.0 
75.0 21.0 59.0 59.0 57.0 
75.0 21.0 59.0 59.0 57.0 
44.0 68.0 33.0 49.0 32.0 
44.0 68.0 33.0 49.0 32.0 
33.0 14.0 34.0 57.0 45.0 
33.0 14.0 34.0 57.0 45.0 
16.0 79.0 54.0 50.0 92.0 
16.0 79.0 54.0 50.0 92.0 
