75.0 84.0 33.0 75.0 94.0 
75.0 84.0 33.0 75.0 94.0 
61.0 43.0 97.0 75.0 89.0 
61.0 43.0 97.0 75.0 89.0 
61.0 43.0 97.0 75.0 89.0 
61.0 43.0 97.0 75.0 89.0 
61.0 43.0 97.0 75.0 89.0 
61.0 43.0 97.0 75.0 89.0 
61.0 43.0 97.0 75.0 89.0 
61.0 43.0 97.0 75.0 89.0 
61.0 43.0 97.0 75.0 89.0 
61.0 43.0 97.0 75.0 89.0 
61.0 43.0 97.0 75.0 89.0 
61.0 43.0 97.0 75.0 89.0 
61.0 43.0 97.0 75.0 89.0 
61.0 43.0 97.0 75.0 89.0 
61.0 43.0 97.0 75.0 89.0 
61.0 43.0 97.0 75.0 89.0 
61.0 43.0 97.0 75.0 89.0 
61.0 43.0 97.0 75.0 89.0 
61.0 43.0 97.0 75.0 89.0 
61.0 43.0 97.0 75.0 89.0 
61.0 43.0 97.0 75.0 89.0 
61.0 43.0 97.0 75.0 89.0 
61.0 43.0 97.0 75.0 89.0 
56.0 79.0 89.0 79.0 19.0 
56.0 79.0 89.0 79.0 19.0 
56.0 79.0 89.0 79.0 19.0 
56.0 79.0 89.0 79.0 19.0 
56.0 79.0 89.0 79.0 19.0 
56.0 79.0 89.0 79.0 19.0 
56.0 79.0 89.0 79.0 19.0 
56.0 79.0 89.0 79.0 19.0 
56.0 79.0 89.0 79.0 19.0 
56.0 79.0 89.0 79.0 19.0 
56.0 79.0 89.0 79.0 19.0 
56.0 79.0 89.0 79.0 19.0 
56.0 79.0 89.0 79.0 19.0 
56.0 79.0 89.0 79.0 19.0 
56.0 79.0 89.0 79.0 19.0 
56.0 79.0 89.0 79.0 19.0 
56.0 79.0 89.0 79.0 19.0 
56.0 79.0 89.0 79.0 19.0 
56.0 79.0 89.0 79.0 19.0 
56.0 79.0 89.0 79.0 19.0 
56.0 79.0 89.0 79.0 19.0 
56.0 79.0 89.0 79.0 19.0 
56.0 79.0 89.0 79.0 19.0 
56.0 79.0 89.0 79.0 19.0 
56.0 79.0 89.0 79.0 19.0 
56.0 79.0 89.0 79.0 19.0 
56.0 79.0 89.0 79.0 19.0 
56.0 79.0 89.0 79.0 19.0 
56.0 79.0 89.0 79.0 19.0 
56.0 79.0 89.0 79.0 19.0 
56.0 79.0 89.0 79.0 19.0 
56.0 79.0 89.0 79.0 19.0 
56.0 79.0 89.0 79.0 19.0 
56.0 79.0 89.0 79.0 19.0 
56.0 79.0 89.0 79.0 19.0 
56.0 79.0 89.0 79.0 19.0 
56.0 79.0 89.0 79.0 19.0 
67.0 74.0 34.0 90.0 43.0 
67.0 74.0 34.0 90.0 43.0 
67.0 74.0 34.0 90.0 43.0 
67.0 74.0 34.0 90.0 43.0 
67.0 74.0 34.0 90.0 43.0 
67.0 74.0 34.0 90.0 43.0 
67.0 74.0 34.0 90.0 43.0 
67.0 74.0 34.0 90.0 43.0 
67.0 74.0 34.0 90.0 43.0 
67.0 74.0 34.0 90.0 43.0 
67.0 74.0 34.0 90.0 43.0 
67.0 74.0 34.0 90.0 43.0 
67.0 74.0 34.0 90.0 43.0 
67.0 74.0 34.0 90.0 43.0 
67.0 74.0 34.0 90.0 43.0 
59.0 30.0 91.0 18.0 99.0 
12.0 30.0 92.0 79.0 99.0 
12.0 30.0 92.0 79.0 99.0 
