78.0 11.0 44.0 11.0 
78.0 11.0 44.0 11.0 
78.0 11.0 44.0 11.0 
78.0 11.0 44.0 11.0 
78.0 11.0 44.0 11.0 
78.0 11.0 44.0 11.0 
78.0 11.0 44.0 11.0 
78.0 11.0 44.0 11.0 
78.0 11.0 44.0 11.0 
78.0 11.0 44.0 11.0 
85.0 51.0 30.0 86.0 
85.0 51.0 30.0 86.0 
85.0 51.0 30.0 86.0 
85.0 51.0 30.0 86.0 
85.0 51.0 30.0 86.0 
85.0 51.0 30.0 86.0 
85.0 51.0 30.0 86.0 
85.0 51.0 30.0 86.0 
85.0 51.0 30.0 86.0 
85.0 51.0 30.0 86.0 
85.0 51.0 30.0 86.0 
85.0 51.0 30.0 86.0 
85.0 51.0 30.0 86.0 
85.0 51.0 30.0 86.0 
85.0 51.0 30.0 86.0 
85.0 51.0 30.0 86.0 
85.0 51.0 30.0 86.0 
85.0 51.0 30.0 86.0 
85.0 51.0 30.0 86.0 
85.0 51.0 30.0 86.0 
85.0 51.0 30.0 86.0 
85.0 51.0 30.0 86.0 
85.0 51.0 30.0 86.0 
85.0 51.0 30.0 86.0 
85.0 51.0 30.0 86.0 
85.0 51.0 30.0 86.0 
85.0 51.0 30.0 86.0 
85.0 51.0 30.0 86.0 
85.0 51.0 30.0 86.0 
85.0 51.0 30.0 86.0 
85.0 51.0 30.0 86.0 
85.0 51.0 30.0 86.0 
85.0 51.0 30.0 86.0 
85.0 51.0 30.0 86.0 
85.0 51.0 30.0 86.0 
85.0 51.0 30.0 86.0 
85.0 51.0 30.0 86.0 
85.0 51.0 30.0 86.0 
85.0 51.0 30.0 86.0 
85.0 51.0 30.0 86.0 
85.0 51.0 30.0 86.0 
85.0 51.0 30.0 86.0 
85.0 51.0 30.0 86.0 
85.0 51.0 30.0 86.0 
85.0 51.0 30.0 86.0 
85.0 51.0 30.0 86.0 
85.0 51.0 30.0 86.0 
85.0 51.0 30.0 86.0 
85.0 51.0 30.0 86.0 
85.0 51.0 30.0 86.0 
85.0 51.0 30.0 86.0 
85.0 51.0 30.0 86.0 
85.0 51.0 30.0 86.0 
85.0 51.0 30.0 86.0 
85.0 51.0 30.0 86.0 
85.0 51.0 30.0 86.0 
85.0 51.0 30.0 86.0 
85.0 51.0 30.0 86.0 
85.0 51.0 30.0 86.0 
85.0 51.0 30.0 86.0 
85.0 51.0 30.0 86.0 
85.0 51.0 30.0 86.0 
85.0 51.0 30.0 86.0 
77.0 82.0 93.0 36.0 
77.0 82.0 93.0 36.0 
60.0 82.0 52.0 95.0 
60.0 82.0 52.0 95.0 
98.0 81.0 40.0 26.0 
60.0 78.0 11.0 92.0 
60.0 78.0 11.0 92.0 
