26.0 68.0 18.0 
26.0 68.0 18.0 
26.0 68.0 18.0 
26.0 68.0 18.0 
26.0 68.0 18.0 
26.0 68.0 18.0 
26.0 68.0 18.0 
26.0 68.0 18.0 
26.0 68.0 18.0 
26.0 68.0 18.0 
26.0 68.0 18.0 
26.0 68.0 18.0 
26.0 68.0 18.0 
26.0 68.0 18.0 
26.0 68.0 18.0 
26.0 68.0 18.0 
26.0 68.0 18.0 
26.0 68.0 18.0 
26.0 68.0 18.0 
26.0 68.0 18.0 
26.0 68.0 18.0 
26.0 68.0 18.0 
26.0 68.0 18.0 
26.0 68.0 18.0 
26.0 68.0 18.0 
26.0 68.0 18.0 
26.0 68.0 18.0 
26.0 68.0 18.0 
26.0 68.0 18.0 
26.0 68.0 18.0 
26.0 68.0 18.0 
42.0 12.0 61.0 
42.0 12.0 61.0 
42.0 12.0 61.0 
42.0 12.0 61.0 
42.0 12.0 61.0 
42.0 12.0 61.0 
42.0 12.0 61.0 
42.0 12.0 61.0 
42.0 12.0 61.0 
42.0 12.0 61.0 
42.0 12.0 61.0 
42.0 12.0 61.0 
42.0 12.0 61.0 
42.0 12.0 61.0 
42.0 12.0 61.0 
42.0 12.0 61.0 
42.0 12.0 61.0 
42.0 12.0 61.0 
42.0 12.0 61.0 
42.0 12.0 61.0 
42.0 12.0 61.0 
86.0 83.0 18.0 
86.0 83.0 18.0 
86.0 83.0 18.0 
86.0 83.0 18.0 
86.0 83.0 18.0 
86.0 83.0 18.0 
86.0 83.0 18.0 
86.0 83.0 18.0 
86.0 83.0 18.0 
78.0 71.0 46.0 
78.0 71.0 46.0 
78.0 71.0 46.0 
78.0 71.0 46.0 
78.0 71.0 46.0 
78.0 71.0 46.0 
78.0 71.0 46.0 
76.0 32.0 76.0 
76.0 32.0 76.0 
76.0 32.0 76.0 
76.0 32.0 76.0 
76.0 32.0 76.0 
76.0 32.0 76.0 
76.0 32.0 76.0 
76.0 32.0 76.0 
76.0 32.0 76.0 
82.0 95.0 49.0 
82.0 95.0 49.0 
82.0 95.0 49.0 
