66.0 80.0 93.0 12.0 
66.0 80.0 93.0 12.0 
66.0 80.0 93.0 12.0 
66.0 80.0 93.0 12.0 
66.0 80.0 93.0 12.0 
66.0 80.0 93.0 12.0 
66.0 80.0 93.0 12.0 
66.0 80.0 93.0 12.0 
66.0 80.0 93.0 12.0 
66.0 80.0 93.0 12.0 
66.0 80.0 93.0 12.0 
66.0 80.0 93.0 12.0 
66.0 80.0 93.0 12.0 
66.0 80.0 93.0 12.0 
66.0 80.0 93.0 12.0 
66.0 80.0 93.0 12.0 
66.0 80.0 93.0 12.0 
66.0 80.0 93.0 12.0 
66.0 80.0 93.0 12.0 
66.0 80.0 93.0 12.0 
66.0 80.0 93.0 12.0 
66.0 80.0 93.0 12.0 
66.0 80.0 93.0 12.0 
66.0 80.0 93.0 12.0 
66.0 80.0 93.0 12.0 
66.0 80.0 93.0 12.0 
66.0 80.0 93.0 12.0 
66.0 80.0 93.0 12.0 
66.0 80.0 93.0 12.0 
66.0 80.0 93.0 12.0 
66.0 80.0 93.0 12.0 
66.0 80.0 93.0 12.0 
66.0 80.0 93.0 12.0 
66.0 80.0 93.0 12.0 
66.0 80.0 93.0 12.0 
66.0 80.0 93.0 12.0 
66.0 80.0 93.0 12.0 
66.0 80.0 93.0 12.0 
66.0 80.0 93.0 12.0 
66.0 80.0 93.0 12.0 
66.0 80.0 93.0 12.0 
66.0 80.0 93.0 12.0 
66.0 80.0 93.0 12.0 
66.0 80.0 93.0 12.0 
66.0 80.0 93.0 12.0 
80.0 60.0 54.0 74.0 
80.0 60.0 54.0 74.0 
80.0 60.0 54.0 74.0 
80.0 60.0 54.0 74.0 
80.0 60.0 54.0 74.0 
80.0 60.0 54.0 74.0 
80.0 60.0 54.0 74.0 
80.0 60.0 54.0 74.0 
80.0 60.0 54.0 74.0 
80.0 60.0 54.0 74.0 
80.0 60.0 54.0 74.0 
80.0 60.0 54.0 74.0 
80.0 60.0 54.0 74.0 
80.0 60.0 54.0 74.0 
80.0 60.0 54.0 74.0 
80.0 60.0 54.0 74.0 
30.0 97.0 79.0 25.0 
30.0 97.0 79.0 25.0 
30.0 97.0 79.0 25.0 
30.0 97.0 79.0 25.0 
30.0 97.0 79.0 25.0 
79.0 13.0 68.0 64.0 
79.0 13.0 68.0 64.0 
79.0 13.0 68.0 64.0 
79.0 13.0 68.0 64.0 
79.0 13.0 68.0 64.0 
79.0 13.0 68.0 64.0 
93.0 78.0 59.0 43.0 
93.0 78.0 59.0 43.0 
93.0 78.0 59.0 43.0 
93.0 78.0 59.0 43.0 
93.0 78.0 59.0 43.0 
78.0 53.0 67.0 37.0 
78.0 53.0 67.0 37.0 
78.0 53.0 67.0 37.0 
