69.0 66.0 52.0 72.0 42.0 
69.0 66.0 52.0 72.0 42.0 
69.0 66.0 52.0 72.0 42.0 
69.0 66.0 52.0 72.0 42.0 
69.0 66.0 52.0 72.0 42.0 
69.0 66.0 52.0 72.0 42.0 
69.0 66.0 52.0 72.0 42.0 
69.0 66.0 52.0 72.0 42.0 
69.0 66.0 52.0 72.0 42.0 
69.0 66.0 52.0 72.0 42.0 
69.0 66.0 52.0 72.0 42.0 
69.0 66.0 52.0 72.0 42.0 
69.0 66.0 52.0 72.0 42.0 
69.0 66.0 52.0 72.0 42.0 
69.0 66.0 52.0 72.0 42.0 
69.0 66.0 52.0 72.0 42.0 
69.0 66.0 52.0 72.0 42.0 
69.0 66.0 52.0 72.0 42.0 
69.0 66.0 52.0 72.0 42.0 
69.0 66.0 52.0 72.0 42.0 
69.0 66.0 52.0 72.0 42.0 
69.0 66.0 52.0 72.0 42.0 
69.0 66.0 52.0 72.0 42.0 
69.0 66.0 52.0 72.0 42.0 
69.0 66.0 52.0 72.0 42.0 
69.0 66.0 52.0 72.0 42.0 
69.0 66.0 52.0 72.0 42.0 
69.0 66.0 52.0 72.0 42.0 
69.0 66.0 52.0 72.0 42.0 
69.0 66.0 52.0 72.0 42.0 
69.0 66.0 52.0 72.0 42.0 
69.0 66.0 52.0 72.0 42.0 
69.0 66.0 52.0 72.0 42.0 
69.0 66.0 52.0 72.0 42.0 
69.0 66.0 52.0 72.0 42.0 
69.0 66.0 52.0 72.0 42.0 
69.0 66.0 52.0 72.0 42.0 
69.0 66.0 52.0 72.0 42.0 
69.0 66.0 52.0 72.0 42.0 
69.0 66.0 52.0 72.0 42.0 
69.0 66.0 52.0 72.0 42.0 
69.0 66.0 52.0 72.0 42.0 
69.0 66.0 52.0 72.0 42.0 
69.0 66.0 52.0 72.0 42.0 
69.0 66.0 52.0 72.0 42.0 
69.0 66.0 52.0 72.0 42.0 
69.0 66.0 52.0 72.0 42.0 
69.0 66.0 52.0 72.0 42.0 
69.0 66.0 52.0 72.0 42.0 
69.0 66.0 52.0 72.0 42.0 
69.0 66.0 52.0 72.0 42.0 
69.0 66.0 52.0 72.0 42.0 
69.0 66.0 52.0 72.0 42.0 
69.0 66.0 52.0 72.0 42.0 
69.0 66.0 52.0 72.0 42.0 
69.0 66.0 52.0 72.0 42.0 
100.0 100.0 32.0 71.0 81.0 
100.0 100.0 32.0 71.0 81.0 
100.0 100.0 32.0 71.0 81.0 
100.0 100.0 32.0 71.0 81.0 
100.0 100.0 32.0 71.0 81.0 
100.0 100.0 32.0 71.0 81.0 
100.0 100.0 32.0 71.0 81.0 
100.0 100.0 32.0 71.0 81.0 
48.0 12.0 59.0 54.0 62.0 
48.0 12.0 59.0 54.0 62.0 
48.0 12.0 59.0 54.0 62.0 
48.0 12.0 59.0 54.0 62.0 
48.0 12.0 59.0 54.0 62.0 
48.0 12.0 59.0 54.0 62.0 
48.0 12.0 59.0 54.0 62.0 
48.0 12.0 59.0 54.0 62.0 
48.0 12.0 59.0 54.0 62.0 
17.0 28.0 96.0 91.0 11.0 
13.0 64.0 69.0 36.0 59.0 
94.0 68.0 72.0 50.0 54.0 
94.0 68.0 72.0 50.0 54.0 
94.0 68.0 72.0 50.0 54.0 
94.0 68.0 72.0 50.0 54.0 
94.0 68.0 72.0 50.0 54.0 
