67.0 35.0 27.0 72.0 
67.0 35.0 27.0 72.0 
71.0 22.0 44.0 82.0 
71.0 22.0 44.0 82.0 
71.0 22.0 44.0 82.0 
71.0 22.0 44.0 82.0 
71.0 22.0 44.0 82.0 
71.0 22.0 44.0 82.0 
49.0 83.0 89.0 85.0 
49.0 83.0 89.0 85.0 
49.0 83.0 89.0 85.0 
49.0 83.0 89.0 85.0 
49.0 83.0 89.0 85.0 
49.0 83.0 89.0 85.0 
49.0 83.0 89.0 85.0 
49.0 83.0 89.0 85.0 
49.0 83.0 89.0 85.0 
49.0 83.0 89.0 85.0 
49.0 83.0 89.0 85.0 
49.0 83.0 89.0 85.0 
49.0 83.0 89.0 85.0 
49.0 83.0 89.0 85.0 
49.0 83.0 89.0 85.0 
49.0 83.0 89.0 85.0 
49.0 83.0 89.0 85.0 
49.0 83.0 89.0 85.0 
49.0 83.0 89.0 85.0 
49.0 83.0 89.0 85.0 
49.0 83.0 89.0 85.0 
49.0 83.0 89.0 85.0 
49.0 83.0 89.0 85.0 
49.0 83.0 89.0 85.0 
49.0 83.0 89.0 85.0 
49.0 83.0 89.0 85.0 
49.0 83.0 89.0 85.0 
49.0 83.0 89.0 85.0 
49.0 83.0 89.0 85.0 
49.0 83.0 89.0 85.0 
49.0 83.0 89.0 85.0 
49.0 83.0 89.0 85.0 
49.0 83.0 89.0 85.0 
49.0 83.0 89.0 85.0 
49.0 83.0 89.0 85.0 
49.0 83.0 89.0 85.0 
49.0 83.0 89.0 85.0 
49.0 83.0 89.0 85.0 
49.0 83.0 89.0 85.0 
49.0 83.0 89.0 85.0 
49.0 83.0 89.0 85.0 
49.0 83.0 89.0 85.0 
49.0 83.0 89.0 85.0 
49.0 83.0 89.0 85.0 
49.0 83.0 89.0 85.0 
49.0 83.0 89.0 85.0 
49.0 83.0 89.0 85.0 
49.0 83.0 89.0 85.0 
49.0 83.0 89.0 85.0 
49.0 83.0 89.0 85.0 
49.0 83.0 89.0 85.0 
49.0 83.0 89.0 85.0 
73.0 84.0 79.0 18.0 
73.0 84.0 79.0 18.0 
73.0 84.0 79.0 18.0 
73.0 84.0 79.0 18.0 
73.0 84.0 79.0 18.0 
73.0 84.0 79.0 18.0 
73.0 84.0 79.0 18.0 
73.0 84.0 79.0 18.0 
73.0 84.0 79.0 18.0 
73.0 84.0 79.0 18.0 
41.0 28.0 100.0 37.0 
41.0 28.0 100.0 37.0 
41.0 28.0 100.0 37.0 
41.0 28.0 100.0 37.0 
41.0 28.0 100.0 37.0 
83.0 99.0 98.0 29.0 
83.0 99.0 98.0 29.0 
83.0 99.0 98.0 29.0 
83.0 99.0 98.0 29.0 
83.0 99.0 98.0 29.0 
