99.0 40.0 50.0 
99.0 40.0 50.0 
99.0 40.0 50.0 
99.0 40.0 50.0 
99.0 40.0 50.0 
99.0 40.0 50.0 
99.0 40.0 50.0 
99.0 40.0 50.0 
99.0 40.0 50.0 
99.0 40.0 50.0 
99.0 40.0 50.0 
99.0 40.0 50.0 
99.0 40.0 50.0 
99.0 40.0 50.0 
99.0 40.0 50.0 
99.0 40.0 50.0 
99.0 40.0 50.0 
99.0 40.0 50.0 
99.0 40.0 50.0 
99.0 40.0 50.0 
99.0 40.0 50.0 
99.0 40.0 50.0 
99.0 40.0 50.0 
99.0 40.0 50.0 
99.0 40.0 50.0 
99.0 40.0 50.0 
99.0 40.0 50.0 
99.0 40.0 50.0 
99.0 40.0 50.0 
99.0 40.0 50.0 
99.0 40.0 50.0 
99.0 40.0 50.0 
99.0 40.0 50.0 
99.0 40.0 50.0 
99.0 40.0 50.0 
99.0 40.0 50.0 
99.0 40.0 50.0 
99.0 40.0 50.0 
99.0 40.0 50.0 
99.0 40.0 50.0 
99.0 40.0 50.0 
99.0 40.0 50.0 
99.0 40.0 50.0 
99.0 40.0 50.0 
99.0 40.0 50.0 
99.0 40.0 50.0 
99.0 40.0 50.0 
99.0 40.0 50.0 
99.0 40.0 50.0 
99.0 40.0 50.0 
99.0 40.0 50.0 
99.0 40.0 50.0 
99.0 40.0 50.0 
99.0 40.0 50.0 
99.0 40.0 50.0 
99.0 40.0 50.0 
99.0 40.0 50.0 
99.0 40.0 50.0 
99.0 40.0 50.0 
99.0 40.0 50.0 
23.0 43.0 59.0 
23.0 43.0 59.0 
23.0 43.0 59.0 
23.0 43.0 59.0 
23.0 43.0 59.0 
23.0 43.0 59.0 
23.0 43.0 59.0 
23.0 43.0 59.0 
23.0 43.0 59.0 
23.0 43.0 59.0 
23.0 43.0 59.0 
23.0 43.0 59.0 
23.0 43.0 59.0 
97.0 19.0 18.0 
20.0 12.0 25.0 
82.0 30.0 85.0 
82.0 30.0 85.0 
82.0 30.0 85.0 
52.0 54.0 42.0 
52.0 54.0 42.0 
