92.0 73.0 19.0 
92.0 73.0 19.0 
92.0 73.0 19.0 
92.0 73.0 19.0 
92.0 73.0 19.0 
92.0 73.0 19.0 
92.0 73.0 19.0 
92.0 73.0 19.0 
92.0 73.0 19.0 
92.0 73.0 19.0 
92.0 73.0 19.0 
92.0 73.0 19.0 
92.0 73.0 19.0 
92.0 73.0 19.0 
92.0 73.0 19.0 
92.0 73.0 19.0 
92.0 73.0 19.0 
92.0 73.0 19.0 
92.0 73.0 19.0 
92.0 73.0 19.0 
92.0 73.0 19.0 
92.0 73.0 19.0 
92.0 73.0 19.0 
92.0 73.0 19.0 
92.0 73.0 19.0 
92.0 73.0 19.0 
92.0 73.0 19.0 
92.0 73.0 19.0 
92.0 73.0 19.0 
92.0 73.0 19.0 
92.0 73.0 19.0 
92.0 73.0 19.0 
92.0 73.0 19.0 
92.0 73.0 19.0 
92.0 73.0 19.0 
92.0 73.0 19.0 
92.0 73.0 19.0 
92.0 73.0 19.0 
92.0 73.0 19.0 
92.0 73.0 19.0 
92.0 73.0 19.0 
92.0 73.0 19.0 
92.0 73.0 19.0 
92.0 73.0 19.0 
20.0 39.0 52.0 
20.0 39.0 52.0 
20.0 39.0 52.0 
20.0 39.0 52.0 
20.0 39.0 52.0 
20.0 39.0 52.0 
20.0 39.0 52.0 
20.0 39.0 52.0 
20.0 39.0 52.0 
20.0 39.0 52.0 
20.0 39.0 52.0 
20.0 39.0 52.0 
20.0 39.0 52.0 
20.0 39.0 52.0 
20.0 39.0 52.0 
20.0 39.0 52.0 
20.0 39.0 52.0 
20.0 39.0 52.0 
20.0 39.0 52.0 
20.0 39.0 52.0 
20.0 39.0 52.0 
20.0 39.0 52.0 
93.0 33.0 25.0 
93.0 33.0 25.0 
93.0 33.0 25.0 
93.0 33.0 25.0 
48.0 53.0 99.0 
48.0 53.0 99.0 
48.0 53.0 99.0 
21.0 67.0 59.0 
21.0 67.0 59.0 
21.0 67.0 59.0 
42.0 76.0 57.0 
42.0 76.0 57.0 
42.0 76.0 57.0 
42.0 76.0 57.0 
