77.0 94.0 47.0 81.0 
77.0 94.0 47.0 81.0 
77.0 94.0 47.0 81.0 
77.0 94.0 47.0 81.0 
77.0 94.0 47.0 81.0 
39.0 48.0 96.0 29.0 
39.0 48.0 96.0 29.0 
39.0 48.0 96.0 29.0 
39.0 48.0 96.0 29.0 
39.0 48.0 96.0 29.0 
39.0 48.0 96.0 29.0 
39.0 48.0 96.0 29.0 
39.0 48.0 96.0 29.0 
39.0 48.0 96.0 29.0 
39.0 48.0 96.0 29.0 
39.0 48.0 96.0 29.0 
39.0 48.0 96.0 29.0 
39.0 48.0 96.0 29.0 
39.0 48.0 96.0 29.0 
39.0 48.0 96.0 29.0 
39.0 48.0 96.0 29.0 
39.0 48.0 96.0 29.0 
39.0 48.0 96.0 29.0 
39.0 48.0 96.0 29.0 
39.0 48.0 96.0 29.0 
39.0 48.0 96.0 29.0 
39.0 48.0 96.0 29.0 
39.0 48.0 96.0 29.0 
39.0 48.0 96.0 29.0 
39.0 48.0 96.0 29.0 
39.0 48.0 96.0 29.0 
39.0 48.0 96.0 29.0 
39.0 48.0 96.0 29.0 
39.0 48.0 96.0 29.0 
39.0 48.0 96.0 29.0 
39.0 48.0 96.0 29.0 
39.0 48.0 96.0 29.0 
39.0 48.0 96.0 29.0 
39.0 48.0 96.0 29.0 
39.0 48.0 96.0 29.0 
39.0 48.0 96.0 29.0 
39.0 48.0 96.0 29.0 
39.0 48.0 96.0 29.0 
39.0 48.0 96.0 29.0 
39.0 48.0 96.0 29.0 
39.0 48.0 96.0 29.0 
39.0 48.0 96.0 29.0 
39.0 48.0 96.0 29.0 
39.0 48.0 96.0 29.0 
39.0 48.0 96.0 29.0 
39.0 48.0 96.0 29.0 
39.0 48.0 96.0 29.0 
39.0 48.0 96.0 29.0 
39.0 48.0 96.0 29.0 
39.0 48.0 96.0 29.0 
39.0 48.0 96.0 29.0 
39.0 48.0 96.0 29.0 
39.0 48.0 96.0 29.0 
39.0 48.0 96.0 29.0 
39.0 48.0 96.0 29.0 
39.0 48.0 96.0 29.0 
26.0 74.0 83.0 48.0 
26.0 74.0 83.0 48.0 
26.0 74.0 83.0 48.0 
26.0 74.0 83.0 48.0 
26.0 74.0 83.0 48.0 
26.0 74.0 83.0 48.0 
26.0 74.0 83.0 48.0 
26.0 74.0 83.0 48.0 
26.0 74.0 83.0 48.0 
26.0 74.0 83.0 48.0 
26.0 74.0 83.0 48.0 
11.0 24.0 38.0 27.0 
11.0 24.0 38.0 27.0 
11.0 24.0 38.0 27.0 
11.0 24.0 38.0 27.0 
19.0 79.0 66.0 37.0 
19.0 79.0 66.0 37.0 
32.0 23.0 89.0 23.0 
32.0 23.0 89.0 23.0 
