21.0 88.0 99.0 
21.0 88.0 99.0 
21.0 88.0 99.0 
21.0 88.0 99.0 
21.0 88.0 99.0 
21.0 88.0 99.0 
21.0 88.0 99.0 
21.0 88.0 99.0 
21.0 88.0 99.0 
21.0 88.0 99.0 
21.0 88.0 99.0 
21.0 88.0 99.0 
21.0 88.0 99.0 
21.0 88.0 99.0 
21.0 88.0 99.0 
21.0 88.0 99.0 
21.0 88.0 99.0 
21.0 88.0 99.0 
21.0 88.0 99.0 
21.0 88.0 99.0 
21.0 88.0 99.0 
21.0 88.0 99.0 
21.0 88.0 99.0 
21.0 88.0 99.0 
21.0 88.0 99.0 
21.0 88.0 99.0 
21.0 88.0 99.0 
21.0 88.0 99.0 
21.0 88.0 99.0 
21.0 88.0 99.0 
21.0 88.0 99.0 
21.0 88.0 99.0 
21.0 88.0 99.0 
21.0 88.0 99.0 
21.0 88.0 99.0 
21.0 88.0 99.0 
21.0 88.0 99.0 
21.0 88.0 99.0 
21.0 88.0 99.0 
32.0 37.0 36.0 
32.0 37.0 36.0 
32.0 37.0 36.0 
32.0 37.0 36.0 
32.0 37.0 36.0 
32.0 37.0 36.0 
32.0 37.0 36.0 
32.0 37.0 36.0 
32.0 37.0 36.0 
32.0 37.0 36.0 
32.0 37.0 36.0 
32.0 37.0 36.0 
32.0 37.0 36.0 
32.0 37.0 36.0 
32.0 37.0 36.0 
32.0 37.0 36.0 
55.0 23.0 64.0 
55.0 23.0 64.0 
55.0 23.0 64.0 
55.0 23.0 64.0 
55.0 23.0 64.0 
55.0 23.0 64.0 
55.0 23.0 64.0 
55.0 23.0 64.0 
55.0 23.0 64.0 
55.0 23.0 64.0 
55.0 23.0 64.0 
55.0 23.0 64.0 
55.0 23.0 64.0 
55.0 23.0 64.0 
55.0 23.0 64.0 
55.0 23.0 64.0 
55.0 23.0 64.0 
55.0 23.0 64.0 
55.0 23.0 64.0 
55.0 23.0 64.0 
39.0 15.0 97.0 
39.0 15.0 97.0 
30.0 38.0 24.0 
47.0 57.0 17.0 
47.0 57.0 17.0 
