53.0 12.0 95.0 60.0 63.0 
53.0 12.0 95.0 60.0 63.0 
53.0 12.0 95.0 60.0 63.0 
53.0 12.0 95.0 60.0 63.0 
53.0 12.0 95.0 60.0 63.0 
53.0 12.0 95.0 60.0 63.0 
53.0 12.0 95.0 60.0 63.0 
53.0 12.0 95.0 60.0 63.0 
53.0 12.0 95.0 60.0 63.0 
53.0 12.0 95.0 60.0 63.0 
53.0 12.0 95.0 60.0 63.0 
53.0 12.0 95.0 60.0 63.0 
53.0 12.0 95.0 60.0 63.0 
53.0 12.0 95.0 60.0 63.0 
53.0 12.0 95.0 60.0 63.0 
53.0 12.0 95.0 60.0 63.0 
53.0 12.0 95.0 60.0 63.0 
53.0 12.0 95.0 60.0 63.0 
53.0 12.0 95.0 60.0 63.0 
53.0 12.0 95.0 60.0 63.0 
53.0 12.0 95.0 60.0 63.0 
53.0 12.0 95.0 60.0 63.0 
53.0 12.0 95.0 60.0 63.0 
53.0 12.0 95.0 60.0 63.0 
53.0 12.0 95.0 60.0 63.0 
53.0 12.0 95.0 60.0 63.0 
53.0 12.0 95.0 60.0 63.0 
53.0 12.0 95.0 60.0 63.0 
53.0 12.0 95.0 60.0 63.0 
53.0 12.0 95.0 60.0 63.0 
53.0 12.0 95.0 60.0 63.0 
53.0 12.0 95.0 60.0 63.0 
53.0 12.0 95.0 60.0 63.0 
53.0 12.0 95.0 60.0 63.0 
53.0 12.0 95.0 60.0 63.0 
53.0 12.0 95.0 60.0 63.0 
53.0 12.0 95.0 60.0 63.0 
53.0 12.0 95.0 60.0 63.0 
53.0 12.0 95.0 60.0 63.0 
53.0 12.0 95.0 60.0 63.0 
53.0 12.0 95.0 60.0 63.0 
53.0 12.0 95.0 60.0 63.0 
53.0 12.0 95.0 60.0 63.0 
53.0 12.0 95.0 60.0 63.0 
53.0 12.0 95.0 60.0 63.0 
53.0 12.0 95.0 60.0 63.0 
53.0 12.0 95.0 60.0 63.0 
53.0 12.0 95.0 60.0 63.0 
53.0 12.0 95.0 60.0 63.0 
53.0 12.0 95.0 60.0 63.0 
98.0 14.0 25.0 49.0 59.0 
98.0 14.0 25.0 49.0 59.0 
98.0 14.0 25.0 49.0 59.0 
98.0 14.0 25.0 49.0 59.0 
98.0 14.0 25.0 49.0 59.0 
98.0 14.0 25.0 49.0 59.0 
98.0 14.0 25.0 49.0 59.0 
98.0 97.0 43.0 76.0 37.0 
60.0 33.0 65.0 22.0 60.0 
60.0 33.0 65.0 22.0 60.0 
60.0 33.0 65.0 22.0 60.0 
60.0 33.0 65.0 22.0 60.0 
60.0 33.0 65.0 22.0 60.0 
60.0 33.0 65.0 22.0 60.0 
26.0 15.0 51.0 88.0 60.0 
26.0 15.0 51.0 88.0 60.0 
26.0 15.0 51.0 88.0 60.0 
26.0 15.0 51.0 88.0 60.0 
26.0 15.0 51.0 88.0 60.0 
26.0 15.0 51.0 88.0 60.0 
26.0 15.0 51.0 88.0 60.0 
26.0 15.0 51.0 88.0 60.0 
26.0 15.0 51.0 88.0 60.0 
26.0 15.0 51.0 88.0 60.0 
26.0 15.0 51.0 88.0 60.0 
26.0 15.0 51.0 88.0 60.0 
26.0 15.0 51.0 88.0 60.0 
17.0 76.0 18.0 56.0 13.0 
43.0 16.0 54.0 62.0 31.0 
43.0 16.0 54.0 62.0 31.0 
