43.0 82.0 55.0 84.0 57.0 
43.0 82.0 55.0 84.0 57.0 
43.0 82.0 55.0 84.0 57.0 
43.0 82.0 55.0 84.0 57.0 
43.0 82.0 55.0 84.0 57.0 
43.0 82.0 55.0 84.0 57.0 
43.0 82.0 55.0 84.0 57.0 
43.0 82.0 55.0 84.0 57.0 
43.0 82.0 55.0 84.0 57.0 
43.0 82.0 55.0 84.0 57.0 
43.0 82.0 55.0 84.0 57.0 
43.0 82.0 55.0 84.0 57.0 
43.0 82.0 55.0 84.0 57.0 
43.0 82.0 55.0 84.0 57.0 
43.0 82.0 55.0 84.0 57.0 
43.0 82.0 55.0 84.0 57.0 
43.0 82.0 55.0 84.0 57.0 
43.0 82.0 55.0 84.0 57.0 
43.0 82.0 55.0 84.0 57.0 
43.0 82.0 55.0 84.0 57.0 
43.0 82.0 55.0 84.0 57.0 
43.0 82.0 55.0 84.0 57.0 
43.0 82.0 55.0 84.0 57.0 
43.0 82.0 55.0 84.0 57.0 
43.0 82.0 55.0 84.0 57.0 
43.0 82.0 55.0 84.0 57.0 
43.0 82.0 55.0 84.0 57.0 
43.0 82.0 55.0 84.0 57.0 
43.0 82.0 55.0 84.0 57.0 
43.0 82.0 55.0 84.0 57.0 
43.0 82.0 55.0 84.0 57.0 
43.0 82.0 55.0 84.0 57.0 
43.0 82.0 55.0 84.0 57.0 
43.0 82.0 55.0 84.0 57.0 
43.0 82.0 55.0 84.0 57.0 
43.0 82.0 55.0 84.0 57.0 
43.0 82.0 55.0 84.0 57.0 
43.0 82.0 55.0 84.0 57.0 
43.0 82.0 55.0 84.0 57.0 
43.0 82.0 55.0 84.0 57.0 
43.0 82.0 55.0 84.0 57.0 
43.0 82.0 55.0 84.0 57.0 
43.0 82.0 55.0 84.0 57.0 
43.0 82.0 55.0 84.0 57.0 
43.0 82.0 55.0 84.0 57.0 
43.0 82.0 55.0 84.0 57.0 
43.0 82.0 55.0 84.0 57.0 
43.0 82.0 55.0 84.0 57.0 
43.0 82.0 55.0 84.0 57.0 
43.0 82.0 55.0 84.0 57.0 
43.0 82.0 55.0 84.0 57.0 
43.0 82.0 55.0 84.0 57.0 
43.0 82.0 55.0 84.0 57.0 
43.0 82.0 55.0 84.0 57.0 
43.0 82.0 55.0 84.0 57.0 
43.0 82.0 55.0 84.0 57.0 
43.0 82.0 55.0 84.0 57.0 
43.0 82.0 55.0 84.0 57.0 
43.0 82.0 55.0 84.0 57.0 
43.0 82.0 55.0 84.0 57.0 
43.0 82.0 55.0 84.0 57.0 
43.0 82.0 55.0 84.0 57.0 
43.0 82.0 55.0 84.0 57.0 
43.0 82.0 55.0 84.0 57.0 
43.0 82.0 55.0 84.0 57.0 
43.0 82.0 55.0 84.0 57.0 
19.0 38.0 87.0 66.0 60.0 
19.0 38.0 87.0 66.0 60.0 
19.0 38.0 87.0 66.0 60.0 
19.0 38.0 87.0 66.0 60.0 
19.0 38.0 87.0 66.0 60.0 
19.0 38.0 87.0 66.0 60.0 
19.0 38.0 87.0 66.0 60.0 
54.0 85.0 72.0 74.0 59.0 
54.0 85.0 72.0 74.0 59.0 
38.0 94.0 82.0 65.0 47.0 
63.0 65.0 48.0 40.0 86.0 
91.0 33.0 13.0 61.0 19.0 
51.0 78.0 47.0 74.0 94.0 
51.0 78.0 47.0 74.0 94.0 
