92.0 79.0 39.0 
92.0 79.0 39.0 
92.0 79.0 39.0 
92.0 79.0 39.0 
92.0 79.0 39.0 
92.0 79.0 39.0 
92.0 79.0 39.0 
92.0 79.0 39.0 
92.0 79.0 39.0 
92.0 79.0 39.0 
44.0 37.0 92.0 
44.0 37.0 92.0 
44.0 37.0 92.0 
44.0 37.0 92.0 
44.0 37.0 92.0 
44.0 37.0 92.0 
44.0 37.0 92.0 
44.0 37.0 92.0 
44.0 37.0 92.0 
44.0 37.0 92.0 
44.0 37.0 92.0 
44.0 37.0 92.0 
44.0 37.0 92.0 
44.0 37.0 92.0 
44.0 37.0 92.0 
44.0 37.0 92.0 
44.0 37.0 92.0 
52.0 98.0 62.0 
52.0 98.0 62.0 
52.0 98.0 62.0 
52.0 98.0 62.0 
52.0 98.0 62.0 
52.0 98.0 62.0 
52.0 98.0 62.0 
52.0 98.0 62.0 
52.0 98.0 62.0 
52.0 98.0 62.0 
52.0 98.0 62.0 
52.0 98.0 62.0 
20.0 59.0 89.0 
20.0 59.0 89.0 
20.0 59.0 89.0 
20.0 59.0 89.0 
20.0 59.0 89.0 
20.0 59.0 89.0 
20.0 59.0 89.0 
20.0 59.0 89.0 
20.0 59.0 89.0 
20.0 59.0 89.0 
20.0 59.0 89.0 
20.0 59.0 89.0 
20.0 59.0 89.0 
20.0 59.0 89.0 
20.0 59.0 89.0 
20.0 59.0 89.0 
20.0 59.0 89.0 
20.0 59.0 89.0 
20.0 59.0 89.0 
20.0 59.0 89.0 
20.0 59.0 89.0 
20.0 59.0 89.0 
20.0 59.0 89.0 
20.0 59.0 89.0 
20.0 59.0 89.0 
20.0 59.0 89.0 
20.0 59.0 89.0 
20.0 59.0 89.0 
20.0 59.0 89.0 
20.0 59.0 89.0 
20.0 59.0 89.0 
20.0 59.0 89.0 
20.0 59.0 89.0 
20.0 59.0 89.0 
20.0 59.0 89.0 
63.0 41.0 56.0 
95.0 64.0 63.0 
42.0 99.0 45.0 
42.0 99.0 45.0 
42.0 99.0 45.0 
42.0 99.0 45.0 
