93.0 66.0 35.0 51.0 
93.0 66.0 35.0 51.0 
93.0 66.0 35.0 51.0 
93.0 66.0 35.0 51.0 
93.0 66.0 35.0 51.0 
93.0 66.0 35.0 51.0 
93.0 66.0 35.0 51.0 
93.0 66.0 35.0 51.0 
93.0 66.0 35.0 51.0 
93.0 66.0 35.0 51.0 
93.0 66.0 35.0 51.0 
93.0 66.0 35.0 51.0 
93.0 66.0 35.0 51.0 
93.0 66.0 35.0 51.0 
93.0 66.0 35.0 51.0 
93.0 66.0 35.0 51.0 
93.0 66.0 35.0 51.0 
93.0 66.0 35.0 51.0 
93.0 66.0 35.0 51.0 
93.0 66.0 35.0 51.0 
93.0 66.0 35.0 51.0 
93.0 66.0 35.0 51.0 
93.0 66.0 35.0 51.0 
93.0 66.0 35.0 51.0 
93.0 66.0 35.0 51.0 
93.0 66.0 35.0 51.0 
93.0 66.0 35.0 51.0 
93.0 66.0 35.0 51.0 
93.0 66.0 35.0 51.0 
93.0 66.0 35.0 51.0 
93.0 66.0 35.0 51.0 
93.0 66.0 35.0 51.0 
93.0 66.0 35.0 51.0 
93.0 66.0 35.0 51.0 
93.0 66.0 35.0 51.0 
93.0 66.0 35.0 51.0 
93.0 66.0 35.0 51.0 
93.0 66.0 35.0 51.0 
93.0 66.0 35.0 51.0 
93.0 66.0 35.0 51.0 
93.0 66.0 35.0 51.0 
93.0 66.0 35.0 51.0 
93.0 66.0 35.0 51.0 
93.0 66.0 35.0 51.0 
93.0 66.0 35.0 51.0 
93.0 66.0 35.0 51.0 
93.0 66.0 35.0 51.0 
93.0 66.0 35.0 51.0 
93.0 66.0 35.0 51.0 
93.0 66.0 35.0 51.0 
93.0 66.0 35.0 51.0 
93.0 66.0 35.0 51.0 
93.0 66.0 35.0 51.0 
93.0 66.0 35.0 51.0 
93.0 66.0 35.0 51.0 
93.0 66.0 35.0 51.0 
93.0 66.0 35.0 51.0 
93.0 66.0 35.0 51.0 
93.0 66.0 35.0 51.0 
93.0 66.0 35.0 51.0 
52.0 33.0 58.0 53.0 
52.0 33.0 58.0 53.0 
52.0 33.0 58.0 53.0 
52.0 33.0 58.0 53.0 
52.0 33.0 58.0 53.0 
52.0 33.0 58.0 53.0 
97.0 14.0 95.0 15.0 
97.0 14.0 95.0 15.0 
97.0 14.0 95.0 15.0 
97.0 14.0 95.0 15.0 
97.0 14.0 95.0 15.0 
97.0 14.0 95.0 15.0 
42.0 31.0 17.0 23.0 
42.0 31.0 17.0 23.0 
42.0 31.0 17.0 23.0 
42.0 31.0 17.0 23.0 
57.0 46.0 32.0 27.0 
42.0 30.0 19.0 51.0 
47.0 48.0 48.0 49.0 
47.0 48.0 48.0 49.0 
