52.0 60.0 87.0 22.0 
52.0 60.0 87.0 22.0 
52.0 60.0 87.0 22.0 
52.0 60.0 87.0 22.0 
52.0 60.0 87.0 22.0 
52.0 60.0 87.0 22.0 
52.0 60.0 87.0 22.0 
52.0 60.0 87.0 22.0 
52.0 60.0 87.0 22.0 
52.0 60.0 87.0 22.0 
72.0 21.0 91.0 76.0 
72.0 21.0 91.0 76.0 
72.0 21.0 91.0 76.0 
38.0 66.0 24.0 43.0 
38.0 66.0 24.0 43.0 
38.0 66.0 24.0 43.0 
90.0 41.0 19.0 74.0 
90.0 41.0 19.0 74.0 
90.0 41.0 19.0 74.0 
90.0 41.0 19.0 74.0 
90.0 41.0 19.0 74.0 
90.0 41.0 19.0 74.0 
90.0 41.0 19.0 74.0 
90.0 41.0 19.0 74.0 
90.0 41.0 19.0 74.0 
90.0 41.0 19.0 74.0 
90.0 41.0 19.0 74.0 
90.0 41.0 19.0 74.0 
90.0 41.0 19.0 74.0 
90.0 41.0 19.0 74.0 
90.0 41.0 19.0 74.0 
90.0 41.0 19.0 74.0 
90.0 41.0 19.0 74.0 
90.0 41.0 19.0 74.0 
90.0 41.0 19.0 74.0 
90.0 41.0 19.0 74.0 
90.0 41.0 19.0 74.0 
90.0 41.0 19.0 74.0 
90.0 41.0 19.0 74.0 
90.0 41.0 19.0 74.0 
90.0 41.0 19.0 74.0 
90.0 41.0 19.0 74.0 
90.0 41.0 19.0 74.0 
90.0 41.0 19.0 74.0 
90.0 41.0 19.0 74.0 
90.0 41.0 19.0 74.0 
90.0 41.0 19.0 74.0 
90.0 41.0 19.0 74.0 
90.0 41.0 19.0 74.0 
90.0 41.0 19.0 74.0 
90.0 41.0 19.0 74.0 
90.0 41.0 19.0 74.0 
90.0 41.0 19.0 74.0 
90.0 41.0 19.0 74.0 
90.0 41.0 19.0 74.0 
90.0 41.0 19.0 74.0 
90.0 41.0 19.0 74.0 
31.0 59.0 53.0 68.0 
31.0 59.0 53.0 68.0 
31.0 59.0 53.0 68.0 
31.0 59.0 53.0 68.0 
82.0 33.0 86.0 40.0 
82.0 33.0 86.0 40.0 
82.0 33.0 86.0 40.0 
82.0 33.0 86.0 40.0 
82.0 33.0 86.0 40.0 
82.0 33.0 86.0 40.0 
82.0 33.0 86.0 40.0 
82.0 33.0 86.0 40.0 
27.0 66.0 39.0 71.0 
27.0 66.0 39.0 71.0 
27.0 66.0 39.0 71.0 
27.0 66.0 39.0 71.0 
27.0 66.0 39.0 71.0 
27.0 66.0 39.0 71.0 
27.0 66.0 39.0 71.0 
27.0 66.0 39.0 71.0 
27.0 66.0 39.0 71.0 
27.0 66.0 39.0 71.0 
27.0 66.0 39.0 71.0 
