88.0 75.0 24.0 51.0 
88.0 75.0 24.0 51.0 
88.0 75.0 24.0 51.0 
88.0 75.0 24.0 51.0 
88.0 75.0 24.0 51.0 
88.0 75.0 24.0 51.0 
88.0 75.0 24.0 51.0 
88.0 75.0 24.0 51.0 
88.0 75.0 24.0 51.0 
88.0 75.0 24.0 51.0 
88.0 75.0 24.0 51.0 
88.0 75.0 24.0 51.0 
88.0 75.0 24.0 51.0 
88.0 75.0 24.0 51.0 
88.0 75.0 24.0 51.0 
88.0 75.0 24.0 51.0 
88.0 75.0 24.0 51.0 
88.0 75.0 24.0 51.0 
88.0 75.0 24.0 51.0 
16.0 62.0 93.0 67.0 
16.0 62.0 93.0 67.0 
16.0 62.0 93.0 67.0 
16.0 62.0 93.0 67.0 
16.0 62.0 93.0 67.0 
16.0 62.0 93.0 67.0 
16.0 62.0 93.0 67.0 
16.0 62.0 93.0 67.0 
16.0 62.0 93.0 67.0 
16.0 62.0 93.0 67.0 
16.0 62.0 93.0 67.0 
16.0 62.0 93.0 67.0 
16.0 62.0 93.0 67.0 
16.0 62.0 93.0 67.0 
16.0 62.0 93.0 67.0 
16.0 62.0 93.0 67.0 
16.0 62.0 93.0 67.0 
16.0 62.0 93.0 67.0 
16.0 62.0 93.0 67.0 
16.0 62.0 93.0 67.0 
16.0 62.0 93.0 67.0 
16.0 62.0 93.0 67.0 
16.0 62.0 93.0 67.0 
16.0 62.0 93.0 67.0 
16.0 62.0 93.0 67.0 
16.0 62.0 93.0 67.0 
16.0 62.0 93.0 67.0 
16.0 62.0 93.0 67.0 
16.0 62.0 93.0 67.0 
16.0 62.0 93.0 67.0 
16.0 62.0 93.0 67.0 
16.0 62.0 93.0 67.0 
16.0 62.0 93.0 67.0 
16.0 62.0 93.0 67.0 
16.0 62.0 93.0 67.0 
16.0 62.0 93.0 67.0 
29.0 66.0 62.0 96.0 
29.0 66.0 62.0 96.0 
29.0 66.0 62.0 96.0 
29.0 66.0 62.0 96.0 
29.0 66.0 62.0 96.0 
29.0 66.0 62.0 96.0 
68.0 65.0 36.0 97.0 
68.0 65.0 36.0 97.0 
68.0 65.0 36.0 97.0 
68.0 65.0 36.0 97.0 
68.0 65.0 36.0 97.0 
68.0 65.0 36.0 97.0 
68.0 65.0 36.0 97.0 
68.0 65.0 36.0 97.0 
68.0 65.0 36.0 97.0 
68.0 65.0 36.0 97.0 
68.0 65.0 36.0 97.0 
68.0 65.0 36.0 97.0 
68.0 65.0 36.0 97.0 
68.0 65.0 36.0 97.0 
68.0 65.0 36.0 97.0 
54.0 87.0 57.0 64.0 
34.0 83.0 29.0 52.0 
67.0 71.0 91.0 61.0 
67.0 71.0 91.0 61.0 
