23.0 86.0 75.0 
23.0 86.0 75.0 
23.0 86.0 75.0 
23.0 86.0 75.0 
23.0 86.0 75.0 
23.0 86.0 75.0 
23.0 86.0 75.0 
23.0 86.0 75.0 
23.0 86.0 75.0 
23.0 86.0 75.0 
23.0 86.0 75.0 
23.0 86.0 75.0 
23.0 86.0 75.0 
23.0 86.0 75.0 
23.0 86.0 75.0 
23.0 86.0 75.0 
23.0 86.0 75.0 
23.0 86.0 75.0 
23.0 86.0 75.0 
23.0 86.0 75.0 
23.0 86.0 75.0 
23.0 86.0 75.0 
23.0 86.0 75.0 
23.0 86.0 75.0 
23.0 86.0 75.0 
23.0 86.0 75.0 
23.0 86.0 75.0 
23.0 86.0 75.0 
23.0 86.0 75.0 
23.0 86.0 75.0 
23.0 86.0 75.0 
23.0 86.0 75.0 
23.0 86.0 75.0 
23.0 86.0 75.0 
23.0 86.0 75.0 
23.0 86.0 75.0 
23.0 86.0 75.0 
23.0 86.0 75.0 
23.0 86.0 75.0 
23.0 86.0 75.0 
23.0 86.0 75.0 
23.0 86.0 75.0 
23.0 86.0 75.0 
23.0 86.0 75.0 
23.0 86.0 75.0 
23.0 86.0 75.0 
23.0 86.0 75.0 
23.0 86.0 75.0 
23.0 86.0 75.0 
23.0 86.0 75.0 
23.0 86.0 75.0 
23.0 86.0 75.0 
23.0 86.0 75.0 
23.0 86.0 75.0 
23.0 86.0 75.0 
23.0 86.0 75.0 
23.0 86.0 75.0 
23.0 86.0 75.0 
23.0 86.0 75.0 
23.0 86.0 75.0 
23.0 86.0 75.0 
23.0 86.0 75.0 
23.0 86.0 75.0 
23.0 86.0 75.0 
23.0 86.0 75.0 
23.0 86.0 75.0 
23.0 86.0 75.0 
23.0 86.0 75.0 
76.0 38.0 80.0 
76.0 38.0 80.0 
76.0 38.0 80.0 
21.0 78.0 38.0 
21.0 78.0 38.0 
98.0 20.0 92.0 
98.0 20.0 92.0 
98.0 20.0 92.0 
12.0 91.0 57.0 
28.0 14.0 55.0 
89.0 68.0 90.0 
89.0 68.0 90.0 
