15.0 94.0 15.0 40.0 31.0 
15.0 94.0 15.0 40.0 31.0 
15.0 94.0 15.0 40.0 31.0 
15.0 94.0 15.0 40.0 31.0 
15.0 94.0 15.0 40.0 31.0 
15.0 94.0 15.0 40.0 31.0 
15.0 94.0 15.0 40.0 31.0 
15.0 94.0 15.0 40.0 31.0 
15.0 94.0 15.0 40.0 31.0 
15.0 94.0 15.0 40.0 31.0 
15.0 94.0 15.0 40.0 31.0 
15.0 94.0 15.0 40.0 31.0 
15.0 94.0 15.0 40.0 31.0 
15.0 94.0 15.0 40.0 31.0 
15.0 94.0 15.0 40.0 31.0 
15.0 94.0 15.0 40.0 31.0 
15.0 94.0 15.0 40.0 31.0 
15.0 94.0 15.0 40.0 31.0 
15.0 94.0 15.0 40.0 31.0 
15.0 94.0 15.0 40.0 31.0 
15.0 94.0 15.0 40.0 31.0 
15.0 94.0 15.0 40.0 31.0 
15.0 94.0 15.0 40.0 31.0 
15.0 94.0 15.0 40.0 31.0 
15.0 94.0 15.0 40.0 31.0 
15.0 94.0 15.0 40.0 31.0 
15.0 94.0 15.0 40.0 31.0 
15.0 94.0 15.0 40.0 31.0 
15.0 94.0 15.0 40.0 31.0 
15.0 94.0 15.0 40.0 31.0 
15.0 94.0 15.0 40.0 31.0 
15.0 94.0 15.0 40.0 31.0 
15.0 94.0 15.0 40.0 31.0 
15.0 94.0 15.0 40.0 31.0 
15.0 94.0 15.0 40.0 31.0 
15.0 94.0 15.0 40.0 31.0 
15.0 94.0 15.0 40.0 31.0 
15.0 94.0 15.0 40.0 31.0 
15.0 94.0 15.0 40.0 31.0 
15.0 94.0 15.0 40.0 31.0 
15.0 94.0 15.0 40.0 31.0 
15.0 94.0 15.0 40.0 31.0 
15.0 94.0 15.0 40.0 31.0 
15.0 94.0 15.0 40.0 31.0 
15.0 94.0 15.0 40.0 31.0 
15.0 94.0 15.0 40.0 31.0 
15.0 94.0 15.0 40.0 31.0 
15.0 94.0 15.0 40.0 31.0 
15.0 94.0 15.0 40.0 31.0 
15.0 94.0 15.0 40.0 31.0 
15.0 94.0 15.0 40.0 31.0 
15.0 94.0 15.0 40.0 31.0 
15.0 94.0 15.0 40.0 31.0 
15.0 94.0 15.0 40.0 31.0 
15.0 94.0 15.0 40.0 31.0 
15.0 94.0 15.0 40.0 31.0 
15.0 94.0 15.0 40.0 31.0 
15.0 94.0 15.0 40.0 31.0 
15.0 94.0 15.0 40.0 31.0 
15.0 94.0 15.0 40.0 31.0 
15.0 94.0 15.0 40.0 31.0 
15.0 94.0 15.0 40.0 31.0 
15.0 94.0 15.0 40.0 31.0 
15.0 94.0 15.0 40.0 31.0 
15.0 94.0 15.0 40.0 31.0 
15.0 94.0 15.0 40.0 31.0 
15.0 94.0 15.0 40.0 31.0 
15.0 94.0 15.0 40.0 31.0 
15.0 94.0 15.0 40.0 31.0 
15.0 94.0 15.0 40.0 31.0 
94.0 14.0 23.0 83.0 42.0 
94.0 14.0 23.0 83.0 42.0 
94.0 14.0 23.0 83.0 42.0 
94.0 14.0 23.0 83.0 42.0 
41.0 96.0 40.0 26.0 21.0 
98.0 96.0 69.0 85.0 70.0 
76.0 66.0 64.0 79.0 82.0 
91.0 25.0 51.0 25.0 71.0 
70.0 69.0 39.0 15.0 63.0 
70.0 69.0 39.0 15.0 63.0 
