23.0 23.0 33.0 82.0 43.0 
23.0 23.0 33.0 82.0 43.0 
23.0 23.0 33.0 82.0 43.0 
23.0 23.0 33.0 82.0 43.0 
23.0 23.0 33.0 82.0 43.0 
23.0 23.0 33.0 82.0 43.0 
23.0 23.0 33.0 82.0 43.0 
23.0 23.0 33.0 82.0 43.0 
23.0 23.0 33.0 82.0 43.0 
23.0 23.0 33.0 82.0 43.0 
23.0 23.0 33.0 82.0 43.0 
23.0 23.0 33.0 82.0 43.0 
23.0 23.0 33.0 82.0 43.0 
23.0 23.0 33.0 82.0 43.0 
23.0 23.0 33.0 82.0 43.0 
23.0 23.0 33.0 82.0 43.0 
23.0 23.0 33.0 82.0 43.0 
23.0 23.0 33.0 82.0 43.0 
23.0 23.0 33.0 82.0 43.0 
23.0 23.0 33.0 82.0 43.0 
23.0 23.0 33.0 82.0 43.0 
23.0 23.0 33.0 82.0 43.0 
23.0 23.0 33.0 82.0 43.0 
23.0 23.0 33.0 82.0 43.0 
23.0 23.0 33.0 82.0 43.0 
23.0 23.0 33.0 82.0 43.0 
23.0 23.0 33.0 82.0 43.0 
23.0 23.0 33.0 82.0 43.0 
23.0 23.0 33.0 82.0 43.0 
23.0 23.0 33.0 82.0 43.0 
23.0 23.0 33.0 82.0 43.0 
23.0 23.0 33.0 82.0 43.0 
23.0 23.0 33.0 82.0 43.0 
23.0 23.0 33.0 82.0 43.0 
23.0 23.0 33.0 82.0 43.0 
23.0 23.0 33.0 82.0 43.0 
23.0 23.0 33.0 82.0 43.0 
23.0 23.0 33.0 82.0 43.0 
23.0 23.0 33.0 82.0 43.0 
23.0 23.0 33.0 82.0 43.0 
23.0 23.0 33.0 82.0 43.0 
23.0 23.0 33.0 82.0 43.0 
23.0 23.0 33.0 82.0 43.0 
23.0 23.0 33.0 82.0 43.0 
23.0 23.0 33.0 82.0 43.0 
23.0 23.0 33.0 82.0 43.0 
23.0 23.0 33.0 82.0 43.0 
23.0 23.0 33.0 82.0 43.0 
23.0 23.0 33.0 82.0 43.0 
23.0 23.0 33.0 82.0 43.0 
23.0 23.0 33.0 82.0 43.0 
23.0 23.0 33.0 82.0 43.0 
23.0 23.0 33.0 82.0 43.0 
23.0 23.0 33.0 82.0 43.0 
23.0 23.0 33.0 82.0 43.0 
23.0 23.0 33.0 82.0 43.0 
23.0 23.0 33.0 82.0 43.0 
55.0 14.0 48.0 41.0 67.0 
55.0 14.0 48.0 41.0 67.0 
55.0 14.0 48.0 41.0 67.0 
55.0 14.0 48.0 41.0 67.0 
55.0 14.0 48.0 41.0 67.0 
55.0 14.0 48.0 41.0 67.0 
55.0 14.0 48.0 41.0 67.0 
55.0 14.0 48.0 41.0 67.0 
55.0 14.0 48.0 41.0 67.0 
55.0 14.0 48.0 41.0 67.0 
55.0 14.0 48.0 41.0 67.0 
56.0 27.0 77.0 18.0 48.0 
56.0 27.0 77.0 18.0 48.0 
82.0 16.0 98.0 60.0 39.0 
82.0 16.0 98.0 60.0 39.0 
65.0 36.0 96.0 38.0 89.0 
65.0 36.0 96.0 38.0 89.0 
65.0 36.0 96.0 38.0 89.0 
65.0 36.0 96.0 38.0 89.0 
68.0 53.0 37.0 55.0 54.0 
68.0 53.0 37.0 55.0 54.0 
80.0 25.0 25.0 79.0 49.0 
80.0 25.0 25.0 79.0 49.0 
