67.0 79.0 86.0 26.0 49.0 
67.0 79.0 86.0 26.0 49.0 
40.0 71.0 68.0 42.0 52.0 
40.0 71.0 68.0 42.0 52.0 
40.0 71.0 68.0 42.0 52.0 
40.0 71.0 68.0 42.0 52.0 
40.0 71.0 68.0 42.0 52.0 
40.0 71.0 68.0 42.0 52.0 
40.0 71.0 68.0 42.0 52.0 
40.0 71.0 68.0 42.0 52.0 
40.0 71.0 68.0 42.0 52.0 
40.0 71.0 68.0 42.0 52.0 
40.0 71.0 68.0 42.0 52.0 
40.0 71.0 68.0 42.0 52.0 
40.0 71.0 68.0 42.0 52.0 
40.0 71.0 68.0 42.0 52.0 
40.0 71.0 68.0 42.0 52.0 
40.0 71.0 68.0 42.0 52.0 
40.0 71.0 68.0 42.0 52.0 
40.0 71.0 68.0 42.0 52.0 
40.0 71.0 68.0 42.0 52.0 
40.0 71.0 68.0 42.0 52.0 
40.0 71.0 68.0 42.0 52.0 
40.0 71.0 68.0 42.0 52.0 
40.0 71.0 68.0 42.0 52.0 
40.0 71.0 68.0 42.0 52.0 
40.0 71.0 68.0 42.0 52.0 
40.0 71.0 68.0 42.0 52.0 
40.0 71.0 68.0 42.0 52.0 
40.0 71.0 68.0 42.0 52.0 
40.0 71.0 68.0 42.0 52.0 
40.0 71.0 68.0 42.0 52.0 
40.0 71.0 68.0 42.0 52.0 
40.0 71.0 68.0 42.0 52.0 
40.0 71.0 68.0 42.0 52.0 
40.0 71.0 68.0 42.0 52.0 
40.0 71.0 68.0 42.0 52.0 
40.0 71.0 68.0 42.0 52.0 
40.0 71.0 68.0 42.0 52.0 
40.0 71.0 68.0 42.0 52.0 
40.0 71.0 68.0 42.0 52.0 
66.0 75.0 87.0 87.0 90.0 
66.0 75.0 87.0 87.0 90.0 
66.0 75.0 87.0 87.0 90.0 
66.0 75.0 87.0 87.0 90.0 
66.0 75.0 87.0 87.0 90.0 
66.0 75.0 87.0 87.0 90.0 
66.0 75.0 87.0 87.0 90.0 
66.0 75.0 87.0 87.0 90.0 
66.0 75.0 87.0 87.0 90.0 
66.0 75.0 87.0 87.0 90.0 
66.0 75.0 87.0 87.0 90.0 
66.0 75.0 87.0 87.0 90.0 
66.0 75.0 87.0 87.0 90.0 
66.0 75.0 87.0 87.0 90.0 
66.0 75.0 87.0 87.0 90.0 
66.0 75.0 87.0 87.0 90.0 
66.0 75.0 87.0 87.0 90.0 
80.0 58.0 73.0 88.0 31.0 
80.0 58.0 73.0 88.0 31.0 
80.0 58.0 73.0 88.0 31.0 
80.0 58.0 73.0 88.0 31.0 
80.0 58.0 73.0 88.0 31.0 
80.0 58.0 73.0 88.0 31.0 
80.0 58.0 73.0 88.0 31.0 
80.0 58.0 73.0 88.0 31.0 
84.0 27.0 32.0 64.0 75.0 
84.0 27.0 32.0 64.0 75.0 
84.0 27.0 32.0 64.0 75.0 
84.0 27.0 32.0 64.0 75.0 
84.0 27.0 32.0 64.0 75.0 
84.0 27.0 32.0 64.0 75.0 
93.0 54.0 38.0 21.0 33.0 
93.0 54.0 38.0 21.0 33.0 
93.0 54.0 38.0 21.0 33.0 
93.0 54.0 38.0 21.0 33.0 
93.0 54.0 38.0 21.0 33.0 
45.0 16.0 51.0 88.0 35.0 
45.0 16.0 51.0 88.0 35.0 
45.0 16.0 51.0 88.0 35.0 
