18.0 55.0 51.0 
18.0 55.0 51.0 
18.0 55.0 51.0 
18.0 55.0 51.0 
18.0 55.0 51.0 
18.0 55.0 51.0 
18.0 55.0 51.0 
18.0 55.0 51.0 
18.0 55.0 51.0 
18.0 55.0 51.0 
18.0 55.0 51.0 
18.0 55.0 51.0 
18.0 55.0 51.0 
18.0 55.0 51.0 
18.0 55.0 51.0 
18.0 55.0 51.0 
18.0 55.0 51.0 
18.0 55.0 51.0 
18.0 55.0 51.0 
18.0 55.0 51.0 
18.0 55.0 51.0 
18.0 55.0 51.0 
18.0 55.0 51.0 
18.0 55.0 51.0 
18.0 55.0 51.0 
18.0 55.0 51.0 
18.0 55.0 51.0 
18.0 55.0 51.0 
18.0 55.0 51.0 
18.0 55.0 51.0 
18.0 55.0 51.0 
18.0 55.0 51.0 
18.0 55.0 51.0 
18.0 55.0 51.0 
18.0 55.0 51.0 
18.0 55.0 51.0 
18.0 55.0 51.0 
18.0 55.0 51.0 
18.0 55.0 51.0 
18.0 55.0 51.0 
18.0 55.0 51.0 
18.0 55.0 51.0 
18.0 55.0 51.0 
18.0 55.0 51.0 
18.0 55.0 51.0 
18.0 55.0 51.0 
18.0 55.0 51.0 
18.0 55.0 51.0 
18.0 55.0 51.0 
18.0 55.0 51.0 
18.0 55.0 51.0 
18.0 55.0 51.0 
18.0 55.0 51.0 
18.0 55.0 51.0 
18.0 55.0 51.0 
18.0 55.0 51.0 
18.0 55.0 51.0 
18.0 55.0 51.0 
18.0 55.0 51.0 
18.0 55.0 51.0 
18.0 55.0 51.0 
18.0 55.0 51.0 
18.0 55.0 51.0 
18.0 55.0 51.0 
18.0 55.0 51.0 
18.0 55.0 51.0 
18.0 55.0 51.0 
47.0 23.0 75.0 
22.0 16.0 24.0 
57.0 83.0 68.0 
33.0 46.0 67.0 
33.0 46.0 67.0 
33.0 46.0 67.0 
33.0 46.0 67.0 
33.0 46.0 67.0 
91.0 43.0 28.0 
91.0 43.0 28.0 
91.0 43.0 28.0 
21.0 42.0 80.0 
21.0 42.0 80.0 
