68.0 49.0 93.0 
68.0 49.0 93.0 
68.0 49.0 93.0 
68.0 49.0 93.0 
68.0 49.0 93.0 
68.0 49.0 93.0 
68.0 49.0 93.0 
68.0 49.0 93.0 
68.0 49.0 93.0 
68.0 49.0 93.0 
68.0 49.0 93.0 
68.0 49.0 93.0 
68.0 49.0 93.0 
68.0 49.0 93.0 
68.0 49.0 93.0 
68.0 49.0 93.0 
68.0 49.0 93.0 
68.0 49.0 93.0 
68.0 49.0 93.0 
68.0 49.0 93.0 
68.0 49.0 93.0 
68.0 49.0 93.0 
68.0 49.0 93.0 
68.0 49.0 93.0 
68.0 49.0 93.0 
68.0 49.0 93.0 
68.0 49.0 93.0 
68.0 49.0 93.0 
68.0 49.0 93.0 
68.0 49.0 93.0 
68.0 49.0 93.0 
68.0 49.0 93.0 
68.0 49.0 93.0 
68.0 49.0 93.0 
68.0 49.0 93.0 
68.0 49.0 93.0 
68.0 49.0 93.0 
68.0 49.0 93.0 
68.0 49.0 93.0 
68.0 49.0 93.0 
68.0 49.0 93.0 
68.0 49.0 93.0 
68.0 49.0 93.0 
68.0 49.0 93.0 
68.0 49.0 93.0 
68.0 49.0 93.0 
68.0 49.0 93.0 
68.0 49.0 93.0 
68.0 49.0 93.0 
68.0 49.0 93.0 
68.0 49.0 93.0 
68.0 49.0 93.0 
68.0 49.0 93.0 
68.0 49.0 93.0 
68.0 49.0 93.0 
36.0 78.0 70.0 
36.0 78.0 70.0 
61.0 97.0 83.0 
61.0 97.0 83.0 
61.0 97.0 83.0 
61.0 97.0 83.0 
61.0 97.0 83.0 
61.0 97.0 83.0 
61.0 97.0 83.0 
61.0 97.0 83.0 
61.0 97.0 83.0 
61.0 97.0 83.0 
61.0 97.0 83.0 
61.0 97.0 83.0 
61.0 97.0 83.0 
61.0 97.0 83.0 
61.0 97.0 83.0 
61.0 97.0 83.0 
61.0 97.0 83.0 
61.0 97.0 83.0 
83.0 38.0 81.0 
38.0 37.0 76.0 
66.0 72.0 81.0 
49.0 32.0 16.0 
49.0 32.0 16.0 
