13.0 58.0 14.0 88.0 
13.0 58.0 14.0 88.0 
13.0 58.0 14.0 88.0 
13.0 58.0 14.0 88.0 
13.0 58.0 14.0 88.0 
13.0 58.0 14.0 88.0 
13.0 58.0 14.0 88.0 
13.0 58.0 14.0 88.0 
13.0 58.0 14.0 88.0 
13.0 58.0 14.0 88.0 
13.0 58.0 14.0 88.0 
13.0 58.0 14.0 88.0 
13.0 58.0 14.0 88.0 
13.0 58.0 14.0 88.0 
13.0 58.0 14.0 88.0 
13.0 58.0 14.0 88.0 
13.0 58.0 14.0 88.0 
73.0 69.0 86.0 27.0 
73.0 69.0 86.0 27.0 
73.0 69.0 86.0 27.0 
73.0 69.0 86.0 27.0 
73.0 69.0 86.0 27.0 
73.0 69.0 86.0 27.0 
73.0 69.0 86.0 27.0 
73.0 69.0 86.0 27.0 
73.0 69.0 86.0 27.0 
73.0 69.0 86.0 27.0 
73.0 69.0 86.0 27.0 
73.0 69.0 86.0 27.0 
73.0 69.0 86.0 27.0 
73.0 69.0 86.0 27.0 
73.0 69.0 86.0 27.0 
73.0 69.0 86.0 27.0 
73.0 69.0 86.0 27.0 
73.0 69.0 86.0 27.0 
73.0 69.0 86.0 27.0 
17.0 64.0 88.0 96.0 
17.0 64.0 88.0 96.0 
17.0 64.0 88.0 96.0 
17.0 64.0 88.0 96.0 
17.0 64.0 88.0 96.0 
17.0 64.0 88.0 96.0 
17.0 64.0 88.0 96.0 
17.0 64.0 88.0 96.0 
17.0 64.0 88.0 96.0 
17.0 64.0 88.0 96.0 
17.0 64.0 88.0 96.0 
17.0 64.0 88.0 96.0 
17.0 64.0 88.0 96.0 
17.0 64.0 88.0 96.0 
17.0 64.0 88.0 96.0 
17.0 64.0 88.0 96.0 
17.0 64.0 88.0 96.0 
17.0 64.0 88.0 96.0 
17.0 64.0 88.0 96.0 
17.0 64.0 88.0 96.0 
17.0 64.0 88.0 96.0 
72.0 31.0 21.0 97.0 
72.0 31.0 21.0 97.0 
72.0 31.0 21.0 97.0 
72.0 31.0 21.0 97.0 
72.0 31.0 21.0 97.0 
72.0 31.0 21.0 97.0 
72.0 31.0 21.0 97.0 
72.0 31.0 21.0 97.0 
72.0 31.0 21.0 97.0 
72.0 31.0 21.0 97.0 
72.0 31.0 21.0 97.0 
24.0 96.0 26.0 19.0 
24.0 96.0 26.0 19.0 
32.0 28.0 48.0 96.0 
32.0 28.0 48.0 96.0 
32.0 28.0 48.0 96.0 
32.0 28.0 48.0 96.0 
32.0 28.0 48.0 96.0 
32.0 28.0 48.0 96.0 
32.0 28.0 48.0 96.0 
14.0 35.0 54.0 25.0 
14.0 35.0 54.0 25.0 
14.0 35.0 54.0 25.0 
