100.0 70.0 48.0 47.0 
100.0 70.0 48.0 47.0 
100.0 70.0 48.0 47.0 
100.0 70.0 48.0 47.0 
100.0 70.0 48.0 47.0 
100.0 70.0 48.0 47.0 
50.0 39.0 69.0 66.0 
50.0 39.0 69.0 66.0 
50.0 39.0 69.0 66.0 
50.0 39.0 69.0 66.0 
50.0 39.0 69.0 66.0 
50.0 39.0 69.0 66.0 
50.0 39.0 69.0 66.0 
50.0 39.0 69.0 66.0 
50.0 39.0 69.0 66.0 
50.0 39.0 69.0 66.0 
50.0 39.0 69.0 66.0 
50.0 39.0 69.0 66.0 
50.0 39.0 69.0 66.0 
50.0 39.0 69.0 66.0 
50.0 39.0 69.0 66.0 
50.0 39.0 69.0 66.0 
50.0 39.0 69.0 66.0 
50.0 39.0 69.0 66.0 
50.0 39.0 69.0 66.0 
50.0 39.0 69.0 66.0 
50.0 39.0 69.0 66.0 
50.0 39.0 69.0 66.0 
50.0 39.0 69.0 66.0 
50.0 39.0 69.0 66.0 
50.0 39.0 69.0 66.0 
50.0 39.0 69.0 66.0 
50.0 39.0 69.0 66.0 
50.0 39.0 69.0 66.0 
50.0 39.0 69.0 66.0 
50.0 39.0 69.0 66.0 
50.0 39.0 69.0 66.0 
50.0 39.0 69.0 66.0 
50.0 39.0 69.0 66.0 
50.0 39.0 69.0 66.0 
50.0 39.0 69.0 66.0 
50.0 39.0 69.0 66.0 
50.0 39.0 69.0 66.0 
50.0 39.0 69.0 66.0 
50.0 39.0 69.0 66.0 
50.0 39.0 69.0 66.0 
50.0 39.0 69.0 66.0 
50.0 39.0 69.0 66.0 
50.0 39.0 69.0 66.0 
50.0 39.0 69.0 66.0 
40.0 75.0 82.0 89.0 
40.0 75.0 82.0 89.0 
40.0 75.0 82.0 89.0 
40.0 75.0 82.0 89.0 
40.0 75.0 82.0 89.0 
40.0 75.0 82.0 89.0 
40.0 75.0 82.0 89.0 
40.0 75.0 82.0 89.0 
40.0 75.0 82.0 89.0 
40.0 75.0 82.0 89.0 
40.0 75.0 82.0 89.0 
40.0 75.0 82.0 89.0 
40.0 75.0 82.0 89.0 
40.0 75.0 82.0 89.0 
40.0 75.0 82.0 89.0 
40.0 75.0 82.0 89.0 
40.0 75.0 82.0 89.0 
40.0 75.0 82.0 89.0 
40.0 75.0 82.0 89.0 
40.0 75.0 82.0 89.0 
40.0 75.0 82.0 89.0 
17.0 35.0 76.0 58.0 
17.0 35.0 76.0 58.0 
17.0 35.0 76.0 58.0 
17.0 35.0 76.0 58.0 
17.0 35.0 76.0 58.0 
58.0 57.0 66.0 15.0 
51.0 52.0 90.0 44.0 
43.0 14.0 40.0 37.0 
43.0 14.0 40.0 37.0 
