41.0 45.0 54.0 
41.0 45.0 54.0 
41.0 45.0 54.0 
41.0 45.0 54.0 
41.0 45.0 54.0 
41.0 45.0 54.0 
41.0 45.0 54.0 
41.0 45.0 54.0 
41.0 45.0 54.0 
41.0 45.0 54.0 
41.0 45.0 54.0 
41.0 45.0 54.0 
41.0 45.0 54.0 
41.0 45.0 54.0 
41.0 45.0 54.0 
41.0 45.0 54.0 
41.0 45.0 54.0 
41.0 45.0 54.0 
41.0 45.0 54.0 
41.0 45.0 54.0 
41.0 45.0 54.0 
41.0 45.0 54.0 
41.0 45.0 54.0 
41.0 45.0 54.0 
41.0 45.0 54.0 
41.0 45.0 54.0 
41.0 45.0 54.0 
41.0 45.0 54.0 
41.0 45.0 54.0 
41.0 45.0 54.0 
41.0 45.0 54.0 
41.0 45.0 54.0 
41.0 45.0 54.0 
41.0 45.0 54.0 
41.0 45.0 54.0 
41.0 45.0 54.0 
41.0 45.0 54.0 
41.0 45.0 54.0 
41.0 45.0 54.0 
41.0 45.0 54.0 
41.0 45.0 54.0 
41.0 45.0 54.0 
41.0 45.0 54.0 
41.0 45.0 54.0 
41.0 45.0 54.0 
41.0 45.0 54.0 
41.0 45.0 54.0 
41.0 45.0 54.0 
41.0 45.0 54.0 
41.0 45.0 54.0 
41.0 45.0 54.0 
41.0 45.0 54.0 
41.0 45.0 54.0 
41.0 45.0 54.0 
41.0 45.0 54.0 
41.0 45.0 54.0 
41.0 45.0 54.0 
41.0 45.0 54.0 
41.0 45.0 54.0 
41.0 45.0 54.0 
41.0 45.0 54.0 
41.0 45.0 54.0 
41.0 45.0 54.0 
41.0 45.0 54.0 
41.0 45.0 54.0 
41.0 45.0 54.0 
41.0 45.0 54.0 
41.0 45.0 54.0 
41.0 45.0 54.0 
41.0 45.0 54.0 
32.0 87.0 73.0 
32.0 87.0 73.0 
32.0 87.0 73.0 
19.0 19.0 81.0 
89.0 29.0 20.0 
52.0 77.0 93.0 
61.0 28.0 94.0 
34.0 97.0 80.0 
34.0 97.0 80.0 
34.0 97.0 80.0 
