59.0 96.0 61.0 31.0 26.0 
59.0 96.0 61.0 31.0 26.0 
59.0 96.0 61.0 31.0 26.0 
59.0 96.0 61.0 31.0 26.0 
59.0 96.0 61.0 31.0 26.0 
59.0 96.0 61.0 31.0 26.0 
59.0 96.0 61.0 31.0 26.0 
59.0 96.0 61.0 31.0 26.0 
59.0 96.0 61.0 31.0 26.0 
59.0 96.0 61.0 31.0 26.0 
59.0 96.0 61.0 31.0 26.0 
59.0 96.0 61.0 31.0 26.0 
59.0 96.0 61.0 31.0 26.0 
59.0 96.0 61.0 31.0 26.0 
59.0 96.0 61.0 31.0 26.0 
59.0 96.0 61.0 31.0 26.0 
59.0 96.0 61.0 31.0 26.0 
59.0 96.0 61.0 31.0 26.0 
59.0 96.0 61.0 31.0 26.0 
59.0 96.0 61.0 31.0 26.0 
59.0 96.0 61.0 31.0 26.0 
59.0 96.0 61.0 31.0 26.0 
59.0 96.0 61.0 31.0 26.0 
59.0 96.0 61.0 31.0 26.0 
59.0 96.0 61.0 31.0 26.0 
59.0 96.0 61.0 31.0 26.0 
59.0 96.0 61.0 31.0 26.0 
59.0 96.0 61.0 31.0 26.0 
59.0 96.0 61.0 31.0 26.0 
59.0 96.0 61.0 31.0 26.0 
59.0 96.0 61.0 31.0 26.0 
59.0 96.0 61.0 31.0 26.0 
59.0 96.0 61.0 31.0 26.0 
59.0 96.0 61.0 31.0 26.0 
59.0 96.0 61.0 31.0 26.0 
59.0 96.0 61.0 31.0 26.0 
59.0 96.0 61.0 31.0 26.0 
59.0 96.0 61.0 31.0 26.0 
59.0 96.0 61.0 31.0 26.0 
59.0 96.0 61.0 31.0 26.0 
59.0 96.0 61.0 31.0 26.0 
59.0 96.0 61.0 31.0 26.0 
59.0 96.0 61.0 31.0 26.0 
59.0 96.0 61.0 31.0 26.0 
59.0 96.0 61.0 31.0 26.0 
59.0 96.0 61.0 31.0 26.0 
59.0 96.0 61.0 31.0 26.0 
59.0 96.0 61.0 31.0 26.0 
59.0 96.0 61.0 31.0 26.0 
59.0 96.0 61.0 31.0 26.0 
59.0 96.0 61.0 31.0 26.0 
59.0 96.0 61.0 31.0 26.0 
59.0 96.0 61.0 31.0 26.0 
59.0 96.0 61.0 31.0 26.0 
59.0 96.0 61.0 31.0 26.0 
59.0 96.0 61.0 31.0 26.0 
59.0 96.0 61.0 31.0 26.0 
59.0 96.0 61.0 31.0 26.0 
59.0 96.0 61.0 31.0 26.0 
59.0 96.0 61.0 31.0 26.0 
59.0 96.0 61.0 31.0 26.0 
59.0 96.0 61.0 31.0 26.0 
59.0 96.0 61.0 31.0 26.0 
59.0 96.0 61.0 31.0 26.0 
59.0 96.0 61.0 31.0 26.0 
59.0 96.0 61.0 31.0 26.0 
59.0 96.0 61.0 31.0 26.0 
59.0 96.0 61.0 31.0 26.0 
59.0 96.0 61.0 31.0 26.0 
59.0 96.0 61.0 31.0 26.0 
87.0 62.0 17.0 47.0 82.0 
87.0 62.0 17.0 47.0 82.0 
87.0 62.0 17.0 47.0 82.0 
34.0 73.0 52.0 65.0 83.0 
47.0 90.0 18.0 59.0 67.0 
39.0 90.0 81.0 21.0 26.0 
71.0 18.0 93.0 85.0 16.0 
36.0 39.0 12.0 70.0 34.0 
93.0 90.0 20.0 12.0 36.0 
93.0 90.0 20.0 12.0 36.0 
