80.0 84.0 57.0 11.0 
80.0 84.0 57.0 11.0 
80.0 84.0 57.0 11.0 
80.0 84.0 57.0 11.0 
48.0 48.0 69.0 57.0 
48.0 48.0 69.0 57.0 
48.0 48.0 69.0 57.0 
48.0 48.0 69.0 57.0 
48.0 48.0 69.0 57.0 
48.0 48.0 69.0 57.0 
48.0 48.0 69.0 57.0 
48.0 48.0 69.0 57.0 
48.0 48.0 69.0 57.0 
48.0 48.0 69.0 57.0 
48.0 48.0 69.0 57.0 
48.0 48.0 69.0 57.0 
48.0 48.0 69.0 57.0 
48.0 48.0 69.0 57.0 
48.0 48.0 69.0 57.0 
48.0 48.0 69.0 57.0 
48.0 48.0 69.0 57.0 
48.0 48.0 69.0 57.0 
48.0 48.0 69.0 57.0 
48.0 48.0 69.0 57.0 
48.0 48.0 69.0 57.0 
48.0 48.0 69.0 57.0 
48.0 48.0 69.0 57.0 
48.0 48.0 69.0 57.0 
87.0 20.0 27.0 69.0 
87.0 20.0 27.0 69.0 
87.0 20.0 27.0 69.0 
87.0 20.0 27.0 69.0 
87.0 20.0 27.0 69.0 
87.0 20.0 27.0 69.0 
87.0 20.0 27.0 69.0 
87.0 20.0 27.0 69.0 
87.0 20.0 27.0 69.0 
87.0 20.0 27.0 69.0 
87.0 20.0 27.0 69.0 
87.0 20.0 27.0 69.0 
87.0 20.0 27.0 69.0 
87.0 20.0 27.0 69.0 
87.0 20.0 27.0 69.0 
87.0 20.0 27.0 69.0 
87.0 20.0 27.0 69.0 
87.0 20.0 27.0 69.0 
87.0 20.0 27.0 69.0 
87.0 20.0 27.0 69.0 
87.0 20.0 27.0 69.0 
87.0 20.0 27.0 69.0 
87.0 20.0 27.0 69.0 
87.0 20.0 27.0 69.0 
87.0 20.0 27.0 69.0 
87.0 20.0 27.0 69.0 
87.0 20.0 27.0 69.0 
87.0 20.0 27.0 69.0 
87.0 20.0 27.0 69.0 
87.0 20.0 27.0 69.0 
87.0 20.0 27.0 69.0 
87.0 20.0 27.0 69.0 
87.0 20.0 27.0 69.0 
87.0 20.0 27.0 69.0 
49.0 71.0 73.0 24.0 
49.0 71.0 73.0 24.0 
49.0 71.0 73.0 24.0 
49.0 71.0 73.0 24.0 
100.0 36.0 39.0 29.0 
100.0 36.0 39.0 29.0 
100.0 36.0 39.0 29.0 
100.0 36.0 39.0 29.0 
45.0 38.0 60.0 42.0 
45.0 38.0 60.0 42.0 
45.0 38.0 60.0 42.0 
45.0 38.0 60.0 42.0 
45.0 38.0 60.0 42.0 
45.0 38.0 60.0 42.0 
85.0 41.0 52.0 66.0 
90.0 54.0 75.0 99.0 
90.0 54.0 75.0 99.0 
90.0 54.0 75.0 99.0 
