13.0 88.0 19.0 97.0 
13.0 88.0 19.0 97.0 
13.0 88.0 19.0 97.0 
13.0 88.0 19.0 97.0 
13.0 88.0 19.0 97.0 
13.0 88.0 19.0 97.0 
13.0 88.0 19.0 97.0 
13.0 88.0 19.0 97.0 
13.0 88.0 19.0 97.0 
13.0 88.0 19.0 97.0 
13.0 88.0 19.0 97.0 
13.0 88.0 19.0 97.0 
13.0 88.0 19.0 97.0 
13.0 88.0 19.0 97.0 
13.0 88.0 19.0 97.0 
13.0 88.0 19.0 97.0 
13.0 88.0 19.0 97.0 
13.0 88.0 19.0 97.0 
13.0 88.0 19.0 97.0 
13.0 88.0 19.0 97.0 
13.0 88.0 19.0 97.0 
13.0 88.0 19.0 97.0 
13.0 88.0 19.0 97.0 
13.0 88.0 19.0 97.0 
13.0 88.0 19.0 97.0 
13.0 88.0 19.0 97.0 
13.0 88.0 19.0 97.0 
13.0 88.0 19.0 97.0 
13.0 88.0 19.0 97.0 
13.0 88.0 19.0 97.0 
13.0 88.0 19.0 97.0 
13.0 88.0 19.0 97.0 
13.0 88.0 19.0 97.0 
13.0 88.0 19.0 97.0 
13.0 88.0 19.0 97.0 
13.0 88.0 19.0 97.0 
13.0 88.0 19.0 97.0 
13.0 88.0 19.0 97.0 
13.0 88.0 19.0 97.0 
13.0 88.0 19.0 97.0 
13.0 88.0 19.0 97.0 
13.0 88.0 19.0 97.0 
13.0 88.0 19.0 97.0 
13.0 88.0 19.0 97.0 
13.0 88.0 19.0 97.0 
13.0 88.0 19.0 97.0 
13.0 88.0 19.0 97.0 
13.0 88.0 19.0 97.0 
13.0 88.0 19.0 97.0 
13.0 88.0 19.0 97.0 
13.0 88.0 19.0 97.0 
13.0 88.0 19.0 97.0 
13.0 88.0 19.0 97.0 
13.0 88.0 19.0 97.0 
13.0 88.0 19.0 97.0 
13.0 88.0 19.0 97.0 
13.0 88.0 19.0 97.0 
13.0 88.0 19.0 97.0 
13.0 88.0 19.0 97.0 
13.0 88.0 19.0 97.0 
13.0 88.0 19.0 97.0 
13.0 88.0 19.0 97.0 
13.0 88.0 19.0 97.0 
13.0 88.0 19.0 97.0 
13.0 88.0 19.0 97.0 
13.0 88.0 19.0 97.0 
36.0 14.0 35.0 85.0 
36.0 14.0 35.0 85.0 
36.0 14.0 35.0 85.0 
36.0 14.0 35.0 85.0 
36.0 14.0 35.0 85.0 
36.0 14.0 35.0 85.0 
36.0 14.0 35.0 85.0 
77.0 36.0 11.0 38.0 
21.0 69.0 55.0 90.0 
54.0 11.0 58.0 44.0 
68.0 89.0 44.0 37.0 
51.0 45.0 78.0 95.0 
24.0 53.0 69.0 41.0 
24.0 53.0 69.0 41.0 
