100.0 89.0 30.0 
100.0 89.0 30.0 
100.0 89.0 30.0 
100.0 89.0 30.0 
100.0 89.0 30.0 
100.0 89.0 30.0 
100.0 89.0 30.0 
100.0 89.0 30.0 
100.0 89.0 30.0 
100.0 89.0 30.0 
100.0 89.0 30.0 
100.0 89.0 30.0 
100.0 89.0 30.0 
100.0 89.0 30.0 
100.0 89.0 30.0 
100.0 89.0 30.0 
100.0 89.0 30.0 
100.0 89.0 30.0 
100.0 89.0 30.0 
100.0 89.0 30.0 
100.0 89.0 30.0 
100.0 89.0 30.0 
100.0 89.0 30.0 
100.0 89.0 30.0 
100.0 89.0 30.0 
100.0 89.0 30.0 
100.0 89.0 30.0 
100.0 89.0 30.0 
100.0 89.0 30.0 
100.0 89.0 30.0 
100.0 89.0 30.0 
100.0 89.0 30.0 
100.0 89.0 30.0 
100.0 89.0 30.0 
100.0 89.0 30.0 
100.0 89.0 30.0 
100.0 89.0 30.0 
100.0 89.0 30.0 
100.0 89.0 30.0 
100.0 89.0 30.0 
100.0 89.0 30.0 
100.0 89.0 30.0 
98.0 57.0 47.0 
98.0 57.0 47.0 
98.0 57.0 47.0 
98.0 57.0 47.0 
98.0 57.0 47.0 
98.0 57.0 47.0 
98.0 57.0 47.0 
98.0 57.0 47.0 
98.0 57.0 47.0 
98.0 57.0 47.0 
98.0 57.0 47.0 
98.0 57.0 47.0 
98.0 57.0 47.0 
50.0 89.0 47.0 
50.0 89.0 47.0 
50.0 89.0 47.0 
50.0 89.0 47.0 
50.0 89.0 47.0 
40.0 26.0 22.0 
40.0 26.0 22.0 
40.0 26.0 22.0 
40.0 26.0 22.0 
40.0 26.0 22.0 
44.0 45.0 32.0 
44.0 45.0 32.0 
44.0 45.0 32.0 
44.0 45.0 32.0 
12.0 90.0 44.0 
12.0 90.0 44.0 
12.0 90.0 44.0 
12.0 90.0 44.0 
12.0 90.0 44.0 
12.0 90.0 44.0 
12.0 90.0 44.0 
98.0 28.0 36.0 
98.0 28.0 36.0 
11.0 11.0 20.0 
11.0 11.0 20.0 
