14.0 30.0 61.0 77.0 32.0 
14.0 30.0 61.0 77.0 32.0 
14.0 30.0 61.0 77.0 32.0 
14.0 30.0 61.0 77.0 32.0 
14.0 30.0 61.0 77.0 32.0 
14.0 30.0 61.0 77.0 32.0 
14.0 30.0 61.0 77.0 32.0 
14.0 30.0 61.0 77.0 32.0 
14.0 30.0 61.0 77.0 32.0 
14.0 30.0 61.0 77.0 32.0 
14.0 30.0 61.0 77.0 32.0 
14.0 30.0 61.0 77.0 32.0 
14.0 30.0 61.0 77.0 32.0 
14.0 30.0 61.0 77.0 32.0 
14.0 30.0 61.0 77.0 32.0 
14.0 30.0 61.0 77.0 32.0 
14.0 30.0 61.0 77.0 32.0 
14.0 30.0 61.0 77.0 32.0 
14.0 30.0 61.0 77.0 32.0 
14.0 30.0 61.0 77.0 32.0 
14.0 30.0 61.0 77.0 32.0 
14.0 30.0 61.0 77.0 32.0 
14.0 30.0 61.0 77.0 32.0 
14.0 30.0 61.0 77.0 32.0 
14.0 30.0 61.0 77.0 32.0 
14.0 30.0 61.0 77.0 32.0 
14.0 30.0 61.0 77.0 32.0 
14.0 30.0 61.0 77.0 32.0 
14.0 30.0 61.0 77.0 32.0 
14.0 30.0 61.0 77.0 32.0 
14.0 30.0 61.0 77.0 32.0 
14.0 30.0 61.0 77.0 32.0 
14.0 30.0 61.0 77.0 32.0 
14.0 30.0 61.0 77.0 32.0 
14.0 30.0 61.0 77.0 32.0 
14.0 30.0 61.0 77.0 32.0 
14.0 30.0 61.0 77.0 32.0 
14.0 30.0 61.0 77.0 32.0 
14.0 30.0 61.0 77.0 32.0 
14.0 30.0 61.0 77.0 32.0 
14.0 30.0 61.0 77.0 32.0 
14.0 30.0 61.0 77.0 32.0 
14.0 30.0 61.0 77.0 32.0 
14.0 30.0 61.0 77.0 32.0 
14.0 30.0 61.0 77.0 32.0 
14.0 30.0 61.0 77.0 32.0 
14.0 30.0 61.0 77.0 32.0 
14.0 30.0 61.0 77.0 32.0 
14.0 30.0 61.0 77.0 32.0 
14.0 30.0 61.0 77.0 32.0 
14.0 30.0 61.0 77.0 32.0 
14.0 30.0 61.0 77.0 32.0 
14.0 30.0 61.0 77.0 32.0 
14.0 30.0 61.0 77.0 32.0 
14.0 30.0 61.0 77.0 32.0 
14.0 30.0 61.0 77.0 32.0 
14.0 30.0 61.0 77.0 32.0 
14.0 30.0 61.0 77.0 32.0 
14.0 30.0 61.0 77.0 32.0 
14.0 30.0 61.0 77.0 32.0 
14.0 30.0 61.0 77.0 32.0 
14.0 30.0 61.0 77.0 32.0 
14.0 30.0 61.0 77.0 32.0 
14.0 30.0 61.0 77.0 32.0 
14.0 30.0 61.0 77.0 32.0 
14.0 30.0 61.0 77.0 32.0 
14.0 30.0 61.0 77.0 32.0 
14.0 30.0 61.0 77.0 32.0 
14.0 30.0 61.0 77.0 32.0 
14.0 30.0 61.0 77.0 32.0 
14.0 30.0 61.0 77.0 32.0 
14.0 30.0 61.0 77.0 32.0 
92.0 72.0 87.0 69.0 14.0 
78.0 23.0 18.0 87.0 58.0 
25.0 93.0 16.0 88.0 49.0 
78.0 97.0 24.0 98.0 60.0 
73.0 16.0 99.0 93.0 91.0 
50.0 77.0 35.0 60.0 90.0 
50.0 26.0 94.0 18.0 81.0 
50.0 26.0 94.0 18.0 81.0 
