100.0 16.0 40.0 80.0 29.0 
100.0 16.0 40.0 80.0 29.0 
100.0 16.0 40.0 80.0 29.0 
100.0 16.0 40.0 80.0 29.0 
100.0 16.0 40.0 80.0 29.0 
100.0 16.0 40.0 80.0 29.0 
100.0 16.0 40.0 80.0 29.0 
100.0 16.0 40.0 80.0 29.0 
100.0 16.0 40.0 80.0 29.0 
100.0 16.0 40.0 80.0 29.0 
100.0 16.0 40.0 80.0 29.0 
100.0 16.0 40.0 80.0 29.0 
100.0 16.0 40.0 80.0 29.0 
100.0 16.0 40.0 80.0 29.0 
100.0 16.0 40.0 80.0 29.0 
100.0 16.0 40.0 80.0 29.0 
100.0 16.0 40.0 80.0 29.0 
100.0 16.0 40.0 80.0 29.0 
100.0 16.0 40.0 80.0 29.0 
100.0 16.0 40.0 80.0 29.0 
100.0 16.0 40.0 80.0 29.0 
100.0 16.0 40.0 80.0 29.0 
100.0 16.0 40.0 80.0 29.0 
100.0 16.0 40.0 80.0 29.0 
100.0 16.0 40.0 80.0 29.0 
100.0 16.0 40.0 80.0 29.0 
100.0 16.0 40.0 80.0 29.0 
100.0 16.0 40.0 80.0 29.0 
100.0 16.0 40.0 80.0 29.0 
100.0 16.0 40.0 80.0 29.0 
100.0 16.0 40.0 80.0 29.0 
100.0 16.0 40.0 80.0 29.0 
100.0 16.0 40.0 80.0 29.0 
100.0 16.0 40.0 80.0 29.0 
100.0 16.0 40.0 80.0 29.0 
100.0 16.0 40.0 80.0 29.0 
100.0 16.0 40.0 80.0 29.0 
100.0 16.0 40.0 80.0 29.0 
100.0 16.0 40.0 80.0 29.0 
100.0 16.0 40.0 80.0 29.0 
100.0 16.0 40.0 80.0 29.0 
100.0 16.0 40.0 80.0 29.0 
100.0 16.0 40.0 80.0 29.0 
100.0 16.0 40.0 80.0 29.0 
100.0 16.0 40.0 80.0 29.0 
100.0 16.0 40.0 80.0 29.0 
100.0 16.0 40.0 80.0 29.0 
100.0 16.0 40.0 80.0 29.0 
100.0 16.0 40.0 80.0 29.0 
100.0 16.0 40.0 80.0 29.0 
100.0 16.0 40.0 80.0 29.0 
100.0 16.0 40.0 80.0 29.0 
100.0 16.0 40.0 80.0 29.0 
100.0 16.0 40.0 80.0 29.0 
100.0 16.0 40.0 80.0 29.0 
100.0 16.0 40.0 80.0 29.0 
100.0 16.0 40.0 80.0 29.0 
100.0 16.0 40.0 80.0 29.0 
100.0 16.0 40.0 80.0 29.0 
100.0 16.0 40.0 80.0 29.0 
100.0 16.0 40.0 80.0 29.0 
100.0 16.0 40.0 80.0 29.0 
100.0 16.0 40.0 80.0 29.0 
100.0 16.0 40.0 80.0 29.0 
100.0 16.0 40.0 80.0 29.0 
100.0 16.0 40.0 80.0 29.0 
100.0 16.0 40.0 80.0 29.0 
100.0 16.0 40.0 80.0 29.0 
100.0 16.0 40.0 80.0 29.0 
100.0 16.0 40.0 80.0 29.0 
100.0 16.0 40.0 80.0 29.0 
88.0 51.0 93.0 75.0 93.0 
88.0 51.0 93.0 75.0 93.0 
36.0 54.0 50.0 93.0 92.0 
22.0 82.0 91.0 91.0 17.0 
63.0 40.0 97.0 67.0 83.0 
97.0 79.0 32.0 50.0 52.0 
46.0 52.0 74.0 37.0 71.0 
87.0 28.0 50.0 59.0 78.0 
87.0 28.0 50.0 59.0 78.0 
