72.0 84.0 94.0 
72.0 84.0 94.0 
72.0 84.0 94.0 
72.0 84.0 94.0 
72.0 84.0 94.0 
72.0 84.0 94.0 
72.0 84.0 94.0 
72.0 84.0 94.0 
72.0 84.0 94.0 
72.0 84.0 94.0 
72.0 84.0 94.0 
72.0 84.0 94.0 
72.0 84.0 94.0 
72.0 84.0 94.0 
72.0 84.0 94.0 
72.0 84.0 94.0 
72.0 84.0 94.0 
72.0 84.0 94.0 
72.0 84.0 94.0 
72.0 84.0 94.0 
72.0 84.0 94.0 
72.0 84.0 94.0 
72.0 84.0 94.0 
72.0 84.0 94.0 
72.0 84.0 94.0 
72.0 84.0 94.0 
72.0 84.0 94.0 
72.0 84.0 94.0 
72.0 84.0 94.0 
72.0 84.0 94.0 
72.0 84.0 94.0 
72.0 84.0 94.0 
72.0 84.0 94.0 
22.0 100.0 68.0 
22.0 100.0 68.0 
22.0 100.0 68.0 
22.0 100.0 68.0 
22.0 100.0 68.0 
22.0 100.0 68.0 
22.0 100.0 68.0 
22.0 100.0 68.0 
22.0 100.0 68.0 
22.0 100.0 68.0 
22.0 100.0 68.0 
22.0 100.0 68.0 
22.0 100.0 68.0 
22.0 100.0 68.0 
22.0 100.0 68.0 
22.0 100.0 68.0 
22.0 100.0 68.0 
22.0 100.0 68.0 
22.0 100.0 68.0 
22.0 100.0 68.0 
22.0 100.0 68.0 
22.0 100.0 68.0 
22.0 100.0 68.0 
64.0 71.0 81.0 
64.0 71.0 81.0 
64.0 71.0 81.0 
64.0 71.0 81.0 
64.0 71.0 81.0 
64.0 71.0 81.0 
64.0 71.0 81.0 
64.0 71.0 81.0 
64.0 71.0 81.0 
64.0 71.0 81.0 
64.0 71.0 81.0 
64.0 71.0 81.0 
64.0 71.0 81.0 
64.0 71.0 81.0 
16.0 15.0 100.0 
16.0 15.0 100.0 
48.0 13.0 31.0 
37.0 24.0 56.0 
37.0 24.0 56.0 
76.0 82.0 27.0 
99.0 12.0 69.0 
99.0 12.0 69.0 
99.0 12.0 69.0 
99.0 12.0 69.0 
