34.0 38.0 37.0 43.0 51.0 
34.0 38.0 37.0 43.0 51.0 
34.0 38.0 37.0 43.0 51.0 
34.0 38.0 37.0 43.0 51.0 
34.0 38.0 37.0 43.0 51.0 
34.0 38.0 37.0 43.0 51.0 
34.0 38.0 37.0 43.0 51.0 
34.0 38.0 37.0 43.0 51.0 
34.0 38.0 37.0 43.0 51.0 
34.0 38.0 37.0 43.0 51.0 
34.0 38.0 37.0 43.0 51.0 
34.0 38.0 37.0 43.0 51.0 
34.0 38.0 37.0 43.0 51.0 
34.0 38.0 37.0 43.0 51.0 
34.0 38.0 37.0 43.0 51.0 
34.0 38.0 37.0 43.0 51.0 
34.0 38.0 37.0 43.0 51.0 
34.0 38.0 37.0 43.0 51.0 
34.0 38.0 37.0 43.0 51.0 
34.0 38.0 37.0 43.0 51.0 
34.0 38.0 37.0 43.0 51.0 
34.0 38.0 37.0 43.0 51.0 
34.0 38.0 37.0 43.0 51.0 
15.0 36.0 75.0 18.0 67.0 
15.0 36.0 75.0 18.0 67.0 
15.0 36.0 75.0 18.0 67.0 
15.0 36.0 75.0 18.0 67.0 
15.0 36.0 75.0 18.0 67.0 
15.0 36.0 75.0 18.0 67.0 
15.0 36.0 75.0 18.0 67.0 
15.0 36.0 75.0 18.0 67.0 
15.0 36.0 75.0 18.0 67.0 
15.0 36.0 75.0 18.0 67.0 
15.0 36.0 75.0 18.0 67.0 
15.0 36.0 75.0 18.0 67.0 
15.0 36.0 75.0 18.0 67.0 
15.0 36.0 75.0 18.0 67.0 
15.0 36.0 75.0 18.0 67.0 
15.0 36.0 75.0 18.0 67.0 
15.0 36.0 75.0 18.0 67.0 
15.0 36.0 75.0 18.0 67.0 
15.0 36.0 75.0 18.0 67.0 
15.0 36.0 75.0 18.0 67.0 
15.0 36.0 75.0 18.0 67.0 
15.0 36.0 75.0 18.0 67.0 
15.0 36.0 75.0 18.0 67.0 
15.0 36.0 75.0 18.0 67.0 
15.0 36.0 75.0 18.0 67.0 
15.0 36.0 75.0 18.0 67.0 
15.0 36.0 75.0 18.0 67.0 
15.0 36.0 75.0 18.0 67.0 
15.0 36.0 75.0 18.0 67.0 
88.0 37.0 39.0 75.0 93.0 
88.0 37.0 39.0 75.0 93.0 
88.0 37.0 39.0 75.0 93.0 
88.0 37.0 39.0 75.0 93.0 
88.0 37.0 39.0 75.0 93.0 
88.0 37.0 39.0 75.0 93.0 
88.0 37.0 39.0 75.0 93.0 
88.0 37.0 39.0 75.0 93.0 
88.0 37.0 39.0 75.0 93.0 
88.0 37.0 39.0 75.0 93.0 
88.0 37.0 39.0 75.0 93.0 
82.0 85.0 90.0 19.0 57.0 
82.0 85.0 90.0 19.0 57.0 
82.0 85.0 90.0 19.0 57.0 
82.0 85.0 90.0 19.0 57.0 
82.0 85.0 90.0 19.0 57.0 
82.0 85.0 90.0 19.0 57.0 
82.0 85.0 90.0 19.0 57.0 
99.0 43.0 45.0 78.0 71.0 
19.0 44.0 91.0 50.0 54.0 
19.0 44.0 91.0 50.0 54.0 
19.0 44.0 91.0 50.0 54.0 
70.0 46.0 35.0 34.0 66.0 
70.0 46.0 35.0 34.0 66.0 
70.0 46.0 35.0 34.0 66.0 
70.0 46.0 35.0 34.0 66.0 
30.0 27.0 22.0 55.0 29.0 
30.0 27.0 22.0 55.0 29.0 
