73.0 48.0 90.0 84.0 
73.0 48.0 90.0 84.0 
73.0 48.0 90.0 84.0 
73.0 48.0 90.0 84.0 
73.0 48.0 90.0 84.0 
73.0 48.0 90.0 84.0 
73.0 48.0 90.0 84.0 
73.0 48.0 90.0 84.0 
73.0 48.0 90.0 84.0 
73.0 48.0 90.0 84.0 
73.0 48.0 90.0 84.0 
73.0 48.0 90.0 84.0 
73.0 48.0 90.0 84.0 
73.0 48.0 90.0 84.0 
73.0 48.0 90.0 84.0 
73.0 48.0 90.0 84.0 
73.0 48.0 90.0 84.0 
73.0 48.0 90.0 84.0 
73.0 48.0 90.0 84.0 
73.0 48.0 90.0 84.0 
73.0 48.0 90.0 84.0 
73.0 48.0 90.0 84.0 
73.0 48.0 90.0 84.0 
73.0 48.0 90.0 84.0 
73.0 48.0 90.0 84.0 
73.0 48.0 90.0 84.0 
73.0 48.0 90.0 84.0 
73.0 48.0 90.0 84.0 
73.0 48.0 90.0 84.0 
73.0 48.0 90.0 84.0 
73.0 48.0 90.0 84.0 
73.0 48.0 90.0 84.0 
73.0 48.0 90.0 84.0 
73.0 48.0 90.0 84.0 
73.0 48.0 90.0 84.0 
73.0 48.0 90.0 84.0 
73.0 48.0 90.0 84.0 
73.0 48.0 90.0 84.0 
73.0 48.0 90.0 84.0 
73.0 48.0 90.0 84.0 
73.0 48.0 90.0 84.0 
73.0 48.0 90.0 84.0 
73.0 48.0 90.0 84.0 
73.0 48.0 90.0 84.0 
73.0 48.0 90.0 84.0 
73.0 48.0 90.0 84.0 
73.0 48.0 90.0 84.0 
73.0 48.0 90.0 84.0 
73.0 48.0 90.0 84.0 
73.0 48.0 90.0 84.0 
73.0 48.0 90.0 84.0 
73.0 48.0 90.0 84.0 
73.0 48.0 90.0 84.0 
73.0 48.0 90.0 84.0 
73.0 48.0 90.0 84.0 
73.0 48.0 90.0 84.0 
15.0 84.0 67.0 11.0 
16.0 100.0 13.0 18.0 
16.0 100.0 13.0 18.0 
16.0 100.0 13.0 18.0 
16.0 100.0 13.0 18.0 
16.0 100.0 13.0 18.0 
48.0 13.0 50.0 69.0 
48.0 13.0 50.0 69.0 
48.0 13.0 50.0 69.0 
48.0 13.0 50.0 69.0 
48.0 13.0 50.0 69.0 
48.0 13.0 50.0 69.0 
48.0 13.0 50.0 69.0 
48.0 13.0 50.0 69.0 
80.0 82.0 73.0 58.0 
61.0 29.0 59.0 14.0 
61.0 29.0 59.0 14.0 
61.0 29.0 59.0 14.0 
61.0 29.0 59.0 14.0 
61.0 29.0 59.0 14.0 
61.0 29.0 59.0 14.0 
65.0 55.0 92.0 80.0 
23.0 57.0 89.0 29.0 
23.0 57.0 89.0 29.0 
