88.0 96.0 20.0 
88.0 96.0 20.0 
88.0 96.0 20.0 
88.0 96.0 20.0 
88.0 96.0 20.0 
88.0 96.0 20.0 
88.0 96.0 20.0 
88.0 96.0 20.0 
88.0 96.0 20.0 
88.0 96.0 20.0 
88.0 96.0 20.0 
88.0 96.0 20.0 
88.0 96.0 20.0 
88.0 96.0 20.0 
88.0 96.0 20.0 
88.0 96.0 20.0 
88.0 96.0 20.0 
88.0 96.0 20.0 
88.0 96.0 20.0 
88.0 96.0 20.0 
88.0 96.0 20.0 
88.0 96.0 20.0 
88.0 96.0 20.0 
88.0 96.0 20.0 
88.0 96.0 20.0 
88.0 96.0 20.0 
88.0 96.0 20.0 
88.0 96.0 20.0 
88.0 96.0 20.0 
88.0 96.0 20.0 
88.0 96.0 20.0 
88.0 96.0 20.0 
88.0 96.0 20.0 
88.0 96.0 20.0 
88.0 96.0 20.0 
88.0 96.0 20.0 
88.0 96.0 20.0 
88.0 96.0 20.0 
88.0 96.0 20.0 
88.0 96.0 20.0 
88.0 96.0 20.0 
88.0 96.0 20.0 
88.0 96.0 20.0 
81.0 98.0 97.0 
81.0 98.0 97.0 
81.0 98.0 97.0 
81.0 98.0 97.0 
81.0 98.0 97.0 
81.0 98.0 97.0 
81.0 98.0 97.0 
81.0 98.0 97.0 
81.0 98.0 97.0 
81.0 98.0 97.0 
81.0 98.0 97.0 
81.0 98.0 97.0 
81.0 98.0 97.0 
81.0 98.0 97.0 
81.0 98.0 97.0 
81.0 98.0 97.0 
81.0 98.0 97.0 
81.0 98.0 97.0 
81.0 98.0 97.0 
81.0 98.0 97.0 
81.0 98.0 97.0 
81.0 98.0 97.0 
81.0 98.0 97.0 
81.0 98.0 97.0 
81.0 98.0 97.0 
73.0 23.0 44.0 
73.0 23.0 44.0 
36.0 51.0 70.0 
36.0 51.0 70.0 
36.0 51.0 70.0 
36.0 51.0 70.0 
36.0 51.0 70.0 
18.0 76.0 12.0 
61.0 86.0 95.0 
42.0 58.0 70.0 
60.0 48.0 97.0 
60.0 48.0 97.0 
