34.0 51.0 67.0 17.0 
34.0 51.0 67.0 17.0 
34.0 51.0 67.0 17.0 
34.0 51.0 67.0 17.0 
34.0 51.0 67.0 17.0 
34.0 51.0 67.0 17.0 
34.0 51.0 67.0 17.0 
34.0 51.0 67.0 17.0 
34.0 51.0 67.0 17.0 
34.0 51.0 67.0 17.0 
34.0 51.0 67.0 17.0 
34.0 51.0 67.0 17.0 
34.0 51.0 67.0 17.0 
34.0 51.0 67.0 17.0 
34.0 51.0 67.0 17.0 
34.0 51.0 67.0 17.0 
34.0 51.0 67.0 17.0 
34.0 51.0 67.0 17.0 
34.0 51.0 67.0 17.0 
34.0 51.0 67.0 17.0 
34.0 51.0 67.0 17.0 
34.0 51.0 67.0 17.0 
34.0 51.0 67.0 17.0 
34.0 51.0 67.0 17.0 
34.0 51.0 67.0 17.0 
34.0 51.0 67.0 17.0 
34.0 51.0 67.0 17.0 
34.0 51.0 67.0 17.0 
34.0 51.0 67.0 17.0 
34.0 51.0 67.0 17.0 
34.0 51.0 67.0 17.0 
34.0 51.0 67.0 17.0 
34.0 51.0 67.0 17.0 
34.0 51.0 67.0 17.0 
34.0 51.0 67.0 17.0 
34.0 51.0 67.0 17.0 
34.0 51.0 67.0 17.0 
34.0 51.0 67.0 17.0 
34.0 51.0 67.0 17.0 
34.0 51.0 67.0 17.0 
34.0 51.0 67.0 17.0 
34.0 51.0 67.0 17.0 
34.0 51.0 67.0 17.0 
34.0 51.0 67.0 17.0 
34.0 51.0 67.0 17.0 
34.0 51.0 67.0 17.0 
34.0 51.0 67.0 17.0 
34.0 51.0 67.0 17.0 
34.0 51.0 67.0 17.0 
34.0 51.0 67.0 17.0 
34.0 51.0 67.0 17.0 
34.0 51.0 67.0 17.0 
34.0 51.0 67.0 17.0 
34.0 51.0 67.0 17.0 
34.0 51.0 67.0 17.0 
34.0 51.0 67.0 17.0 
34.0 51.0 67.0 17.0 
34.0 51.0 67.0 17.0 
34.0 51.0 67.0 17.0 
34.0 51.0 67.0 17.0 
34.0 51.0 67.0 17.0 
34.0 51.0 67.0 17.0 
34.0 51.0 67.0 17.0 
99.0 45.0 76.0 37.0 
99.0 45.0 76.0 37.0 
99.0 45.0 76.0 37.0 
99.0 45.0 76.0 37.0 
99.0 45.0 76.0 37.0 
100.0 62.0 19.0 46.0 
100.0 62.0 19.0 46.0 
100.0 62.0 19.0 46.0 
100.0 62.0 19.0 46.0 
100.0 62.0 19.0 46.0 
100.0 62.0 19.0 46.0 
18.0 13.0 14.0 55.0 
39.0 83.0 75.0 24.0 
84.0 33.0 22.0 57.0 
41.0 55.0 28.0 98.0 
93.0 33.0 35.0 18.0 
93.0 33.0 35.0 18.0 
