47.0 69.0 13.0 
47.0 69.0 13.0 
47.0 69.0 13.0 
47.0 69.0 13.0 
47.0 69.0 13.0 
47.0 69.0 13.0 
47.0 69.0 13.0 
47.0 69.0 13.0 
47.0 69.0 13.0 
47.0 69.0 13.0 
47.0 69.0 13.0 
47.0 69.0 13.0 
47.0 69.0 13.0 
47.0 69.0 13.0 
47.0 69.0 13.0 
47.0 69.0 13.0 
47.0 69.0 13.0 
47.0 69.0 13.0 
47.0 69.0 13.0 
47.0 69.0 13.0 
47.0 69.0 13.0 
47.0 69.0 13.0 
47.0 69.0 13.0 
47.0 69.0 13.0 
47.0 69.0 13.0 
47.0 69.0 13.0 
47.0 69.0 13.0 
47.0 69.0 13.0 
47.0 69.0 13.0 
47.0 69.0 13.0 
47.0 69.0 13.0 
47.0 69.0 13.0 
47.0 69.0 13.0 
47.0 69.0 13.0 
47.0 69.0 13.0 
47.0 69.0 13.0 
47.0 69.0 13.0 
47.0 69.0 13.0 
47.0 69.0 13.0 
47.0 69.0 13.0 
47.0 69.0 13.0 
47.0 69.0 13.0 
47.0 69.0 13.0 
47.0 69.0 13.0 
47.0 69.0 13.0 
47.0 69.0 13.0 
47.0 69.0 13.0 
47.0 69.0 13.0 
47.0 69.0 13.0 
47.0 69.0 13.0 
47.0 69.0 13.0 
47.0 69.0 13.0 
47.0 69.0 13.0 
47.0 69.0 13.0 
47.0 69.0 13.0 
47.0 69.0 13.0 
47.0 69.0 13.0 
47.0 69.0 13.0 
47.0 69.0 13.0 
47.0 69.0 13.0 
47.0 69.0 13.0 
47.0 69.0 13.0 
47.0 69.0 13.0 
70.0 91.0 66.0 
70.0 91.0 66.0 
70.0 91.0 66.0 
70.0 91.0 66.0 
70.0 91.0 66.0 
70.0 91.0 66.0 
13.0 29.0 96.0 
13.0 29.0 96.0 
13.0 29.0 96.0 
13.0 29.0 96.0 
13.0 29.0 96.0 
82.0 29.0 77.0 
25.0 67.0 66.0 
54.0 54.0 89.0 
59.0 88.0 42.0 
41.0 69.0 26.0 
41.0 69.0 26.0 
