38.0 59.0 94.0 85.0 
38.0 59.0 94.0 85.0 
38.0 59.0 94.0 85.0 
38.0 59.0 94.0 85.0 
38.0 59.0 94.0 85.0 
38.0 59.0 94.0 85.0 
38.0 59.0 94.0 85.0 
38.0 59.0 94.0 85.0 
38.0 59.0 94.0 85.0 
38.0 59.0 94.0 85.0 
38.0 59.0 94.0 85.0 
38.0 59.0 94.0 85.0 
38.0 59.0 94.0 85.0 
38.0 59.0 94.0 85.0 
38.0 59.0 94.0 85.0 
38.0 59.0 94.0 85.0 
38.0 59.0 94.0 85.0 
51.0 72.0 70.0 68.0 
51.0 72.0 70.0 68.0 
51.0 72.0 70.0 68.0 
51.0 72.0 70.0 68.0 
17.0 99.0 93.0 29.0 
17.0 99.0 93.0 29.0 
17.0 99.0 93.0 29.0 
17.0 99.0 93.0 29.0 
17.0 99.0 93.0 29.0 
17.0 99.0 93.0 29.0 
17.0 99.0 93.0 29.0 
17.0 99.0 93.0 29.0 
17.0 99.0 93.0 29.0 
17.0 99.0 93.0 29.0 
17.0 99.0 93.0 29.0 
17.0 99.0 93.0 29.0 
17.0 99.0 93.0 29.0 
17.0 99.0 93.0 29.0 
17.0 99.0 93.0 29.0 
17.0 99.0 93.0 29.0 
17.0 99.0 93.0 29.0 
17.0 99.0 93.0 29.0 
17.0 99.0 93.0 29.0 
17.0 99.0 93.0 29.0 
17.0 99.0 93.0 29.0 
17.0 99.0 93.0 29.0 
17.0 99.0 93.0 29.0 
17.0 99.0 93.0 29.0 
17.0 99.0 93.0 29.0 
17.0 99.0 93.0 29.0 
17.0 99.0 93.0 29.0 
17.0 99.0 93.0 29.0 
17.0 99.0 93.0 29.0 
17.0 99.0 93.0 29.0 
17.0 99.0 93.0 29.0 
17.0 99.0 93.0 29.0 
17.0 99.0 93.0 29.0 
17.0 99.0 93.0 29.0 
17.0 99.0 93.0 29.0 
17.0 99.0 93.0 29.0 
17.0 99.0 93.0 29.0 
17.0 99.0 93.0 29.0 
17.0 99.0 93.0 29.0 
17.0 99.0 93.0 29.0 
17.0 99.0 93.0 29.0 
17.0 99.0 93.0 29.0 
17.0 99.0 93.0 29.0 
17.0 99.0 93.0 29.0 
17.0 99.0 93.0 29.0 
17.0 99.0 93.0 29.0 
17.0 99.0 93.0 29.0 
17.0 99.0 93.0 29.0 
17.0 99.0 93.0 29.0 
17.0 99.0 93.0 29.0 
17.0 99.0 93.0 29.0 
17.0 99.0 93.0 29.0 
77.0 68.0 40.0 59.0 
77.0 68.0 40.0 59.0 
31.0 49.0 48.0 31.0 
22.0 55.0 61.0 30.0 
78.0 66.0 39.0 38.0 
40.0 59.0 28.0 65.0 
40.0 59.0 28.0 65.0 
