63.0 14.0 20.0 
63.0 14.0 20.0 
63.0 14.0 20.0 
63.0 14.0 20.0 
63.0 14.0 20.0 
63.0 14.0 20.0 
63.0 14.0 20.0 
63.0 14.0 20.0 
63.0 14.0 20.0 
63.0 14.0 20.0 
63.0 14.0 20.0 
63.0 14.0 20.0 
63.0 14.0 20.0 
63.0 14.0 20.0 
63.0 14.0 20.0 
63.0 14.0 20.0 
63.0 14.0 20.0 
63.0 14.0 20.0 
63.0 14.0 20.0 
63.0 14.0 20.0 
63.0 14.0 20.0 
63.0 14.0 20.0 
63.0 14.0 20.0 
63.0 14.0 20.0 
63.0 14.0 20.0 
63.0 14.0 20.0 
63.0 14.0 20.0 
63.0 14.0 20.0 
63.0 14.0 20.0 
63.0 14.0 20.0 
63.0 14.0 20.0 
63.0 14.0 20.0 
63.0 14.0 20.0 
63.0 14.0 20.0 
63.0 14.0 20.0 
63.0 14.0 20.0 
63.0 14.0 20.0 
63.0 14.0 20.0 
63.0 14.0 20.0 
63.0 14.0 20.0 
63.0 14.0 20.0 
63.0 14.0 20.0 
63.0 14.0 20.0 
63.0 14.0 20.0 
63.0 14.0 20.0 
63.0 14.0 20.0 
63.0 14.0 20.0 
63.0 14.0 20.0 
63.0 14.0 20.0 
63.0 14.0 20.0 
63.0 14.0 20.0 
63.0 14.0 20.0 
63.0 14.0 20.0 
63.0 14.0 20.0 
63.0 14.0 20.0 
63.0 14.0 20.0 
63.0 14.0 20.0 
63.0 14.0 20.0 
63.0 14.0 20.0 
63.0 14.0 20.0 
63.0 14.0 20.0 
63.0 14.0 20.0 
63.0 14.0 20.0 
63.0 14.0 20.0 
63.0 14.0 20.0 
63.0 14.0 20.0 
63.0 14.0 20.0 
63.0 14.0 20.0 
63.0 14.0 20.0 
63.0 14.0 20.0 
52.0 57.0 52.0 
52.0 57.0 52.0 
25.0 18.0 59.0 
25.0 18.0 59.0 
55.0 51.0 45.0 
27.0 48.0 25.0 
13.0 71.0 76.0 
100.0 63.0 84.0 
51.0 11.0 76.0 
51.0 11.0 76.0 
