99.0 56.0 49.0 75.0 11.0 
99.0 56.0 49.0 75.0 11.0 
99.0 56.0 49.0 75.0 11.0 
99.0 56.0 49.0 75.0 11.0 
99.0 56.0 49.0 75.0 11.0 
99.0 56.0 49.0 75.0 11.0 
99.0 56.0 49.0 75.0 11.0 
99.0 56.0 49.0 75.0 11.0 
99.0 56.0 49.0 75.0 11.0 
99.0 56.0 49.0 75.0 11.0 
99.0 56.0 49.0 75.0 11.0 
99.0 56.0 49.0 75.0 11.0 
99.0 56.0 49.0 75.0 11.0 
99.0 56.0 49.0 75.0 11.0 
99.0 56.0 49.0 75.0 11.0 
99.0 56.0 49.0 75.0 11.0 
99.0 56.0 49.0 75.0 11.0 
99.0 56.0 49.0 75.0 11.0 
99.0 56.0 49.0 75.0 11.0 
99.0 56.0 49.0 75.0 11.0 
99.0 56.0 49.0 75.0 11.0 
99.0 56.0 49.0 75.0 11.0 
99.0 56.0 49.0 75.0 11.0 
99.0 56.0 49.0 75.0 11.0 
99.0 56.0 49.0 75.0 11.0 
99.0 56.0 49.0 75.0 11.0 
99.0 56.0 49.0 75.0 11.0 
99.0 56.0 49.0 75.0 11.0 
99.0 56.0 49.0 75.0 11.0 
99.0 56.0 49.0 75.0 11.0 
96.0 58.0 14.0 79.0 95.0 
96.0 58.0 14.0 79.0 95.0 
96.0 58.0 14.0 79.0 95.0 
96.0 58.0 14.0 79.0 95.0 
96.0 58.0 14.0 79.0 95.0 
96.0 58.0 14.0 79.0 95.0 
96.0 58.0 14.0 79.0 95.0 
96.0 58.0 14.0 79.0 95.0 
96.0 58.0 14.0 79.0 95.0 
96.0 58.0 14.0 79.0 95.0 
96.0 58.0 14.0 79.0 95.0 
96.0 58.0 14.0 79.0 95.0 
96.0 58.0 14.0 79.0 95.0 
96.0 58.0 14.0 79.0 95.0 
96.0 58.0 14.0 79.0 95.0 
96.0 58.0 14.0 79.0 95.0 
96.0 58.0 14.0 79.0 95.0 
96.0 58.0 14.0 79.0 95.0 
96.0 58.0 14.0 79.0 95.0 
96.0 58.0 14.0 79.0 95.0 
96.0 58.0 14.0 79.0 95.0 
96.0 58.0 14.0 79.0 95.0 
96.0 58.0 14.0 79.0 95.0 
96.0 58.0 14.0 79.0 95.0 
96.0 58.0 14.0 79.0 95.0 
96.0 58.0 14.0 79.0 95.0 
96.0 58.0 14.0 79.0 95.0 
96.0 58.0 14.0 79.0 95.0 
96.0 58.0 14.0 79.0 95.0 
96.0 58.0 14.0 79.0 95.0 
96.0 58.0 14.0 79.0 95.0 
96.0 58.0 14.0 79.0 95.0 
96.0 58.0 14.0 79.0 95.0 
96.0 58.0 14.0 79.0 95.0 
96.0 58.0 14.0 79.0 95.0 
96.0 58.0 14.0 79.0 95.0 
96.0 58.0 14.0 79.0 95.0 
96.0 58.0 14.0 79.0 95.0 
80.0 27.0 69.0 26.0 11.0 
80.0 27.0 69.0 26.0 11.0 
80.0 27.0 69.0 26.0 11.0 
47.0 39.0 93.0 37.0 28.0 
47.0 39.0 93.0 37.0 28.0 
47.0 39.0 93.0 37.0 28.0 
60.0 96.0 93.0 35.0 86.0 
40.0 29.0 88.0 94.0 86.0 
40.0 29.0 88.0 94.0 86.0 
50.0 42.0 98.0 21.0 77.0 
95.0 78.0 37.0 30.0 76.0 
95.0 78.0 37.0 30.0 76.0 
