73.0 48.0 61.0 72.0 
73.0 48.0 61.0 72.0 
73.0 48.0 61.0 72.0 
73.0 48.0 61.0 72.0 
73.0 48.0 61.0 72.0 
73.0 48.0 61.0 72.0 
73.0 48.0 61.0 72.0 
73.0 48.0 61.0 72.0 
73.0 48.0 61.0 72.0 
73.0 48.0 61.0 72.0 
73.0 48.0 61.0 72.0 
73.0 48.0 61.0 72.0 
73.0 48.0 61.0 72.0 
73.0 48.0 61.0 72.0 
91.0 38.0 33.0 44.0 
91.0 38.0 33.0 44.0 
91.0 38.0 33.0 44.0 
91.0 38.0 33.0 44.0 
91.0 38.0 33.0 44.0 
91.0 38.0 33.0 44.0 
91.0 38.0 33.0 44.0 
91.0 38.0 33.0 44.0 
91.0 38.0 33.0 44.0 
91.0 38.0 33.0 44.0 
91.0 38.0 33.0 44.0 
91.0 38.0 33.0 44.0 
91.0 38.0 33.0 44.0 
91.0 38.0 33.0 44.0 
91.0 38.0 33.0 44.0 
91.0 38.0 33.0 44.0 
94.0 92.0 90.0 21.0 
94.0 92.0 90.0 21.0 
94.0 92.0 90.0 21.0 
94.0 92.0 90.0 21.0 
94.0 92.0 90.0 21.0 
94.0 92.0 90.0 21.0 
94.0 92.0 90.0 21.0 
94.0 92.0 90.0 21.0 
94.0 92.0 90.0 21.0 
94.0 92.0 90.0 21.0 
94.0 92.0 90.0 21.0 
94.0 92.0 90.0 21.0 
94.0 92.0 90.0 21.0 
94.0 92.0 90.0 21.0 
94.0 92.0 90.0 21.0 
94.0 92.0 90.0 21.0 
94.0 92.0 90.0 21.0 
94.0 92.0 90.0 21.0 
94.0 92.0 90.0 21.0 
94.0 92.0 90.0 21.0 
94.0 92.0 90.0 21.0 
94.0 92.0 90.0 21.0 
94.0 92.0 90.0 21.0 
94.0 92.0 90.0 21.0 
94.0 92.0 90.0 21.0 
94.0 92.0 90.0 21.0 
94.0 92.0 90.0 21.0 
94.0 92.0 90.0 21.0 
94.0 92.0 90.0 21.0 
94.0 92.0 90.0 21.0 
94.0 92.0 90.0 21.0 
94.0 92.0 90.0 21.0 
94.0 92.0 90.0 21.0 
49.0 95.0 33.0 22.0 
49.0 95.0 33.0 22.0 
49.0 82.0 62.0 32.0 
49.0 82.0 62.0 32.0 
49.0 82.0 62.0 32.0 
49.0 82.0 62.0 32.0 
49.0 82.0 62.0 32.0 
49.0 82.0 62.0 32.0 
49.0 82.0 62.0 32.0 
69.0 69.0 17.0 17.0 
69.0 69.0 17.0 17.0 
51.0 22.0 47.0 32.0 
51.0 22.0 47.0 32.0 
51.0 22.0 47.0 32.0 
67.0 76.0 70.0 15.0 
46.0 63.0 67.0 61.0 
46.0 63.0 67.0 61.0 
