42.0 83.0 28.0 39.0 42.0 
42.0 83.0 28.0 39.0 42.0 
42.0 83.0 28.0 39.0 42.0 
42.0 83.0 28.0 39.0 42.0 
42.0 83.0 28.0 39.0 42.0 
42.0 83.0 28.0 39.0 42.0 
42.0 83.0 28.0 39.0 42.0 
42.0 83.0 28.0 39.0 42.0 
42.0 83.0 28.0 39.0 42.0 
42.0 83.0 28.0 39.0 42.0 
42.0 83.0 28.0 39.0 42.0 
42.0 83.0 28.0 39.0 42.0 
42.0 83.0 28.0 39.0 42.0 
42.0 83.0 28.0 39.0 42.0 
42.0 83.0 28.0 39.0 42.0 
42.0 83.0 28.0 39.0 42.0 
42.0 83.0 28.0 39.0 42.0 
42.0 83.0 28.0 39.0 42.0 
42.0 83.0 28.0 39.0 42.0 
42.0 83.0 28.0 39.0 42.0 
42.0 83.0 28.0 39.0 42.0 
42.0 83.0 28.0 39.0 42.0 
42.0 83.0 28.0 39.0 42.0 
42.0 83.0 28.0 39.0 42.0 
42.0 83.0 28.0 39.0 42.0 
42.0 83.0 28.0 39.0 42.0 
42.0 83.0 28.0 39.0 42.0 
42.0 83.0 28.0 39.0 42.0 
42.0 83.0 28.0 39.0 42.0 
42.0 83.0 28.0 39.0 42.0 
42.0 83.0 28.0 39.0 42.0 
42.0 83.0 28.0 39.0 42.0 
42.0 83.0 28.0 39.0 42.0 
42.0 83.0 28.0 39.0 42.0 
42.0 83.0 28.0 39.0 42.0 
42.0 83.0 28.0 39.0 42.0 
42.0 83.0 28.0 39.0 42.0 
42.0 83.0 28.0 39.0 42.0 
42.0 83.0 28.0 39.0 42.0 
42.0 83.0 28.0 39.0 42.0 
42.0 83.0 28.0 39.0 42.0 
42.0 83.0 28.0 39.0 42.0 
42.0 83.0 28.0 39.0 42.0 
42.0 83.0 28.0 39.0 42.0 
42.0 83.0 28.0 39.0 42.0 
42.0 83.0 28.0 39.0 42.0 
42.0 83.0 28.0 39.0 42.0 
42.0 83.0 28.0 39.0 42.0 
42.0 83.0 28.0 39.0 42.0 
42.0 83.0 28.0 39.0 42.0 
42.0 83.0 28.0 39.0 42.0 
42.0 83.0 28.0 39.0 42.0 
42.0 83.0 28.0 39.0 42.0 
42.0 83.0 28.0 39.0 42.0 
42.0 83.0 28.0 39.0 42.0 
42.0 83.0 28.0 39.0 42.0 
42.0 83.0 28.0 39.0 42.0 
42.0 83.0 28.0 39.0 42.0 
42.0 83.0 28.0 39.0 42.0 
42.0 83.0 28.0 39.0 42.0 
42.0 83.0 28.0 39.0 42.0 
42.0 83.0 28.0 39.0 42.0 
42.0 83.0 28.0 39.0 42.0 
42.0 83.0 28.0 39.0 42.0 
42.0 83.0 28.0 39.0 42.0 
42.0 83.0 28.0 39.0 42.0 
42.0 83.0 28.0 39.0 42.0 
42.0 83.0 28.0 39.0 42.0 
42.0 83.0 28.0 39.0 42.0 
42.0 83.0 28.0 39.0 42.0 
34.0 69.0 85.0 88.0 76.0 
26.0 33.0 57.0 25.0 79.0 
26.0 33.0 57.0 25.0 79.0 
35.0 43.0 26.0 86.0 64.0 
70.0 23.0 83.0 35.0 36.0 
46.0 25.0 56.0 34.0 86.0 
84.0 55.0 18.0 81.0 46.0 
68.0 72.0 87.0 75.0 54.0 
92.0 47.0 79.0 15.0 25.0 
92.0 47.0 79.0 15.0 25.0 
