12.0 27.0 27.0 41.0 89.0 
12.0 27.0 27.0 41.0 89.0 
12.0 27.0 27.0 41.0 89.0 
12.0 27.0 27.0 41.0 89.0 
12.0 27.0 27.0 41.0 89.0 
12.0 27.0 27.0 41.0 89.0 
12.0 27.0 27.0 41.0 89.0 
12.0 27.0 27.0 41.0 89.0 
64.0 86.0 76.0 54.0 90.0 
64.0 86.0 76.0 54.0 90.0 
64.0 86.0 76.0 54.0 90.0 
64.0 86.0 76.0 54.0 90.0 
64.0 86.0 76.0 54.0 90.0 
64.0 86.0 76.0 54.0 90.0 
64.0 86.0 76.0 54.0 90.0 
64.0 86.0 76.0 54.0 90.0 
64.0 86.0 76.0 54.0 90.0 
64.0 86.0 76.0 54.0 90.0 
64.0 86.0 76.0 54.0 90.0 
64.0 86.0 76.0 54.0 90.0 
64.0 86.0 76.0 54.0 90.0 
64.0 86.0 76.0 54.0 90.0 
64.0 86.0 76.0 54.0 90.0 
64.0 86.0 76.0 54.0 90.0 
64.0 86.0 76.0 54.0 90.0 
64.0 86.0 76.0 54.0 90.0 
64.0 86.0 76.0 54.0 90.0 
64.0 86.0 76.0 54.0 90.0 
64.0 86.0 76.0 54.0 90.0 
64.0 86.0 76.0 54.0 90.0 
64.0 86.0 76.0 54.0 90.0 
64.0 86.0 76.0 54.0 90.0 
64.0 86.0 76.0 54.0 90.0 
64.0 86.0 76.0 54.0 90.0 
64.0 86.0 76.0 54.0 90.0 
64.0 86.0 76.0 54.0 90.0 
64.0 86.0 76.0 54.0 90.0 
64.0 86.0 76.0 54.0 90.0 
64.0 86.0 76.0 54.0 90.0 
64.0 86.0 76.0 54.0 90.0 
64.0 86.0 76.0 54.0 90.0 
64.0 86.0 76.0 54.0 90.0 
64.0 86.0 76.0 54.0 90.0 
64.0 86.0 76.0 54.0 90.0 
64.0 86.0 76.0 54.0 90.0 
64.0 86.0 76.0 54.0 90.0 
64.0 86.0 76.0 54.0 90.0 
64.0 86.0 76.0 54.0 90.0 
64.0 86.0 76.0 54.0 90.0 
64.0 86.0 76.0 54.0 90.0 
64.0 86.0 76.0 54.0 90.0 
64.0 86.0 76.0 54.0 90.0 
64.0 86.0 76.0 54.0 90.0 
64.0 86.0 76.0 54.0 90.0 
64.0 86.0 76.0 54.0 90.0 
64.0 86.0 76.0 54.0 90.0 
64.0 86.0 76.0 54.0 90.0 
64.0 86.0 76.0 54.0 90.0 
64.0 86.0 76.0 54.0 90.0 
64.0 86.0 76.0 54.0 90.0 
64.0 86.0 76.0 54.0 90.0 
64.0 86.0 76.0 54.0 90.0 
20.0 48.0 50.0 63.0 87.0 
20.0 48.0 50.0 63.0 87.0 
20.0 48.0 50.0 63.0 87.0 
20.0 48.0 50.0 63.0 87.0 
20.0 48.0 50.0 63.0 87.0 
56.0 19.0 99.0 51.0 74.0 
56.0 19.0 99.0 51.0 74.0 
56.0 19.0 99.0 51.0 74.0 
56.0 19.0 99.0 51.0 74.0 
51.0 54.0 22.0 97.0 98.0 
51.0 54.0 22.0 97.0 98.0 
51.0 54.0 22.0 97.0 98.0 
51.0 54.0 22.0 97.0 98.0 
97.0 78.0 27.0 98.0 11.0 
99.0 18.0 11.0 85.0 68.0 
98.0 21.0 55.0 31.0 60.0 
43.0 63.0 43.0 66.0 32.0 
43.0 63.0 43.0 66.0 32.0 
