66.0 12.0 11.0 
66.0 12.0 11.0 
66.0 12.0 11.0 
66.0 12.0 11.0 
66.0 12.0 11.0 
66.0 12.0 11.0 
66.0 12.0 11.0 
66.0 12.0 11.0 
66.0 12.0 11.0 
66.0 12.0 11.0 
66.0 12.0 11.0 
66.0 12.0 11.0 
66.0 12.0 11.0 
66.0 12.0 11.0 
66.0 12.0 11.0 
66.0 12.0 11.0 
66.0 12.0 11.0 
66.0 12.0 11.0 
66.0 12.0 11.0 
66.0 12.0 11.0 
66.0 12.0 11.0 
66.0 12.0 11.0 
66.0 12.0 11.0 
66.0 12.0 11.0 
66.0 12.0 11.0 
66.0 12.0 11.0 
78.0 84.0 45.0 
78.0 84.0 45.0 
78.0 84.0 45.0 
78.0 84.0 45.0 
78.0 84.0 45.0 
78.0 84.0 45.0 
78.0 84.0 45.0 
78.0 84.0 45.0 
78.0 84.0 45.0 
78.0 84.0 45.0 
78.0 84.0 45.0 
78.0 84.0 45.0 
78.0 84.0 45.0 
78.0 84.0 45.0 
78.0 84.0 45.0 
78.0 84.0 45.0 
78.0 84.0 45.0 
78.0 84.0 45.0 
78.0 84.0 45.0 
78.0 84.0 45.0 
78.0 84.0 45.0 
78.0 84.0 45.0 
78.0 84.0 45.0 
78.0 84.0 45.0 
78.0 84.0 45.0 
78.0 84.0 45.0 
78.0 84.0 45.0 
78.0 84.0 45.0 
78.0 84.0 45.0 
78.0 84.0 45.0 
78.0 84.0 45.0 
78.0 84.0 45.0 
78.0 84.0 45.0 
78.0 84.0 45.0 
78.0 84.0 45.0 
78.0 84.0 45.0 
78.0 84.0 45.0 
78.0 84.0 45.0 
78.0 84.0 45.0 
78.0 84.0 45.0 
78.0 84.0 45.0 
78.0 84.0 45.0 
78.0 84.0 45.0 
90.0 46.0 87.0 
82.0 35.0 94.0 
33.0 23.0 29.0 
33.0 23.0 29.0 
33.0 23.0 29.0 
33.0 23.0 29.0 
88.0 87.0 16.0 
89.0 61.0 51.0 
19.0 75.0 99.0 
29.0 15.0 77.0 
29.0 15.0 77.0 
