85.0 65.0 66.0 
85.0 65.0 66.0 
85.0 65.0 66.0 
85.0 65.0 66.0 
85.0 65.0 66.0 
11.0 65.0 89.0 
11.0 65.0 89.0 
11.0 65.0 89.0 
11.0 65.0 89.0 
11.0 65.0 89.0 
11.0 65.0 89.0 
11.0 65.0 89.0 
11.0 65.0 89.0 
11.0 65.0 89.0 
11.0 65.0 89.0 
11.0 65.0 89.0 
11.0 65.0 89.0 
11.0 65.0 89.0 
11.0 65.0 89.0 
11.0 65.0 89.0 
11.0 65.0 89.0 
11.0 65.0 89.0 
11.0 65.0 89.0 
11.0 65.0 89.0 
93.0 63.0 27.0 
93.0 63.0 27.0 
93.0 63.0 27.0 
93.0 63.0 27.0 
93.0 63.0 27.0 
93.0 63.0 27.0 
93.0 63.0 27.0 
93.0 63.0 27.0 
93.0 63.0 27.0 
93.0 63.0 27.0 
93.0 63.0 27.0 
93.0 63.0 27.0 
93.0 63.0 27.0 
93.0 63.0 27.0 
93.0 63.0 27.0 
93.0 63.0 27.0 
56.0 16.0 96.0 
56.0 16.0 96.0 
56.0 16.0 96.0 
56.0 16.0 96.0 
56.0 16.0 96.0 
56.0 16.0 96.0 
56.0 16.0 96.0 
56.0 16.0 96.0 
56.0 16.0 96.0 
56.0 16.0 96.0 
56.0 16.0 96.0 
56.0 16.0 96.0 
56.0 16.0 96.0 
56.0 16.0 96.0 
56.0 16.0 96.0 
56.0 16.0 96.0 
56.0 16.0 96.0 
56.0 16.0 96.0 
56.0 16.0 96.0 
56.0 16.0 96.0 
56.0 16.0 96.0 
56.0 16.0 96.0 
56.0 16.0 96.0 
56.0 16.0 96.0 
56.0 16.0 96.0 
56.0 16.0 96.0 
19.0 51.0 93.0 
19.0 51.0 93.0 
19.0 51.0 93.0 
69.0 78.0 27.0 
69.0 78.0 27.0 
69.0 78.0 27.0 
69.0 78.0 27.0 
69.0 78.0 27.0 
34.0 28.0 87.0 
34.0 28.0 87.0 
22.0 29.0 11.0 
22.0 92.0 98.0 
22.0 92.0 98.0 
22.0 92.0 98.0 
