18.0 79.0 85.0 
18.0 79.0 85.0 
18.0 79.0 85.0 
18.0 79.0 85.0 
18.0 79.0 85.0 
18.0 79.0 85.0 
18.0 79.0 85.0 
18.0 79.0 85.0 
18.0 79.0 85.0 
18.0 79.0 85.0 
18.0 79.0 85.0 
18.0 79.0 85.0 
18.0 79.0 85.0 
18.0 79.0 85.0 
18.0 79.0 85.0 
18.0 79.0 85.0 
18.0 79.0 85.0 
18.0 79.0 85.0 
18.0 79.0 85.0 
18.0 79.0 85.0 
18.0 79.0 85.0 
18.0 79.0 85.0 
18.0 79.0 85.0 
18.0 79.0 85.0 
18.0 79.0 85.0 
18.0 79.0 85.0 
18.0 79.0 85.0 
18.0 79.0 85.0 
87.0 81.0 47.0 
87.0 81.0 47.0 
87.0 81.0 47.0 
87.0 81.0 47.0 
87.0 81.0 47.0 
87.0 81.0 47.0 
87.0 81.0 47.0 
83.0 83.0 30.0 
83.0 83.0 30.0 
83.0 83.0 30.0 
83.0 83.0 30.0 
83.0 83.0 30.0 
83.0 83.0 30.0 
83.0 83.0 30.0 
83.0 83.0 30.0 
83.0 83.0 30.0 
83.0 83.0 30.0 
83.0 83.0 30.0 
83.0 83.0 30.0 
83.0 83.0 30.0 
83.0 83.0 30.0 
83.0 83.0 30.0 
83.0 83.0 30.0 
83.0 83.0 30.0 
83.0 83.0 30.0 
83.0 83.0 30.0 
58.0 66.0 50.0 
58.0 66.0 50.0 
58.0 66.0 50.0 
58.0 66.0 50.0 
58.0 66.0 50.0 
58.0 66.0 50.0 
46.0 30.0 25.0 
46.0 30.0 25.0 
46.0 30.0 25.0 
46.0 30.0 25.0 
46.0 30.0 25.0 
46.0 30.0 25.0 
46.0 30.0 25.0 
46.0 30.0 25.0 
46.0 30.0 25.0 
91.0 57.0 69.0 
91.0 57.0 69.0 
91.0 57.0 69.0 
91.0 57.0 69.0 
72.0 50.0 79.0 
72.0 50.0 79.0 
66.0 56.0 62.0 
66.0 56.0 62.0 
66.0 56.0 62.0 
89.0 91.0 65.0 
89.0 91.0 65.0 
