90.0 73.0 11.0 35.0 
90.0 73.0 11.0 35.0 
90.0 73.0 11.0 35.0 
90.0 73.0 11.0 35.0 
90.0 73.0 11.0 35.0 
90.0 73.0 11.0 35.0 
90.0 73.0 11.0 35.0 
90.0 73.0 11.0 35.0 
90.0 73.0 11.0 35.0 
90.0 73.0 11.0 35.0 
90.0 73.0 11.0 35.0 
90.0 73.0 11.0 35.0 
90.0 73.0 11.0 35.0 
90.0 73.0 11.0 35.0 
90.0 73.0 11.0 35.0 
90.0 73.0 11.0 35.0 
90.0 73.0 11.0 35.0 
90.0 73.0 11.0 35.0 
90.0 73.0 11.0 35.0 
90.0 73.0 11.0 35.0 
90.0 73.0 11.0 35.0 
90.0 73.0 11.0 35.0 
90.0 73.0 11.0 35.0 
90.0 73.0 11.0 35.0 
90.0 73.0 11.0 35.0 
90.0 73.0 11.0 35.0 
90.0 73.0 11.0 35.0 
90.0 73.0 11.0 35.0 
90.0 73.0 11.0 35.0 
90.0 73.0 11.0 35.0 
90.0 73.0 11.0 35.0 
90.0 73.0 11.0 35.0 
90.0 73.0 11.0 35.0 
90.0 73.0 11.0 35.0 
90.0 73.0 11.0 35.0 
90.0 73.0 11.0 35.0 
90.0 73.0 11.0 35.0 
90.0 73.0 11.0 35.0 
90.0 73.0 11.0 35.0 
90.0 73.0 11.0 35.0 
90.0 73.0 11.0 35.0 
90.0 73.0 11.0 35.0 
90.0 73.0 11.0 35.0 
90.0 73.0 11.0 35.0 
90.0 73.0 11.0 35.0 
90.0 73.0 11.0 35.0 
90.0 73.0 11.0 35.0 
90.0 73.0 11.0 35.0 
90.0 73.0 11.0 35.0 
90.0 73.0 11.0 35.0 
90.0 73.0 11.0 35.0 
90.0 73.0 11.0 35.0 
90.0 73.0 11.0 35.0 
83.0 29.0 11.0 96.0 
83.0 29.0 11.0 96.0 
83.0 29.0 11.0 96.0 
83.0 29.0 11.0 96.0 
83.0 29.0 11.0 96.0 
83.0 29.0 11.0 96.0 
83.0 29.0 11.0 96.0 
83.0 29.0 11.0 96.0 
83.0 29.0 11.0 96.0 
83.0 29.0 11.0 96.0 
83.0 29.0 11.0 96.0 
83.0 29.0 11.0 96.0 
83.0 29.0 11.0 96.0 
83.0 29.0 11.0 96.0 
83.0 29.0 11.0 96.0 
83.0 29.0 11.0 96.0 
83.0 29.0 11.0 96.0 
57.0 92.0 42.0 85.0 
57.0 92.0 42.0 85.0 
57.0 92.0 42.0 85.0 
86.0 74.0 58.0 12.0 
70.0 61.0 49.0 42.0 
32.0 98.0 72.0 57.0 
75.0 64.0 54.0 41.0 
65.0 67.0 13.0 89.0 
74.0 89.0 76.0 21.0 
74.0 89.0 76.0 21.0 
