43.0 92.0 79.0 97.0 
43.0 92.0 79.0 97.0 
43.0 92.0 79.0 97.0 
43.0 92.0 79.0 97.0 
43.0 92.0 79.0 97.0 
43.0 92.0 79.0 97.0 
43.0 92.0 79.0 97.0 
43.0 92.0 79.0 97.0 
43.0 92.0 79.0 97.0 
43.0 92.0 79.0 97.0 
43.0 92.0 79.0 97.0 
43.0 92.0 79.0 97.0 
43.0 92.0 79.0 97.0 
43.0 92.0 79.0 97.0 
43.0 92.0 79.0 97.0 
43.0 92.0 79.0 97.0 
43.0 92.0 79.0 97.0 
43.0 92.0 79.0 97.0 
43.0 92.0 79.0 97.0 
43.0 92.0 79.0 97.0 
43.0 92.0 79.0 97.0 
43.0 92.0 79.0 97.0 
43.0 92.0 79.0 97.0 
43.0 92.0 79.0 97.0 
43.0 92.0 79.0 97.0 
43.0 92.0 79.0 97.0 
43.0 92.0 79.0 97.0 
43.0 92.0 79.0 97.0 
43.0 92.0 79.0 97.0 
43.0 92.0 79.0 97.0 
43.0 92.0 79.0 97.0 
93.0 65.0 61.0 42.0 
93.0 65.0 61.0 42.0 
93.0 65.0 61.0 42.0 
93.0 65.0 61.0 42.0 
93.0 65.0 61.0 42.0 
93.0 65.0 61.0 42.0 
93.0 65.0 61.0 42.0 
93.0 65.0 61.0 42.0 
93.0 65.0 61.0 42.0 
93.0 65.0 61.0 42.0 
93.0 65.0 61.0 42.0 
93.0 65.0 61.0 42.0 
93.0 65.0 61.0 42.0 
93.0 65.0 61.0 42.0 
93.0 65.0 61.0 42.0 
93.0 65.0 61.0 42.0 
93.0 65.0 61.0 42.0 
93.0 65.0 61.0 42.0 
93.0 65.0 61.0 42.0 
93.0 65.0 61.0 42.0 
93.0 65.0 61.0 42.0 
93.0 65.0 61.0 42.0 
93.0 65.0 61.0 42.0 
93.0 65.0 61.0 42.0 
93.0 65.0 61.0 42.0 
93.0 65.0 61.0 42.0 
93.0 65.0 61.0 42.0 
93.0 65.0 61.0 42.0 
93.0 65.0 61.0 42.0 
93.0 65.0 61.0 42.0 
93.0 65.0 61.0 42.0 
21.0 17.0 11.0 23.0 
21.0 17.0 11.0 23.0 
21.0 17.0 11.0 23.0 
21.0 17.0 11.0 23.0 
21.0 36.0 78.0 72.0 
76.0 70.0 51.0 73.0 
76.0 70.0 51.0 73.0 
76.0 70.0 51.0 73.0 
76.0 70.0 51.0 73.0 
76.0 70.0 51.0 73.0 
76.0 70.0 51.0 73.0 
76.0 70.0 51.0 73.0 
49.0 45.0 90.0 47.0 
49.0 45.0 90.0 47.0 
90.0 25.0 90.0 59.0 
44.0 41.0 79.0 87.0 
84.0 92.0 90.0 37.0 
84.0 92.0 90.0 37.0 
