60.0 47.0 93.0 
60.0 47.0 93.0 
60.0 47.0 93.0 
60.0 47.0 93.0 
60.0 47.0 93.0 
60.0 47.0 93.0 
60.0 47.0 93.0 
60.0 47.0 93.0 
60.0 47.0 93.0 
60.0 47.0 93.0 
60.0 47.0 93.0 
60.0 47.0 93.0 
60.0 47.0 93.0 
60.0 47.0 93.0 
60.0 47.0 93.0 
60.0 47.0 93.0 
60.0 47.0 93.0 
60.0 47.0 93.0 
60.0 47.0 93.0 
60.0 47.0 93.0 
60.0 47.0 93.0 
60.0 47.0 93.0 
60.0 47.0 93.0 
60.0 47.0 93.0 
60.0 47.0 93.0 
60.0 47.0 93.0 
60.0 47.0 93.0 
60.0 47.0 93.0 
60.0 47.0 93.0 
60.0 47.0 93.0 
60.0 47.0 93.0 
60.0 47.0 93.0 
60.0 47.0 93.0 
60.0 47.0 93.0 
60.0 47.0 93.0 
60.0 47.0 93.0 
60.0 47.0 93.0 
60.0 47.0 93.0 
60.0 47.0 93.0 
60.0 47.0 93.0 
60.0 47.0 93.0 
60.0 47.0 93.0 
60.0 47.0 93.0 
60.0 47.0 93.0 
60.0 47.0 93.0 
60.0 47.0 93.0 
60.0 47.0 93.0 
60.0 47.0 93.0 
60.0 47.0 93.0 
60.0 47.0 93.0 
60.0 47.0 93.0 
60.0 47.0 93.0 
60.0 47.0 93.0 
60.0 47.0 93.0 
60.0 47.0 93.0 
60.0 47.0 93.0 
60.0 47.0 93.0 
60.0 47.0 93.0 
60.0 47.0 93.0 
60.0 47.0 93.0 
60.0 47.0 93.0 
60.0 47.0 93.0 
60.0 47.0 93.0 
89.0 84.0 37.0 
89.0 84.0 37.0 
89.0 84.0 37.0 
89.0 84.0 37.0 
89.0 84.0 37.0 
89.0 84.0 37.0 
89.0 84.0 37.0 
89.0 84.0 37.0 
93.0 11.0 77.0 
50.0 17.0 49.0 
50.0 17.0 49.0 
17.0 30.0 78.0 
72.0 88.0 28.0 
66.0 25.0 76.0 
40.0 16.0 46.0 
78.0 28.0 77.0 
78.0 28.0 77.0 
