18.0 81.0 69.0 
18.0 81.0 69.0 
18.0 81.0 69.0 
18.0 81.0 69.0 
18.0 81.0 69.0 
18.0 81.0 69.0 
18.0 81.0 69.0 
18.0 81.0 69.0 
21.0 34.0 98.0 
21.0 34.0 98.0 
21.0 34.0 98.0 
21.0 34.0 98.0 
21.0 34.0 98.0 
21.0 34.0 98.0 
21.0 34.0 98.0 
21.0 34.0 98.0 
21.0 34.0 98.0 
21.0 34.0 98.0 
21.0 34.0 98.0 
21.0 34.0 98.0 
21.0 34.0 98.0 
21.0 34.0 98.0 
40.0 73.0 59.0 
40.0 73.0 59.0 
40.0 73.0 59.0 
40.0 73.0 59.0 
40.0 73.0 59.0 
40.0 73.0 59.0 
40.0 73.0 59.0 
40.0 73.0 59.0 
40.0 73.0 59.0 
40.0 73.0 59.0 
40.0 73.0 59.0 
40.0 73.0 59.0 
40.0 73.0 59.0 
40.0 73.0 59.0 
40.0 73.0 59.0 
40.0 73.0 59.0 
40.0 73.0 59.0 
40.0 73.0 59.0 
40.0 73.0 59.0 
40.0 73.0 59.0 
40.0 73.0 59.0 
40.0 73.0 59.0 
40.0 73.0 59.0 
40.0 73.0 59.0 
40.0 73.0 59.0 
40.0 73.0 59.0 
17.0 18.0 75.0 
17.0 18.0 75.0 
17.0 18.0 75.0 
17.0 18.0 75.0 
17.0 18.0 75.0 
17.0 18.0 75.0 
17.0 18.0 75.0 
17.0 18.0 75.0 
17.0 18.0 75.0 
17.0 18.0 75.0 
58.0 70.0 67.0 
58.0 70.0 67.0 
58.0 70.0 67.0 
58.0 70.0 67.0 
99.0 24.0 51.0 
99.0 24.0 51.0 
99.0 24.0 51.0 
99.0 24.0 51.0 
94.0 82.0 81.0 
94.0 82.0 81.0 
94.0 82.0 81.0 
94.0 82.0 81.0 
94.0 82.0 81.0 
94.0 82.0 81.0 
94.0 82.0 81.0 
94.0 82.0 81.0 
94.0 82.0 81.0 
94.0 82.0 81.0 
94.0 82.0 81.0 
77.0 14.0 63.0 
90.0 53.0 92.0 
90.0 53.0 92.0 
