66.0 29.0 88.0 80.0 87.0 
66.0 29.0 88.0 80.0 87.0 
66.0 29.0 88.0 80.0 87.0 
66.0 29.0 88.0 80.0 87.0 
66.0 29.0 88.0 80.0 87.0 
66.0 29.0 88.0 80.0 87.0 
66.0 29.0 88.0 80.0 87.0 
66.0 29.0 88.0 80.0 87.0 
66.0 29.0 88.0 80.0 87.0 
84.0 77.0 97.0 70.0 60.0 
84.0 77.0 97.0 70.0 60.0 
84.0 77.0 97.0 70.0 60.0 
84.0 77.0 97.0 70.0 60.0 
84.0 77.0 97.0 70.0 60.0 
84.0 77.0 97.0 70.0 60.0 
84.0 77.0 97.0 70.0 60.0 
84.0 77.0 97.0 70.0 60.0 
84.0 77.0 97.0 70.0 60.0 
84.0 77.0 97.0 70.0 60.0 
84.0 77.0 97.0 70.0 60.0 
84.0 77.0 97.0 70.0 60.0 
84.0 77.0 97.0 70.0 60.0 
84.0 77.0 97.0 70.0 60.0 
84.0 77.0 97.0 70.0 60.0 
84.0 77.0 97.0 70.0 60.0 
84.0 77.0 97.0 70.0 60.0 
84.0 77.0 97.0 70.0 60.0 
84.0 77.0 97.0 70.0 60.0 
84.0 77.0 97.0 70.0 60.0 
84.0 77.0 97.0 70.0 60.0 
84.0 77.0 97.0 70.0 60.0 
84.0 77.0 97.0 70.0 60.0 
84.0 77.0 97.0 70.0 60.0 
51.0 80.0 16.0 28.0 44.0 
51.0 80.0 16.0 28.0 44.0 
51.0 80.0 16.0 28.0 44.0 
51.0 80.0 16.0 28.0 44.0 
51.0 80.0 16.0 28.0 44.0 
51.0 80.0 16.0 28.0 44.0 
51.0 80.0 16.0 28.0 44.0 
51.0 80.0 16.0 28.0 44.0 
51.0 80.0 16.0 28.0 44.0 
51.0 80.0 16.0 28.0 44.0 
51.0 80.0 16.0 28.0 44.0 
51.0 80.0 16.0 28.0 44.0 
51.0 80.0 16.0 28.0 44.0 
51.0 80.0 16.0 28.0 44.0 
51.0 80.0 16.0 28.0 44.0 
51.0 80.0 16.0 28.0 44.0 
51.0 80.0 16.0 28.0 44.0 
51.0 80.0 16.0 28.0 44.0 
29.0 46.0 17.0 33.0 70.0 
42.0 88.0 63.0 97.0 78.0 
85.0 35.0 12.0 62.0 29.0 
85.0 35.0 12.0 62.0 29.0 
85.0 35.0 12.0 62.0 29.0 
85.0 35.0 12.0 62.0 29.0 
85.0 35.0 12.0 62.0 29.0 
85.0 35.0 12.0 62.0 29.0 
85.0 35.0 12.0 62.0 29.0 
85.0 35.0 12.0 62.0 29.0 
85.0 35.0 12.0 62.0 29.0 
85.0 35.0 12.0 62.0 29.0 
37.0 31.0 21.0 75.0 26.0 
37.0 31.0 21.0 75.0 26.0 
37.0 31.0 21.0 75.0 26.0 
37.0 31.0 21.0 75.0 26.0 
37.0 31.0 21.0 75.0 26.0 
37.0 31.0 21.0 75.0 26.0 
37.0 31.0 21.0 75.0 26.0 
37.0 31.0 21.0 75.0 26.0 
88.0 58.0 23.0 46.0 14.0 
67.0 59.0 100.0 27.0 86.0 
67.0 59.0 100.0 27.0 86.0 
67.0 59.0 100.0 27.0 86.0 
67.0 59.0 100.0 27.0 86.0 
67.0 59.0 100.0 27.0 86.0 
67.0 59.0 100.0 27.0 86.0 
67.0 59.0 100.0 27.0 86.0 
67.0 59.0 100.0 27.0 86.0 
