11.0 49.0 49.0 89.0 68.0 
11.0 49.0 49.0 89.0 68.0 
11.0 49.0 49.0 89.0 68.0 
11.0 49.0 49.0 89.0 68.0 
11.0 49.0 49.0 89.0 68.0 
11.0 49.0 49.0 89.0 68.0 
11.0 49.0 49.0 89.0 68.0 
11.0 49.0 49.0 89.0 68.0 
11.0 49.0 49.0 89.0 68.0 
11.0 49.0 49.0 89.0 68.0 
11.0 49.0 49.0 89.0 68.0 
11.0 49.0 49.0 89.0 68.0 
11.0 49.0 49.0 89.0 68.0 
11.0 49.0 49.0 89.0 68.0 
11.0 49.0 49.0 89.0 68.0 
11.0 49.0 49.0 89.0 68.0 
11.0 49.0 49.0 89.0 68.0 
11.0 49.0 49.0 89.0 68.0 
11.0 49.0 49.0 89.0 68.0 
11.0 49.0 49.0 89.0 68.0 
11.0 49.0 49.0 89.0 68.0 
11.0 49.0 49.0 89.0 68.0 
67.0 86.0 99.0 14.0 52.0 
67.0 86.0 99.0 14.0 52.0 
67.0 86.0 99.0 14.0 52.0 
67.0 86.0 99.0 14.0 52.0 
67.0 86.0 99.0 14.0 52.0 
67.0 86.0 99.0 14.0 52.0 
67.0 86.0 99.0 14.0 52.0 
67.0 86.0 99.0 14.0 52.0 
67.0 86.0 99.0 14.0 52.0 
67.0 86.0 99.0 14.0 52.0 
67.0 86.0 99.0 14.0 52.0 
67.0 86.0 99.0 14.0 52.0 
67.0 86.0 99.0 14.0 52.0 
67.0 86.0 99.0 14.0 52.0 
67.0 86.0 99.0 14.0 52.0 
67.0 86.0 99.0 14.0 52.0 
67.0 86.0 99.0 14.0 52.0 
67.0 86.0 99.0 14.0 52.0 
67.0 86.0 99.0 14.0 52.0 
67.0 86.0 99.0 14.0 52.0 
67.0 86.0 99.0 14.0 52.0 
67.0 86.0 99.0 14.0 52.0 
67.0 86.0 99.0 14.0 52.0 
67.0 86.0 99.0 14.0 52.0 
67.0 86.0 99.0 14.0 52.0 
67.0 86.0 99.0 14.0 52.0 
67.0 86.0 99.0 14.0 52.0 
67.0 86.0 99.0 14.0 52.0 
67.0 86.0 99.0 14.0 52.0 
67.0 86.0 99.0 14.0 52.0 
67.0 86.0 99.0 14.0 52.0 
67.0 86.0 99.0 14.0 52.0 
67.0 86.0 99.0 14.0 52.0 
67.0 86.0 99.0 14.0 52.0 
67.0 86.0 99.0 14.0 52.0 
67.0 86.0 99.0 14.0 52.0 
67.0 86.0 99.0 14.0 52.0 
14.0 98.0 81.0 40.0 98.0 
14.0 98.0 81.0 40.0 98.0 
14.0 98.0 81.0 40.0 98.0 
14.0 98.0 81.0 40.0 98.0 
52.0 54.0 76.0 62.0 30.0 
52.0 54.0 76.0 62.0 30.0 
52.0 54.0 76.0 62.0 30.0 
52.0 54.0 76.0 62.0 30.0 
52.0 54.0 76.0 62.0 30.0 
52.0 54.0 76.0 62.0 30.0 
52.0 54.0 76.0 62.0 30.0 
52.0 54.0 76.0 62.0 30.0 
52.0 54.0 76.0 62.0 30.0 
52.0 54.0 76.0 62.0 30.0 
52.0 54.0 76.0 62.0 30.0 
95.0 91.0 68.0 84.0 26.0 
45.0 21.0 74.0 85.0 27.0 
91.0 69.0 94.0 22.0 49.0 
37.0 15.0 21.0 100.0 76.0 
25.0 40.0 49.0 46.0 41.0 
25.0 40.0 49.0 46.0 41.0 
