58.0 48.0 75.0 15.0 
58.0 48.0 75.0 15.0 
58.0 48.0 75.0 15.0 
58.0 48.0 75.0 15.0 
58.0 48.0 75.0 15.0 
58.0 48.0 75.0 15.0 
58.0 48.0 75.0 15.0 
58.0 48.0 75.0 15.0 
58.0 48.0 75.0 15.0 
58.0 48.0 75.0 15.0 
58.0 48.0 75.0 15.0 
58.0 48.0 75.0 15.0 
58.0 48.0 75.0 15.0 
58.0 48.0 75.0 15.0 
58.0 48.0 75.0 15.0 
58.0 48.0 75.0 15.0 
58.0 48.0 75.0 15.0 
58.0 48.0 75.0 15.0 
58.0 48.0 75.0 15.0 
58.0 48.0 75.0 15.0 
58.0 48.0 75.0 15.0 
58.0 48.0 75.0 15.0 
58.0 48.0 75.0 15.0 
58.0 48.0 75.0 15.0 
58.0 48.0 75.0 15.0 
58.0 48.0 75.0 15.0 
58.0 48.0 75.0 15.0 
58.0 48.0 75.0 15.0 
58.0 48.0 75.0 15.0 
58.0 48.0 75.0 15.0 
58.0 48.0 75.0 15.0 
58.0 48.0 75.0 15.0 
58.0 48.0 75.0 15.0 
58.0 48.0 75.0 15.0 
58.0 48.0 75.0 15.0 
58.0 48.0 75.0 15.0 
58.0 48.0 75.0 15.0 
58.0 48.0 75.0 15.0 
58.0 48.0 75.0 15.0 
58.0 48.0 75.0 15.0 
58.0 48.0 75.0 15.0 
58.0 48.0 75.0 15.0 
58.0 48.0 75.0 15.0 
58.0 48.0 75.0 15.0 
58.0 48.0 75.0 15.0 
58.0 48.0 75.0 15.0 
93.0 21.0 40.0 23.0 
93.0 21.0 40.0 23.0 
93.0 21.0 40.0 23.0 
93.0 21.0 40.0 23.0 
93.0 21.0 40.0 23.0 
93.0 21.0 40.0 23.0 
93.0 21.0 40.0 23.0 
93.0 21.0 40.0 23.0 
93.0 21.0 40.0 23.0 
93.0 21.0 40.0 23.0 
93.0 21.0 40.0 23.0 
93.0 21.0 40.0 23.0 
93.0 21.0 40.0 23.0 
93.0 21.0 40.0 23.0 
93.0 21.0 40.0 23.0 
93.0 21.0 40.0 23.0 
93.0 21.0 40.0 23.0 
93.0 21.0 40.0 23.0 
93.0 21.0 40.0 23.0 
93.0 21.0 40.0 23.0 
93.0 21.0 40.0 23.0 
78.0 89.0 26.0 96.0 
78.0 89.0 26.0 96.0 
95.0 29.0 81.0 36.0 
91.0 50.0 66.0 96.0 
91.0 50.0 66.0 96.0 
97.0 36.0 64.0 69.0 
97.0 36.0 64.0 69.0 
97.0 36.0 64.0 69.0 
57.0 99.0 58.0 80.0 
57.0 99.0 58.0 80.0 
65.0 46.0 37.0 62.0 
93.0 41.0 25.0 78.0 
93.0 41.0 25.0 78.0 
