28.0 99.0 39.0 69.0 
28.0 99.0 39.0 69.0 
28.0 99.0 39.0 69.0 
28.0 99.0 39.0 69.0 
28.0 99.0 39.0 69.0 
28.0 99.0 39.0 69.0 
28.0 99.0 39.0 69.0 
28.0 99.0 39.0 69.0 
28.0 99.0 39.0 69.0 
28.0 99.0 39.0 69.0 
28.0 99.0 39.0 69.0 
28.0 99.0 39.0 69.0 
28.0 99.0 39.0 69.0 
28.0 99.0 39.0 69.0 
28.0 99.0 39.0 69.0 
28.0 99.0 39.0 69.0 
28.0 99.0 39.0 69.0 
28.0 99.0 39.0 69.0 
28.0 99.0 39.0 69.0 
28.0 99.0 39.0 69.0 
28.0 99.0 39.0 69.0 
28.0 99.0 39.0 69.0 
28.0 99.0 39.0 69.0 
28.0 99.0 39.0 69.0 
28.0 99.0 39.0 69.0 
28.0 99.0 39.0 69.0 
28.0 99.0 39.0 69.0 
28.0 99.0 39.0 69.0 
28.0 99.0 39.0 69.0 
28.0 99.0 39.0 69.0 
28.0 99.0 39.0 69.0 
28.0 99.0 39.0 69.0 
28.0 99.0 39.0 69.0 
28.0 99.0 39.0 69.0 
28.0 99.0 39.0 69.0 
28.0 99.0 39.0 69.0 
28.0 99.0 39.0 69.0 
28.0 99.0 39.0 69.0 
28.0 99.0 39.0 69.0 
28.0 99.0 39.0 69.0 
28.0 99.0 39.0 69.0 
28.0 99.0 39.0 69.0 
28.0 99.0 39.0 69.0 
28.0 99.0 39.0 69.0 
28.0 99.0 39.0 69.0 
28.0 99.0 39.0 69.0 
28.0 99.0 39.0 69.0 
28.0 99.0 39.0 69.0 
28.0 99.0 39.0 69.0 
28.0 99.0 39.0 69.0 
28.0 99.0 39.0 69.0 
28.0 99.0 39.0 69.0 
68.0 43.0 77.0 48.0 
68.0 43.0 77.0 48.0 
68.0 43.0 77.0 48.0 
68.0 43.0 77.0 48.0 
68.0 43.0 77.0 48.0 
68.0 43.0 77.0 48.0 
68.0 43.0 77.0 48.0 
68.0 43.0 77.0 48.0 
68.0 43.0 77.0 48.0 
68.0 43.0 77.0 48.0 
68.0 43.0 77.0 48.0 
68.0 43.0 77.0 48.0 
33.0 60.0 12.0 43.0 
11.0 19.0 30.0 40.0 
11.0 19.0 30.0 40.0 
11.0 19.0 30.0 40.0 
98.0 83.0 17.0 29.0 
16.0 31.0 54.0 60.0 
16.0 31.0 54.0 60.0 
16.0 31.0 54.0 60.0 
16.0 31.0 54.0 60.0 
16.0 31.0 54.0 60.0 
16.0 31.0 54.0 60.0 
60.0 70.0 61.0 66.0 
60.0 70.0 61.0 66.0 
78.0 25.0 83.0 29.0 
46.0 91.0 29.0 70.0 
46.0 91.0 29.0 70.0 
