59.0 89.0 14.0 69.0 64.0 
59.0 89.0 14.0 69.0 64.0 
59.0 89.0 14.0 69.0 64.0 
59.0 89.0 14.0 69.0 64.0 
59.0 89.0 14.0 69.0 64.0 
59.0 89.0 14.0 69.0 64.0 
59.0 89.0 14.0 69.0 64.0 
59.0 89.0 14.0 69.0 64.0 
59.0 89.0 14.0 69.0 64.0 
59.0 89.0 14.0 69.0 64.0 
59.0 89.0 14.0 69.0 64.0 
59.0 89.0 14.0 69.0 64.0 
59.0 89.0 14.0 69.0 64.0 
59.0 89.0 14.0 69.0 64.0 
59.0 89.0 14.0 69.0 64.0 
59.0 89.0 14.0 69.0 64.0 
59.0 89.0 14.0 69.0 64.0 
59.0 89.0 14.0 69.0 64.0 
59.0 89.0 14.0 69.0 64.0 
59.0 89.0 14.0 69.0 64.0 
59.0 89.0 14.0 69.0 64.0 
59.0 89.0 14.0 69.0 64.0 
59.0 89.0 14.0 69.0 64.0 
59.0 89.0 14.0 69.0 64.0 
59.0 89.0 14.0 69.0 64.0 
59.0 89.0 14.0 69.0 64.0 
59.0 89.0 14.0 69.0 64.0 
84.0 32.0 75.0 93.0 30.0 
84.0 32.0 75.0 93.0 30.0 
84.0 32.0 75.0 93.0 30.0 
84.0 32.0 75.0 93.0 30.0 
84.0 32.0 75.0 93.0 30.0 
84.0 32.0 75.0 93.0 30.0 
84.0 32.0 75.0 93.0 30.0 
84.0 32.0 75.0 93.0 30.0 
84.0 32.0 75.0 93.0 30.0 
84.0 32.0 75.0 93.0 30.0 
84.0 32.0 75.0 93.0 30.0 
84.0 32.0 75.0 93.0 30.0 
84.0 32.0 75.0 93.0 30.0 
84.0 32.0 75.0 93.0 30.0 
84.0 32.0 75.0 93.0 30.0 
84.0 32.0 75.0 93.0 30.0 
84.0 32.0 75.0 93.0 30.0 
84.0 32.0 75.0 93.0 30.0 
84.0 32.0 75.0 93.0 30.0 
84.0 32.0 75.0 93.0 30.0 
84.0 32.0 75.0 93.0 30.0 
84.0 32.0 75.0 93.0 30.0 
37.0 12.0 22.0 37.0 39.0 
37.0 12.0 22.0 37.0 39.0 
37.0 12.0 22.0 37.0 39.0 
37.0 12.0 22.0 37.0 39.0 
37.0 12.0 22.0 37.0 39.0 
37.0 12.0 22.0 37.0 39.0 
37.0 12.0 22.0 37.0 39.0 
37.0 12.0 22.0 37.0 39.0 
37.0 12.0 22.0 37.0 39.0 
37.0 12.0 22.0 37.0 39.0 
37.0 12.0 22.0 37.0 39.0 
63.0 50.0 94.0 18.0 33.0 
63.0 50.0 94.0 18.0 33.0 
63.0 50.0 94.0 18.0 33.0 
63.0 50.0 94.0 18.0 33.0 
63.0 50.0 94.0 18.0 33.0 
63.0 50.0 94.0 18.0 33.0 
63.0 50.0 94.0 18.0 33.0 
63.0 50.0 94.0 18.0 33.0 
63.0 50.0 94.0 18.0 33.0 
63.0 50.0 94.0 18.0 33.0 
63.0 50.0 94.0 18.0 33.0 
64.0 36.0 67.0 17.0 35.0 
71.0 93.0 39.0 69.0 38.0 
71.0 93.0 39.0 69.0 38.0 
71.0 93.0 39.0 69.0 38.0 
71.0 93.0 39.0 69.0 38.0 
33.0 95.0 88.0 89.0 67.0 
78.0 31.0 47.0 31.0 38.0 
44.0 87.0 12.0 59.0 33.0 
44.0 87.0 12.0 59.0 33.0 
