60.0 59.0 
60.0 59.0 
60.0 59.0 
60.0 59.0 
60.0 59.0 
60.0 59.0 
60.0 59.0 
60.0 59.0 
60.0 59.0 
60.0 59.0 
60.0 59.0 
60.0 59.0 
60.0 59.0 
60.0 59.0 
60.0 59.0 
60.0 59.0 
60.0 59.0 
60.0 59.0 
60.0 59.0 
60.0 59.0 
60.0 59.0 
60.0 59.0 
60.0 59.0 
60.0 59.0 
60.0 59.0 
60.0 59.0 
60.0 59.0 
60.0 59.0 
60.0 59.0 
60.0 59.0 
60.0 59.0 
60.0 59.0 
60.0 59.0 
60.0 59.0 
60.0 59.0 
60.0 59.0 
60.0 59.0 
78.0 9.0 
78.0 9.0 
78.0 9.0 
78.0 9.0 
78.0 9.0 
78.0 9.0 
78.0 9.0 
78.0 9.0 
78.0 9.0 
78.0 9.0 
78.0 9.0 
78.0 9.0 
78.0 9.0 
78.0 9.0 
78.0 9.0 
78.0 9.0 
78.0 9.0 
78.0 9.0 
78.0 9.0 
78.0 9.0 
78.0 9.0 
78.0 9.0 
78.0 9.0 
78.0 9.0 
78.0 9.0 
78.0 9.0 
78.0 9.0 
78.0 9.0 
78.0 9.0 
78.0 9.0 
78.0 9.0 
78.0 9.0 
78.0 9.0 
78.0 9.0 
78.0 9.0 
78.0 9.0 
78.0 9.0 
78.0 9.0 
78.0 9.0 
78.0 9.0 
78.0 9.0 
78.0 9.0 
78.0 9.0 
78.0 9.0 
78.0 9.0 
78.0 9.0 
78.0 9.0 
78.0 9.0 
78.0 9.0 
78.0 9.0 
78.0 9.0 
78.0 9.0 
78.0 9.0 
78.0 9.0 
78.0 9.0 
97.0 11.0 
97.0 11.0 
97.0 11.0 
97.0 11.0 
53.0 3.0 
86.0 8.0 
86.0 8.0 
86.0 8.0 
