20.0 19.0 
20.0 19.0 
20.0 19.0 
20.0 19.0 
20.0 19.0 
20.0 19.0 
20.0 19.0 
20.0 19.0 
20.0 19.0 
20.0 19.0 
20.0 19.0 
20.0 19.0 
20.0 19.0 
20.0 19.0 
20.0 19.0 
20.0 19.0 
20.0 19.0 
20.0 19.0 
20.0 19.0 
20.0 19.0 
20.0 19.0 
20.0 19.0 
20.0 19.0 
20.0 19.0 
20.0 19.0 
65.0 58.0 
65.0 58.0 
65.0 58.0 
65.0 58.0 
65.0 58.0 
65.0 58.0 
56.0 47.0 
56.0 47.0 
56.0 47.0 
56.0 47.0 
56.0 47.0 
56.0 47.0 
56.0 47.0 
56.0 47.0 
56.0 47.0 
56.0 47.0 
56.0 47.0 
56.0 47.0 
56.0 47.0 
56.0 47.0 
56.0 47.0 
56.0 47.0 
56.0 47.0 
56.0 47.0 
56.0 47.0 
56.0 47.0 
56.0 47.0 
56.0 47.0 
56.0 47.0 
56.0 47.0 
56.0 47.0 
56.0 47.0 
56.0 47.0 
56.0 47.0 
56.0 47.0 
56.0 47.0 
56.0 47.0 
56.0 47.0 
56.0 47.0 
56.0 47.0 
56.0 47.0 
56.0 47.0 
56.0 47.0 
56.0 47.0 
56.0 47.0 
56.0 47.0 
56.0 47.0 
56.0 47.0 
56.0 47.0 
56.0 47.0 
56.0 47.0 
56.0 47.0 
56.0 47.0 
56.0 47.0 
56.0 47.0 
56.0 47.0 
56.0 47.0 
56.0 47.0 
56.0 47.0 
56.0 47.0 
56.0 47.0 
44.0 22.0 
44.0 22.0 
44.0 22.0 
44.0 22.0 
44.0 22.0 
44.0 22.0 
44.0 22.0 
44.0 22.0 
44.0 22.0 
93.0 20.0 
93.0 20.0 
48.0 41.0 
77.0 31.0 
77.0 31.0 
