93.0 92.0 
93.0 92.0 
93.0 92.0 
93.0 92.0 
93.0 92.0 
93.0 92.0 
93.0 92.0 
93.0 92.0 
93.0 92.0 
93.0 92.0 
36.0 3.0 
36.0 3.0 
36.0 3.0 
36.0 3.0 
36.0 3.0 
36.0 3.0 
36.0 3.0 
36.0 3.0 
36.0 3.0 
36.0 3.0 
36.0 3.0 
36.0 3.0 
36.0 3.0 
36.0 3.0 
36.0 3.0 
36.0 3.0 
36.0 3.0 
36.0 3.0 
36.0 3.0 
36.0 3.0 
36.0 3.0 
36.0 3.0 
36.0 3.0 
36.0 3.0 
36.0 3.0 
36.0 3.0 
36.0 3.0 
36.0 3.0 
36.0 3.0 
36.0 3.0 
36.0 3.0 
36.0 3.0 
36.0 3.0 
36.0 3.0 
36.0 3.0 
36.0 3.0 
36.0 3.0 
36.0 3.0 
36.0 3.0 
36.0 3.0 
36.0 3.0 
36.0 3.0 
36.0 3.0 
34.0 31.0 
34.0 31.0 
34.0 31.0 
34.0 31.0 
34.0 31.0 
34.0 31.0 
34.0 31.0 
34.0 31.0 
34.0 31.0 
34.0 31.0 
34.0 31.0 
34.0 31.0 
34.0 31.0 
34.0 31.0 
34.0 31.0 
34.0 31.0 
34.0 31.0 
34.0 31.0 
34.0 31.0 
96.0 41.0 
96.0 41.0 
96.0 41.0 
96.0 41.0 
96.0 41.0 
96.0 41.0 
96.0 41.0 
96.0 41.0 
96.0 41.0 
96.0 41.0 
96.0 41.0 
96.0 41.0 
96.0 41.0 
96.0 41.0 
96.0 41.0 
96.0 41.0 
95.0 60.0 
95.0 60.0 
95.0 60.0 
95.0 60.0 
95.0 60.0 
95.0 60.0 
34.0 12.0 
39.0 1.0 
22.0 0.0 
94.0 86.0 
60.0 29.0 
60.0 29.0 
