64.0 63.0 
64.0 63.0 
64.0 63.0 
64.0 63.0 
64.0 63.0 
70.0 7.0 
70.0 7.0 
70.0 7.0 
70.0 7.0 
70.0 7.0 
70.0 7.0 
70.0 7.0 
70.0 7.0 
70.0 7.0 
70.0 7.0 
70.0 7.0 
70.0 7.0 
70.0 7.0 
70.0 7.0 
70.0 7.0 
70.0 7.0 
70.0 7.0 
70.0 7.0 
70.0 7.0 
70.0 7.0 
70.0 7.0 
70.0 7.0 
70.0 7.0 
70.0 7.0 
70.0 7.0 
70.0 7.0 
70.0 7.0 
70.0 7.0 
70.0 7.0 
70.0 7.0 
70.0 7.0 
70.0 7.0 
70.0 7.0 
70.0 7.0 
70.0 7.0 
70.0 7.0 
70.0 7.0 
70.0 7.0 
70.0 7.0 
70.0 7.0 
70.0 7.0 
70.0 7.0 
70.0 7.0 
70.0 7.0 
70.0 7.0 
70.0 7.0 
70.0 7.0 
70.0 7.0 
70.0 7.0 
70.0 7.0 
70.0 7.0 
70.0 7.0 
70.0 7.0 
70.0 7.0 
70.0 7.0 
70.0 7.0 
70.0 7.0 
70.0 7.0 
70.0 7.0 
70.0 7.0 
70.0 7.0 
70.0 7.0 
70.0 7.0 
26.0 0.0 
26.0 0.0 
26.0 0.0 
26.0 0.0 
26.0 0.0 
26.0 0.0 
26.0 0.0 
26.0 0.0 
72.0 42.0 
72.0 42.0 
72.0 42.0 
72.0 42.0 
72.0 42.0 
72.0 42.0 
72.0 42.0 
72.0 42.0 
72.0 42.0 
72.0 42.0 
16.0 2.0 
16.0 2.0 
16.0 2.0 
16.0 2.0 
16.0 2.0 
16.0 2.0 
54.0 5.0 
54.0 5.0 
54.0 5.0 
54.0 5.0 
54.0 5.0 
55.0 8.0 
55.0 8.0 
55.0 8.0 
