100.0 99.0 
100.0 99.0 
100.0 99.0 
100.0 99.0 
100.0 99.0 
100.0 99.0 
100.0 99.0 
100.0 99.0 
100.0 99.0 
100.0 99.0 
100.0 99.0 
100.0 99.0 
100.0 99.0 
100.0 99.0 
100.0 99.0 
100.0 99.0 
100.0 99.0 
100.0 99.0 
100.0 99.0 
100.0 99.0 
100.0 99.0 
100.0 99.0 
100.0 99.0 
100.0 99.0 
100.0 99.0 
100.0 99.0 
100.0 99.0 
100.0 99.0 
100.0 99.0 
100.0 99.0 
100.0 99.0 
100.0 99.0 
100.0 99.0 
100.0 99.0 
100.0 99.0 
100.0 99.0 
100.0 99.0 
100.0 99.0 
100.0 99.0 
100.0 99.0 
100.0 99.0 
100.0 99.0 
100.0 99.0 
100.0 99.0 
100.0 99.0 
100.0 99.0 
100.0 99.0 
100.0 99.0 
100.0 99.0 
100.0 99.0 
100.0 99.0 
100.0 99.0 
100.0 99.0 
100.0 99.0 
100.0 99.0 
100.0 99.0 
100.0 99.0 
100.0 99.0 
100.0 99.0 
100.0 99.0 
100.0 99.0 
100.0 99.0 
100.0 99.0 
100.0 99.0 
100.0 99.0 
100.0 99.0 
100.0 99.0 
100.0 99.0 
100.0 99.0 
100.0 99.0 
100.0 99.0 
100.0 99.0 
100.0 99.0 
100.0 99.0 
100.0 99.0 
100.0 99.0 
100.0 99.0 
100.0 99.0 
93.0 26.0 
93.0 26.0 
93.0 26.0 
93.0 26.0 
93.0 26.0 
93.0 26.0 
93.0 26.0 
93.0 26.0 
93.0 26.0 
93.0 26.0 
93.0 26.0 
93.0 26.0 
93.0 26.0 
15.0 12.0 
15.0 12.0 
73.0 10.0 
13.0 2.0 
96.0 46.0 
86.0 54.0 
74.0 18.0 
56.0 7.0 
56.0 7.0 
