50.0 49.0 
50.0 49.0 
50.0 49.0 
50.0 49.0 
50.0 49.0 
50.0 49.0 
50.0 49.0 
50.0 49.0 
50.0 49.0 
50.0 49.0 
50.0 49.0 
50.0 49.0 
50.0 49.0 
50.0 49.0 
50.0 49.0 
50.0 49.0 
50.0 49.0 
50.0 49.0 
50.0 49.0 
50.0 49.0 
50.0 49.0 
50.0 49.0 
50.0 49.0 
50.0 49.0 
50.0 49.0 
50.0 49.0 
50.0 49.0 
50.0 49.0 
50.0 49.0 
50.0 49.0 
50.0 49.0 
50.0 49.0 
50.0 49.0 
50.0 49.0 
50.0 49.0 
50.0 49.0 
50.0 49.0 
50.0 49.0 
50.0 49.0 
50.0 49.0 
50.0 49.0 
50.0 49.0 
50.0 49.0 
50.0 49.0 
50.0 49.0 
50.0 49.0 
50.0 49.0 
50.0 49.0 
50.0 49.0 
50.0 49.0 
50.0 49.0 
50.0 49.0 
24.0 23.0 
24.0 23.0 
24.0 23.0 
24.0 23.0 
24.0 23.0 
24.0 23.0 
24.0 23.0 
24.0 23.0 
24.0 23.0 
24.0 23.0 
24.0 23.0 
24.0 23.0 
24.0 23.0 
24.0 23.0 
24.0 23.0 
24.0 23.0 
24.0 23.0 
24.0 23.0 
24.0 23.0 
24.0 23.0 
24.0 23.0 
24.0 23.0 
24.0 23.0 
24.0 23.0 
24.0 23.0 
24.0 23.0 
19.0 1.0 
19.0 1.0 
19.0 1.0 
19.0 1.0 
19.0 1.0 
19.0 1.0 
19.0 1.0 
19.0 1.0 
19.0 1.0 
19.0 1.0 
82.0 31.0 
82.0 31.0 
74.0 3.0 
74.0 3.0 
74.0 3.0 
35.0 3.0 
35.0 3.0 
54.0 13.0 
45.0 11.0 
69.0 48.0 
42.0 0.0 
42.0 0.0 
