59.0 58.0 
59.0 58.0 
59.0 58.0 
59.0 58.0 
59.0 58.0 
59.0 58.0 
59.0 58.0 
59.0 58.0 
59.0 58.0 
59.0 58.0 
59.0 58.0 
59.0 58.0 
59.0 58.0 
59.0 58.0 
59.0 58.0 
59.0 58.0 
59.0 58.0 
59.0 58.0 
59.0 58.0 
59.0 58.0 
59.0 58.0 
59.0 58.0 
59.0 58.0 
59.0 58.0 
59.0 58.0 
59.0 58.0 
59.0 58.0 
56.0 45.0 
56.0 45.0 
56.0 45.0 
56.0 45.0 
56.0 45.0 
56.0 45.0 
56.0 45.0 
56.0 45.0 
56.0 45.0 
56.0 45.0 
56.0 45.0 
56.0 45.0 
56.0 45.0 
56.0 45.0 
56.0 45.0 
56.0 45.0 
56.0 45.0 
56.0 45.0 
56.0 45.0 
56.0 45.0 
56.0 45.0 
56.0 45.0 
56.0 45.0 
56.0 45.0 
56.0 45.0 
56.0 45.0 
56.0 45.0 
56.0 45.0 
56.0 45.0 
56.0 45.0 
56.0 45.0 
56.0 45.0 
56.0 45.0 
56.0 45.0 
56.0 45.0 
91.0 39.0 
91.0 39.0 
91.0 39.0 
91.0 39.0 
91.0 39.0 
91.0 39.0 
91.0 39.0 
91.0 39.0 
91.0 39.0 
91.0 39.0 
91.0 39.0 
91.0 39.0 
91.0 39.0 
91.0 39.0 
91.0 39.0 
91.0 39.0 
91.0 39.0 
91.0 39.0 
91.0 39.0 
91.0 39.0 
91.0 39.0 
91.0 39.0 
80.0 8.0 
80.0 8.0 
80.0 8.0 
80.0 8.0 
80.0 8.0 
80.0 8.0 
80.0 8.0 
80.0 8.0 
80.0 8.0 
69.0 44.0 
69.0 44.0 
23.0 15.0 
23.0 15.0 
23.0 15.0 
23.0 15.0 
23.0 15.0 
