25.0 24.0 
25.0 24.0 
25.0 24.0 
25.0 24.0 
25.0 24.0 
25.0 24.0 
25.0 24.0 
25.0 24.0 
25.0 24.0 
25.0 24.0 
25.0 24.0 
25.0 24.0 
25.0 24.0 
25.0 24.0 
25.0 24.0 
25.0 24.0 
25.0 24.0 
25.0 24.0 
25.0 24.0 
25.0 24.0 
25.0 24.0 
25.0 24.0 
25.0 24.0 
25.0 24.0 
25.0 24.0 
25.0 24.0 
25.0 24.0 
25.0 24.0 
25.0 24.0 
25.0 24.0 
25.0 24.0 
25.0 24.0 
25.0 24.0 
25.0 24.0 
25.0 24.0 
25.0 24.0 
25.0 24.0 
25.0 24.0 
25.0 24.0 
25.0 24.0 
25.0 24.0 
25.0 24.0 
25.0 24.0 
25.0 24.0 
25.0 24.0 
25.0 24.0 
25.0 24.0 
25.0 24.0 
25.0 24.0 
25.0 24.0 
25.0 24.0 
25.0 24.0 
25.0 24.0 
25.0 24.0 
25.0 24.0 
25.0 24.0 
25.0 24.0 
25.0 24.0 
25.0 24.0 
25.0 24.0 
25.0 24.0 
25.0 24.0 
25.0 24.0 
25.0 24.0 
68.0 35.0 
68.0 35.0 
28.0 2.0 
28.0 2.0 
28.0 2.0 
28.0 2.0 
28.0 2.0 
28.0 2.0 
28.0 2.0 
28.0 2.0 
28.0 2.0 
28.0 2.0 
28.0 2.0 
28.0 2.0 
28.0 2.0 
28.0 2.0 
28.0 2.0 
28.0 2.0 
28.0 2.0 
93.0 10.0 
93.0 10.0 
93.0 10.0 
93.0 10.0 
93.0 10.0 
93.0 10.0 
93.0 10.0 
93.0 10.0 
93.0 10.0 
93.0 10.0 
59.0 58.0 
59.0 58.0 
59.0 58.0 
59.0 58.0 
59.0 58.0 
59.0 58.0 
59.0 58.0 
