40.0 39.0 
40.0 39.0 
40.0 39.0 
40.0 39.0 
40.0 39.0 
40.0 39.0 
76.0 60.0 
76.0 60.0 
76.0 60.0 
76.0 60.0 
76.0 60.0 
76.0 60.0 
76.0 60.0 
76.0 60.0 
76.0 60.0 
76.0 60.0 
76.0 60.0 
76.0 60.0 
76.0 60.0 
76.0 60.0 
76.0 60.0 
76.0 60.0 
76.0 60.0 
76.0 60.0 
76.0 60.0 
76.0 60.0 
76.0 60.0 
76.0 60.0 
76.0 60.0 
76.0 60.0 
76.0 60.0 
76.0 60.0 
76.0 60.0 
76.0 60.0 
76.0 60.0 
76.0 60.0 
76.0 60.0 
76.0 60.0 
76.0 60.0 
76.0 60.0 
76.0 60.0 
76.0 60.0 
76.0 60.0 
76.0 60.0 
76.0 60.0 
76.0 60.0 
76.0 60.0 
76.0 60.0 
76.0 60.0 
76.0 60.0 
76.0 60.0 
76.0 60.0 
76.0 60.0 
76.0 60.0 
76.0 60.0 
76.0 60.0 
76.0 60.0 
76.0 60.0 
76.0 60.0 
76.0 60.0 
76.0 60.0 
76.0 60.0 
76.0 60.0 
76.0 60.0 
76.0 60.0 
76.0 60.0 
76.0 60.0 
76.0 60.0 
76.0 60.0 
76.0 60.0 
76.0 60.0 
76.0 60.0 
76.0 60.0 
76.0 60.0 
76.0 60.0 
76.0 60.0 
76.0 60.0 
76.0 60.0 
76.0 60.0 
76.0 60.0 
76.0 60.0 
76.0 60.0 
76.0 60.0 
76.0 60.0 
76.0 60.0 
76.0 60.0 
76.0 60.0 
73.0 57.0 
73.0 57.0 
73.0 57.0 
73.0 57.0 
73.0 57.0 
73.0 57.0 
70.0 2.0 
69.0 19.0 
35.0 7.0 
11.0 0.0 
37.0 14.0 
11.0 2.0 
11.0 2.0 
