56.0 55.0 
56.0 55.0 
56.0 55.0 
56.0 55.0 
56.0 55.0 
56.0 55.0 
56.0 55.0 
56.0 55.0 
56.0 55.0 
56.0 55.0 
56.0 55.0 
56.0 55.0 
56.0 55.0 
56.0 55.0 
56.0 55.0 
56.0 55.0 
56.0 55.0 
56.0 55.0 
56.0 55.0 
56.0 55.0 
56.0 55.0 
56.0 55.0 
56.0 55.0 
56.0 55.0 
56.0 55.0 
56.0 55.0 
56.0 55.0 
56.0 55.0 
56.0 55.0 
56.0 55.0 
56.0 55.0 
56.0 55.0 
56.0 55.0 
56.0 55.0 
56.0 55.0 
56.0 55.0 
56.0 55.0 
56.0 55.0 
56.0 55.0 
56.0 55.0 
56.0 55.0 
56.0 55.0 
56.0 55.0 
56.0 55.0 
56.0 55.0 
56.0 55.0 
56.0 55.0 
56.0 55.0 
56.0 55.0 
56.0 55.0 
56.0 55.0 
56.0 55.0 
56.0 55.0 
56.0 55.0 
56.0 55.0 
56.0 55.0 
56.0 55.0 
56.0 55.0 
56.0 55.0 
56.0 55.0 
56.0 55.0 
56.0 55.0 
56.0 55.0 
56.0 55.0 
56.0 55.0 
56.0 55.0 
56.0 55.0 
56.0 55.0 
56.0 55.0 
56.0 55.0 
56.0 55.0 
56.0 55.0 
56.0 55.0 
56.0 55.0 
56.0 55.0 
56.0 55.0 
56.0 55.0 
56.0 55.0 
42.0 35.0 
42.0 35.0 
42.0 35.0 
42.0 35.0 
42.0 35.0 
42.0 35.0 
42.0 35.0 
79.0 63.0 
79.0 63.0 
79.0 63.0 
79.0 63.0 
89.0 23.0 
89.0 23.0 
89.0 23.0 
89.0 23.0 
89.0 23.0 
89.0 23.0 
89.0 23.0 
89.0 23.0 
89.0 23.0 
89.0 23.0 
89.0 23.0 
