62.0 61.0 
62.0 61.0 
62.0 61.0 
62.0 61.0 
62.0 61.0 
62.0 61.0 
62.0 61.0 
45.0 30.0 
45.0 30.0 
45.0 30.0 
45.0 30.0 
45.0 30.0 
45.0 30.0 
45.0 30.0 
45.0 30.0 
45.0 30.0 
45.0 30.0 
45.0 30.0 
45.0 30.0 
45.0 30.0 
45.0 30.0 
45.0 30.0 
45.0 30.0 
45.0 30.0 
45.0 30.0 
45.0 30.0 
45.0 30.0 
45.0 30.0 
45.0 30.0 
45.0 30.0 
45.0 30.0 
45.0 30.0 
45.0 30.0 
45.0 30.0 
45.0 30.0 
45.0 30.0 
45.0 30.0 
45.0 30.0 
45.0 30.0 
45.0 30.0 
45.0 30.0 
45.0 30.0 
45.0 30.0 
45.0 30.0 
45.0 30.0 
45.0 30.0 
45.0 30.0 
48.0 17.0 
48.0 17.0 
48.0 17.0 
48.0 17.0 
48.0 17.0 
48.0 17.0 
48.0 17.0 
48.0 17.0 
48.0 17.0 
48.0 17.0 
48.0 17.0 
48.0 17.0 
48.0 17.0 
48.0 17.0 
48.0 17.0 
48.0 17.0 
48.0 17.0 
48.0 17.0 
48.0 17.0 
48.0 17.0 
48.0 17.0 
48.0 17.0 
48.0 17.0 
25.0 5.0 
25.0 5.0 
25.0 5.0 
25.0 5.0 
25.0 5.0 
25.0 5.0 
25.0 5.0 
25.0 5.0 
25.0 5.0 
25.0 5.0 
25.0 5.0 
25.0 5.0 
25.0 5.0 
25.0 5.0 
25.0 5.0 
25.0 5.0 
25.0 5.0 
25.0 5.0 
25.0 5.0 
25.0 5.0 
25.0 5.0 
25.0 5.0 
67.0 29.0 
68.0 25.0 
77.0 14.0 
77.0 14.0 
11.0 7.0 
22.0 3.0 
27.0 1.0 
27.0 1.0 
