88.0 87.0 
88.0 87.0 
88.0 87.0 
88.0 87.0 
88.0 87.0 
88.0 87.0 
88.0 87.0 
88.0 87.0 
88.0 87.0 
88.0 87.0 
88.0 87.0 
88.0 87.0 
88.0 87.0 
88.0 87.0 
88.0 87.0 
88.0 87.0 
88.0 87.0 
88.0 87.0 
88.0 87.0 
88.0 87.0 
88.0 87.0 
88.0 87.0 
88.0 87.0 
88.0 87.0 
88.0 87.0 
88.0 87.0 
88.0 87.0 
88.0 87.0 
88.0 87.0 
88.0 87.0 
88.0 87.0 
88.0 87.0 
88.0 87.0 
88.0 87.0 
88.0 87.0 
88.0 87.0 
88.0 87.0 
63.0 52.0 
63.0 52.0 
63.0 52.0 
63.0 52.0 
63.0 52.0 
63.0 52.0 
63.0 52.0 
63.0 52.0 
63.0 52.0 
63.0 52.0 
63.0 52.0 
63.0 52.0 
63.0 52.0 
63.0 52.0 
63.0 52.0 
63.0 52.0 
63.0 52.0 
63.0 52.0 
63.0 52.0 
63.0 52.0 
63.0 52.0 
63.0 52.0 
63.0 52.0 
63.0 52.0 
63.0 52.0 
63.0 52.0 
63.0 52.0 
63.0 52.0 
63.0 52.0 
63.0 52.0 
63.0 52.0 
63.0 52.0 
63.0 52.0 
63.0 52.0 
63.0 52.0 
63.0 52.0 
63.0 52.0 
63.0 52.0 
63.0 52.0 
63.0 52.0 
63.0 52.0 
63.0 52.0 
63.0 52.0 
63.0 52.0 
63.0 52.0 
63.0 52.0 
63.0 52.0 
63.0 52.0 
63.0 52.0 
63.0 52.0 
63.0 52.0 
63.0 52.0 
63.0 52.0 
96.0 80.0 
96.0 80.0 
96.0 80.0 
31.0 22.0 
100.0 61.0 
100.0 61.0 
100.0 61.0 
65.0 18.0 
11.0 1.0 
11.0 1.0 
