81.0 80.0 
81.0 80.0 
81.0 80.0 
81.0 80.0 
81.0 80.0 
81.0 80.0 
81.0 80.0 
81.0 80.0 
81.0 80.0 
81.0 80.0 
81.0 80.0 
81.0 80.0 
81.0 80.0 
81.0 80.0 
81.0 80.0 
81.0 80.0 
81.0 80.0 
81.0 80.0 
81.0 80.0 
81.0 80.0 
81.0 80.0 
81.0 80.0 
81.0 80.0 
81.0 80.0 
81.0 80.0 
81.0 80.0 
81.0 80.0 
81.0 80.0 
81.0 80.0 
81.0 80.0 
81.0 80.0 
81.0 80.0 
81.0 80.0 
81.0 80.0 
81.0 80.0 
81.0 80.0 
81.0 80.0 
81.0 80.0 
81.0 80.0 
81.0 80.0 
81.0 80.0 
81.0 80.0 
81.0 80.0 
81.0 80.0 
81.0 80.0 
81.0 80.0 
81.0 80.0 
81.0 80.0 
81.0 80.0 
81.0 80.0 
81.0 80.0 
81.0 80.0 
81.0 80.0 
81.0 80.0 
81.0 80.0 
81.0 80.0 
81.0 80.0 
81.0 80.0 
81.0 80.0 
81.0 80.0 
81.0 80.0 
81.0 80.0 
81.0 80.0 
81.0 80.0 
81.0 80.0 
81.0 80.0 
81.0 80.0 
81.0 80.0 
81.0 80.0 
81.0 80.0 
81.0 80.0 
81.0 80.0 
81.0 80.0 
81.0 80.0 
81.0 80.0 
81.0 80.0 
81.0 80.0 
81.0 80.0 
81.0 80.0 
81.0 80.0 
81.0 80.0 
81.0 80.0 
73.0 39.0 
73.0 39.0 
73.0 39.0 
73.0 39.0 
73.0 39.0 
73.0 39.0 
73.0 39.0 
73.0 39.0 
34.0 16.0 
53.0 8.0 
53.0 8.0 
61.0 26.0 
61.0 26.0 
95.0 40.0 
89.0 18.0 
82.0 15.0 
67.0 38.0 
67.0 38.0 
