46.0 45.0 
46.0 45.0 
46.0 45.0 
46.0 45.0 
46.0 45.0 
46.0 45.0 
46.0 45.0 
46.0 45.0 
46.0 45.0 
46.0 45.0 
46.0 45.0 
46.0 45.0 
46.0 45.0 
46.0 45.0 
46.0 45.0 
46.0 45.0 
46.0 45.0 
46.0 45.0 
46.0 45.0 
46.0 45.0 
46.0 45.0 
46.0 45.0 
46.0 45.0 
46.0 45.0 
46.0 45.0 
46.0 45.0 
46.0 45.0 
46.0 45.0 
46.0 45.0 
46.0 45.0 
46.0 45.0 
46.0 45.0 
46.0 45.0 
46.0 45.0 
95.0 91.0 
95.0 91.0 
95.0 91.0 
95.0 91.0 
95.0 91.0 
95.0 91.0 
95.0 91.0 
95.0 91.0 
95.0 91.0 
95.0 91.0 
95.0 91.0 
95.0 91.0 
95.0 91.0 
95.0 91.0 
95.0 91.0 
95.0 91.0 
95.0 91.0 
95.0 91.0 
95.0 91.0 
95.0 91.0 
95.0 91.0 
95.0 91.0 
95.0 91.0 
95.0 91.0 
95.0 91.0 
95.0 91.0 
95.0 91.0 
95.0 91.0 
95.0 91.0 
95.0 91.0 
95.0 91.0 
95.0 91.0 
95.0 91.0 
95.0 91.0 
95.0 91.0 
95.0 91.0 
95.0 91.0 
95.0 91.0 
95.0 91.0 
95.0 91.0 
95.0 91.0 
100.0 34.0 
100.0 34.0 
100.0 34.0 
100.0 34.0 
96.0 37.0 
50.0 24.0 
50.0 24.0 
50.0 24.0 
50.0 24.0 
50.0 24.0 
50.0 24.0 
50.0 24.0 
50.0 24.0 
50.0 24.0 
50.0 24.0 
50.0 24.0 
50.0 24.0 
43.0 38.0 
98.0 29.0 
98.0 29.0 
91.0 9.0 
91.0 9.0 
91.0 9.0 
91.0 9.0 
91.0 9.0 
