38.0 37.0 
38.0 37.0 
38.0 37.0 
38.0 37.0 
38.0 37.0 
38.0 37.0 
38.0 37.0 
38.0 37.0 
38.0 37.0 
38.0 37.0 
17.0 11.0 
17.0 11.0 
17.0 11.0 
17.0 11.0 
17.0 11.0 
17.0 11.0 
17.0 11.0 
17.0 11.0 
17.0 11.0 
17.0 11.0 
17.0 11.0 
17.0 11.0 
17.0 11.0 
17.0 11.0 
17.0 11.0 
17.0 11.0 
17.0 11.0 
17.0 11.0 
17.0 11.0 
17.0 11.0 
17.0 11.0 
17.0 11.0 
17.0 11.0 
17.0 11.0 
17.0 11.0 
17.0 11.0 
17.0 11.0 
17.0 11.0 
17.0 11.0 
17.0 11.0 
17.0 11.0 
17.0 11.0 
17.0 11.0 
17.0 11.0 
17.0 11.0 
17.0 11.0 
17.0 11.0 
17.0 11.0 
17.0 11.0 
17.0 11.0 
17.0 11.0 
17.0 11.0 
17.0 11.0 
17.0 11.0 
17.0 11.0 
17.0 11.0 
17.0 11.0 
17.0 11.0 
17.0 11.0 
17.0 11.0 
17.0 11.0 
17.0 11.0 
17.0 11.0 
17.0 11.0 
17.0 11.0 
17.0 11.0 
17.0 11.0 
17.0 11.0 
17.0 11.0 
17.0 11.0 
17.0 11.0 
17.0 11.0 
17.0 11.0 
17.0 11.0 
17.0 11.0 
25.0 15.0 
25.0 15.0 
25.0 15.0 
81.0 70.0 
81.0 70.0 
81.0 70.0 
81.0 70.0 
81.0 70.0 
81.0 70.0 
81.0 70.0 
81.0 70.0 
81.0 70.0 
81.0 70.0 
81.0 70.0 
81.0 70.0 
81.0 70.0 
81.0 70.0 
81.0 70.0 
81.0 70.0 
81.0 70.0 
81.0 70.0 
81.0 70.0 
81.0 70.0 
81.0 70.0 
81.0 70.0 
