88.0 87.0 
88.0 87.0 
88.0 87.0 
88.0 87.0 
88.0 87.0 
88.0 87.0 
88.0 87.0 
88.0 87.0 
88.0 87.0 
88.0 87.0 
88.0 87.0 
88.0 87.0 
88.0 87.0 
88.0 87.0 
88.0 87.0 
88.0 87.0 
88.0 87.0 
88.0 87.0 
88.0 87.0 
88.0 87.0 
88.0 87.0 
88.0 87.0 
88.0 87.0 
88.0 87.0 
88.0 87.0 
88.0 87.0 
88.0 87.0 
88.0 87.0 
88.0 87.0 
88.0 87.0 
88.0 87.0 
88.0 87.0 
88.0 87.0 
88.0 87.0 
88.0 87.0 
88.0 87.0 
88.0 87.0 
88.0 87.0 
88.0 87.0 
88.0 87.0 
88.0 87.0 
88.0 87.0 
88.0 87.0 
88.0 87.0 
88.0 87.0 
88.0 87.0 
88.0 87.0 
88.0 87.0 
88.0 87.0 
88.0 87.0 
88.0 87.0 
88.0 87.0 
88.0 87.0 
88.0 87.0 
88.0 87.0 
88.0 87.0 
88.0 87.0 
88.0 87.0 
88.0 87.0 
88.0 87.0 
88.0 87.0 
88.0 87.0 
88.0 87.0 
88.0 87.0 
88.0 87.0 
88.0 87.0 
88.0 87.0 
88.0 87.0 
88.0 87.0 
88.0 87.0 
88.0 87.0 
88.0 87.0 
88.0 87.0 
88.0 87.0 
88.0 87.0 
99.0 91.0 
99.0 91.0 
99.0 91.0 
99.0 91.0 
99.0 91.0 
99.0 91.0 
99.0 91.0 
99.0 91.0 
99.0 91.0 
99.0 91.0 
45.0 29.0 
29.0 15.0 
29.0 15.0 
29.0 15.0 
29.0 15.0 
29.0 15.0 
29.0 15.0 
54.0 41.0 
54.0 41.0 
28.0 3.0 
96.0 13.0 
56.0 51.0 
61.0 31.0 
99.0 54.0 
99.0 54.0 
