12.0 11.0 
12.0 11.0 
12.0 11.0 
12.0 11.0 
12.0 11.0 
12.0 11.0 
12.0 11.0 
12.0 11.0 
12.0 11.0 
12.0 11.0 
12.0 11.0 
12.0 11.0 
12.0 11.0 
12.0 11.0 
12.0 11.0 
12.0 11.0 
12.0 11.0 
12.0 11.0 
12.0 11.0 
12.0 11.0 
12.0 11.0 
12.0 11.0 
12.0 11.0 
12.0 11.0 
12.0 11.0 
12.0 11.0 
12.0 11.0 
12.0 11.0 
12.0 11.0 
12.0 11.0 
12.0 11.0 
12.0 11.0 
12.0 11.0 
12.0 11.0 
12.0 11.0 
12.0 11.0 
12.0 11.0 
12.0 11.0 
12.0 11.0 
12.0 11.0 
12.0 11.0 
12.0 11.0 
12.0 11.0 
12.0 11.0 
12.0 11.0 
12.0 11.0 
12.0 11.0 
12.0 11.0 
12.0 11.0 
12.0 11.0 
12.0 11.0 
12.0 11.0 
12.0 11.0 
12.0 11.0 
12.0 11.0 
12.0 11.0 
12.0 11.0 
12.0 11.0 
12.0 11.0 
12.0 11.0 
12.0 11.0 
12.0 11.0 
12.0 11.0 
12.0 11.0 
12.0 11.0 
12.0 11.0 
12.0 11.0 
12.0 11.0 
12.0 11.0 
12.0 11.0 
12.0 11.0 
12.0 11.0 
12.0 11.0 
12.0 11.0 
12.0 11.0 
12.0 11.0 
12.0 11.0 
12.0 11.0 
12.0 11.0 
12.0 11.0 
12.0 11.0 
12.0 11.0 
12.0 11.0 
12.0 11.0 
12.0 11.0 
12.0 11.0 
12.0 11.0 
12.0 11.0 
12.0 11.0 
12.0 11.0 
12.0 4.0 
12.0 4.0 
12.0 4.0 
12.0 4.0 
12.0 4.0 
45.0 13.0 
67.0 27.0 
67.0 27.0 
67.0 20.0 
67.0 20.0 
