22.0 21.0 
22.0 21.0 
22.0 21.0 
22.0 21.0 
22.0 21.0 
22.0 21.0 
22.0 21.0 
22.0 21.0 
22.0 21.0 
22.0 21.0 
22.0 21.0 
22.0 21.0 
22.0 21.0 
22.0 21.0 
22.0 21.0 
22.0 21.0 
45.0 33.0 
45.0 33.0 
45.0 33.0 
45.0 33.0 
45.0 33.0 
45.0 33.0 
45.0 33.0 
45.0 33.0 
45.0 33.0 
45.0 33.0 
45.0 33.0 
45.0 33.0 
45.0 33.0 
45.0 33.0 
45.0 33.0 
45.0 33.0 
45.0 33.0 
45.0 33.0 
45.0 33.0 
45.0 33.0 
45.0 33.0 
45.0 33.0 
45.0 33.0 
45.0 33.0 
45.0 33.0 
45.0 33.0 
45.0 33.0 
45.0 33.0 
45.0 33.0 
45.0 33.0 
45.0 33.0 
45.0 33.0 
45.0 33.0 
33.0 5.0 
33.0 5.0 
33.0 5.0 
33.0 5.0 
33.0 5.0 
33.0 5.0 
33.0 5.0 
33.0 5.0 
33.0 5.0 
33.0 5.0 
33.0 5.0 
33.0 5.0 
33.0 5.0 
33.0 5.0 
33.0 5.0 
33.0 5.0 
33.0 5.0 
33.0 5.0 
33.0 5.0 
33.0 5.0 
33.0 5.0 
33.0 5.0 
33.0 5.0 
33.0 5.0 
33.0 5.0 
33.0 5.0 
33.0 5.0 
33.0 5.0 
33.0 5.0 
33.0 5.0 
33.0 5.0 
33.0 5.0 
33.0 5.0 
33.0 5.0 
33.0 5.0 
33.0 5.0 
33.0 5.0 
33.0 5.0 
33.0 5.0 
33.0 5.0 
33.0 5.0 
33.0 5.0 
58.0 24.0 
58.0 24.0 
25.0 20.0 
25.0 20.0 
25.0 20.0 
28.0 26.0 
64.0 34.0 
74.0 60.0 
74.0 60.0 
