61.0 60.0 
61.0 60.0 
61.0 60.0 
61.0 60.0 
61.0 60.0 
61.0 60.0 
61.0 60.0 
61.0 60.0 
61.0 60.0 
61.0 60.0 
61.0 60.0 
61.0 60.0 
61.0 60.0 
61.0 60.0 
61.0 60.0 
61.0 60.0 
61.0 60.0 
61.0 60.0 
61.0 60.0 
61.0 60.0 
61.0 60.0 
61.0 60.0 
61.0 60.0 
61.0 60.0 
61.0 60.0 
61.0 60.0 
61.0 60.0 
61.0 60.0 
61.0 60.0 
61.0 60.0 
61.0 60.0 
61.0 60.0 
61.0 60.0 
61.0 60.0 
61.0 60.0 
61.0 60.0 
61.0 60.0 
61.0 60.0 
61.0 60.0 
61.0 60.0 
61.0 60.0 
61.0 60.0 
61.0 60.0 
61.0 60.0 
61.0 60.0 
61.0 60.0 
61.0 60.0 
61.0 60.0 
61.0 60.0 
61.0 60.0 
61.0 60.0 
61.0 60.0 
61.0 60.0 
61.0 60.0 
61.0 60.0 
61.0 60.0 
61.0 60.0 
61.0 60.0 
61.0 60.0 
61.0 60.0 
61.0 60.0 
61.0 60.0 
61.0 60.0 
61.0 60.0 
61.0 60.0 
61.0 60.0 
61.0 60.0 
61.0 60.0 
61.0 60.0 
61.0 60.0 
61.0 60.0 
61.0 60.0 
61.0 60.0 
61.0 60.0 
61.0 60.0 
61.0 60.0 
61.0 60.0 
61.0 60.0 
61.0 60.0 
61.0 60.0 
61.0 60.0 
61.0 60.0 
61.0 60.0 
61.0 60.0 
61.0 60.0 
61.0 60.0 
61.0 60.0 
61.0 60.0 
61.0 60.0 
81.0 40.0 
81.0 40.0 
81.0 40.0 
81.0 40.0 
51.0 14.0 
51.0 14.0 
78.0 75.0 
37.0 10.0 
37.0 10.0 
25.0 15.0 
25.0 15.0 
