30.0 29.0 
30.0 29.0 
30.0 29.0 
30.0 29.0 
30.0 29.0 
30.0 29.0 
30.0 29.0 
30.0 29.0 
30.0 29.0 
30.0 29.0 
30.0 29.0 
30.0 29.0 
30.0 29.0 
30.0 29.0 
30.0 29.0 
30.0 29.0 
30.0 29.0 
30.0 29.0 
30.0 29.0 
30.0 29.0 
30.0 29.0 
30.0 29.0 
30.0 29.0 
30.0 29.0 
30.0 29.0 
30.0 29.0 
30.0 29.0 
30.0 29.0 
30.0 29.0 
30.0 29.0 
30.0 29.0 
30.0 29.0 
30.0 29.0 
30.0 29.0 
30.0 29.0 
30.0 29.0 
30.0 29.0 
30.0 29.0 
30.0 29.0 
30.0 29.0 
30.0 29.0 
30.0 29.0 
30.0 29.0 
30.0 29.0 
30.0 29.0 
30.0 29.0 
30.0 29.0 
30.0 29.0 
30.0 29.0 
30.0 29.0 
30.0 29.0 
30.0 29.0 
30.0 29.0 
30.0 29.0 
30.0 29.0 
17.0 6.0 
17.0 6.0 
17.0 6.0 
17.0 6.0 
17.0 6.0 
17.0 6.0 
17.0 6.0 
17.0 6.0 
17.0 6.0 
17.0 6.0 
96.0 38.0 
96.0 38.0 
96.0 38.0 
96.0 38.0 
96.0 38.0 
96.0 38.0 
96.0 38.0 
96.0 38.0 
96.0 38.0 
96.0 38.0 
96.0 38.0 
96.0 38.0 
96.0 38.0 
96.0 38.0 
96.0 38.0 
96.0 38.0 
96.0 38.0 
96.0 38.0 
96.0 38.0 
96.0 38.0 
96.0 38.0 
96.0 38.0 
96.0 38.0 
96.0 38.0 
96.0 38.0 
62.0 40.0 
25.0 6.0 
25.0 6.0 
30.0 11.0 
30.0 11.0 
30.0 11.0 
34.0 0.0 
34.0 0.0 
34.0 0.0 
34.0 0.0 
