52.0 51.0 
52.0 51.0 
52.0 51.0 
52.0 51.0 
52.0 51.0 
52.0 51.0 
52.0 51.0 
52.0 51.0 
52.0 51.0 
52.0 51.0 
52.0 51.0 
52.0 51.0 
52.0 51.0 
52.0 51.0 
52.0 51.0 
52.0 51.0 
52.0 51.0 
52.0 51.0 
52.0 51.0 
52.0 51.0 
52.0 51.0 
52.0 51.0 
52.0 51.0 
52.0 51.0 
52.0 51.0 
52.0 51.0 
52.0 51.0 
52.0 51.0 
52.0 51.0 
52.0 51.0 
52.0 51.0 
52.0 51.0 
52.0 51.0 
52.0 51.0 
52.0 51.0 
52.0 51.0 
52.0 51.0 
52.0 51.0 
52.0 51.0 
52.0 51.0 
52.0 51.0 
52.0 51.0 
52.0 51.0 
52.0 51.0 
52.0 51.0 
52.0 51.0 
52.0 51.0 
52.0 51.0 
65.0 12.0 
65.0 12.0 
65.0 12.0 
65.0 12.0 
65.0 12.0 
65.0 12.0 
65.0 12.0 
65.0 12.0 
65.0 12.0 
65.0 12.0 
65.0 12.0 
65.0 12.0 
65.0 12.0 
65.0 12.0 
65.0 12.0 
65.0 12.0 
48.0 26.0 
48.0 26.0 
48.0 26.0 
48.0 26.0 
48.0 26.0 
48.0 26.0 
48.0 26.0 
48.0 26.0 
48.0 26.0 
48.0 26.0 
48.0 26.0 
32.0 27.0 
32.0 27.0 
32.0 27.0 
32.0 27.0 
32.0 27.0 
32.0 27.0 
32.0 27.0 
32.0 27.0 
32.0 27.0 
32.0 27.0 
32.0 27.0 
32.0 27.0 
33.0 20.0 
33.0 20.0 
33.0 20.0 
33.0 20.0 
33.0 20.0 
24.0 7.0 
11.0 1.0 
11.0 1.0 
48.0 7.0 
23.0 15.0 
23.0 15.0 
40.0 8.0 
40.0 8.0 
