95.0 94.0 
95.0 94.0 
95.0 94.0 
95.0 94.0 
95.0 94.0 
95.0 94.0 
95.0 94.0 
95.0 94.0 
95.0 94.0 
95.0 94.0 
95.0 94.0 
95.0 94.0 
95.0 94.0 
95.0 94.0 
95.0 94.0 
95.0 94.0 
95.0 94.0 
95.0 94.0 
95.0 94.0 
95.0 94.0 
95.0 94.0 
95.0 94.0 
64.0 50.0 
64.0 50.0 
64.0 50.0 
64.0 50.0 
64.0 50.0 
64.0 50.0 
64.0 50.0 
64.0 50.0 
64.0 50.0 
64.0 50.0 
64.0 50.0 
64.0 50.0 
64.0 50.0 
64.0 50.0 
64.0 50.0 
64.0 50.0 
64.0 50.0 
64.0 50.0 
64.0 50.0 
64.0 50.0 
64.0 50.0 
64.0 50.0 
64.0 50.0 
64.0 50.0 
64.0 50.0 
64.0 50.0 
64.0 50.0 
26.0 7.0 
26.0 7.0 
26.0 7.0 
26.0 7.0 
26.0 7.0 
26.0 7.0 
26.0 7.0 
26.0 7.0 
26.0 7.0 
26.0 7.0 
26.0 7.0 
26.0 7.0 
26.0 7.0 
26.0 7.0 
26.0 7.0 
26.0 7.0 
26.0 7.0 
26.0 7.0 
26.0 7.0 
26.0 7.0 
26.0 7.0 
26.0 7.0 
26.0 7.0 
26.0 7.0 
26.0 7.0 
26.0 7.0 
26.0 7.0 
26.0 7.0 
26.0 7.0 
26.0 7.0 
26.0 7.0 
12.0 11.0 
12.0 11.0 
12.0 11.0 
12.0 11.0 
12.0 11.0 
12.0 11.0 
12.0 11.0 
12.0 11.0 
12.0 11.0 
12.0 11.0 
12.0 11.0 
46.0 8.0 
46.0 8.0 
46.0 8.0 
74.0 26.0 
74.0 26.0 
92.0 24.0 
66.0 5.0 
66.0 5.0 
66.0 5.0 
