49.0 48.0 
49.0 48.0 
49.0 48.0 
49.0 48.0 
49.0 48.0 
49.0 48.0 
49.0 48.0 
49.0 48.0 
49.0 48.0 
49.0 48.0 
49.0 48.0 
49.0 48.0 
49.0 48.0 
49.0 48.0 
49.0 48.0 
49.0 48.0 
49.0 48.0 
49.0 48.0 
49.0 48.0 
49.0 48.0 
49.0 48.0 
49.0 48.0 
49.0 48.0 
49.0 48.0 
49.0 48.0 
49.0 48.0 
49.0 48.0 
49.0 48.0 
49.0 48.0 
49.0 48.0 
49.0 48.0 
49.0 48.0 
49.0 48.0 
49.0 48.0 
49.0 48.0 
49.0 48.0 
49.0 48.0 
49.0 48.0 
49.0 48.0 
49.0 48.0 
49.0 48.0 
49.0 48.0 
49.0 48.0 
49.0 48.0 
49.0 48.0 
49.0 48.0 
49.0 48.0 
49.0 48.0 
49.0 48.0 
49.0 48.0 
49.0 48.0 
49.0 48.0 
49.0 48.0 
49.0 48.0 
49.0 48.0 
49.0 48.0 
49.0 48.0 
49.0 48.0 
49.0 48.0 
49.0 48.0 
49.0 48.0 
49.0 48.0 
49.0 48.0 
49.0 48.0 
49.0 48.0 
49.0 48.0 
49.0 48.0 
49.0 48.0 
49.0 48.0 
49.0 48.0 
37.0 8.0 
37.0 8.0 
37.0 8.0 
37.0 8.0 
37.0 8.0 
37.0 8.0 
37.0 8.0 
37.0 8.0 
37.0 8.0 
37.0 8.0 
37.0 8.0 
37.0 8.0 
37.0 8.0 
37.0 8.0 
37.0 8.0 
37.0 8.0 
37.0 8.0 
37.0 8.0 
37.0 8.0 
41.0 4.0 
41.0 4.0 
41.0 4.0 
82.0 24.0 
82.0 24.0 
82.0 24.0 
30.0 22.0 
30.0 22.0 
30.0 22.0 
71.0 15.0 
71.0 15.0 
