32.0 31.0 
32.0 31.0 
32.0 31.0 
32.0 31.0 
32.0 31.0 
32.0 31.0 
32.0 31.0 
32.0 31.0 
32.0 31.0 
32.0 31.0 
32.0 31.0 
32.0 31.0 
32.0 31.0 
32.0 31.0 
32.0 31.0 
32.0 31.0 
32.0 31.0 
32.0 31.0 
32.0 31.0 
32.0 31.0 
32.0 31.0 
32.0 31.0 
32.0 31.0 
32.0 31.0 
32.0 31.0 
32.0 31.0 
32.0 31.0 
32.0 31.0 
32.0 31.0 
32.0 31.0 
32.0 31.0 
32.0 31.0 
32.0 31.0 
32.0 31.0 
32.0 31.0 
32.0 31.0 
32.0 31.0 
32.0 31.0 
98.0 43.0 
98.0 43.0 
98.0 43.0 
98.0 43.0 
98.0 43.0 
98.0 43.0 
98.0 43.0 
98.0 43.0 
98.0 43.0 
98.0 43.0 
98.0 43.0 
98.0 43.0 
98.0 43.0 
98.0 43.0 
98.0 43.0 
98.0 43.0 
98.0 43.0 
98.0 43.0 
98.0 43.0 
98.0 43.0 
98.0 43.0 
98.0 43.0 
98.0 43.0 
98.0 43.0 
98.0 43.0 
98.0 43.0 
98.0 43.0 
98.0 43.0 
98.0 43.0 
98.0 43.0 
98.0 43.0 
98.0 43.0 
98.0 43.0 
98.0 43.0 
98.0 43.0 
98.0 43.0 
98.0 43.0 
98.0 43.0 
98.0 43.0 
98.0 43.0 
98.0 43.0 
98.0 43.0 
98.0 43.0 
98.0 43.0 
98.0 43.0 
98.0 43.0 
98.0 43.0 
98.0 43.0 
98.0 43.0 
98.0 43.0 
98.0 43.0 
98.0 43.0 
98.0 43.0 
98.0 43.0 
98.0 43.0 
85.0 28.0 
72.0 49.0 
72.0 49.0 
72.0 49.0 
72.0 49.0 
52.0 30.0 
52.0 30.0 
