91.0 90.0 
91.0 90.0 
91.0 90.0 
91.0 90.0 
91.0 90.0 
91.0 90.0 
91.0 90.0 
91.0 90.0 
91.0 90.0 
91.0 90.0 
91.0 90.0 
91.0 90.0 
91.0 90.0 
91.0 90.0 
91.0 90.0 
91.0 90.0 
91.0 90.0 
91.0 90.0 
91.0 90.0 
91.0 90.0 
91.0 90.0 
91.0 90.0 
91.0 90.0 
91.0 90.0 
91.0 90.0 
91.0 90.0 
91.0 90.0 
91.0 90.0 
91.0 90.0 
91.0 90.0 
91.0 90.0 
91.0 90.0 
91.0 90.0 
91.0 90.0 
91.0 90.0 
91.0 90.0 
91.0 90.0 
91.0 90.0 
91.0 90.0 
91.0 90.0 
91.0 90.0 
91.0 90.0 
91.0 90.0 
91.0 90.0 
91.0 90.0 
91.0 90.0 
91.0 90.0 
91.0 90.0 
91.0 90.0 
91.0 90.0 
91.0 90.0 
91.0 90.0 
91.0 90.0 
91.0 90.0 
91.0 90.0 
91.0 90.0 
91.0 90.0 
91.0 90.0 
91.0 90.0 
91.0 90.0 
91.0 90.0 
91.0 90.0 
91.0 90.0 
91.0 90.0 
91.0 90.0 
91.0 90.0 
91.0 90.0 
91.0 90.0 
91.0 90.0 
91.0 90.0 
91.0 90.0 
91.0 90.0 
91.0 90.0 
91.0 90.0 
91.0 90.0 
91.0 90.0 
91.0 90.0 
91.0 90.0 
91.0 90.0 
52.0 8.0 
52.0 8.0 
52.0 8.0 
52.0 8.0 
52.0 8.0 
52.0 8.0 
52.0 8.0 
52.0 8.0 
52.0 8.0 
52.0 8.0 
52.0 8.0 
52.0 8.0 
71.0 69.0 
71.0 69.0 
71.0 69.0 
16.0 11.0 
65.0 44.0 
15.0 14.0 
73.0 18.0 
31.0 17.0 
31.0 17.0 
