23.0 22.0 
23.0 22.0 
23.0 22.0 
23.0 22.0 
23.0 22.0 
23.0 22.0 
23.0 22.0 
23.0 22.0 
23.0 22.0 
23.0 22.0 
23.0 22.0 
23.0 22.0 
23.0 22.0 
23.0 22.0 
23.0 22.0 
23.0 22.0 
23.0 22.0 
23.0 22.0 
23.0 22.0 
23.0 22.0 
23.0 22.0 
23.0 22.0 
23.0 22.0 
23.0 22.0 
23.0 22.0 
23.0 22.0 
23.0 22.0 
23.0 22.0 
23.0 22.0 
23.0 22.0 
23.0 22.0 
23.0 22.0 
23.0 22.0 
23.0 22.0 
23.0 22.0 
23.0 22.0 
23.0 22.0 
23.0 22.0 
44.0 21.0 
44.0 21.0 
44.0 21.0 
44.0 21.0 
44.0 21.0 
44.0 21.0 
44.0 21.0 
44.0 21.0 
44.0 21.0 
44.0 21.0 
44.0 21.0 
44.0 21.0 
44.0 21.0 
44.0 21.0 
44.0 21.0 
44.0 21.0 
44.0 21.0 
44.0 21.0 
45.0 31.0 
45.0 31.0 
45.0 31.0 
45.0 31.0 
45.0 31.0 
45.0 31.0 
45.0 31.0 
45.0 31.0 
45.0 31.0 
45.0 31.0 
45.0 31.0 
45.0 31.0 
45.0 31.0 
45.0 31.0 
45.0 31.0 
45.0 31.0 
45.0 31.0 
45.0 31.0 
45.0 31.0 
45.0 31.0 
45.0 31.0 
45.0 31.0 
81.0 38.0 
91.0 65.0 
91.0 65.0 
91.0 65.0 
91.0 65.0 
91.0 65.0 
91.0 65.0 
91.0 65.0 
91.0 65.0 
91.0 65.0 
91.0 65.0 
91.0 65.0 
91.0 65.0 
44.0 35.0 
44.0 35.0 
44.0 35.0 
44.0 35.0 
44.0 35.0 
44.0 35.0 
44.0 35.0 
44.0 35.0 
44.0 35.0 
