95.0 94.0 
95.0 94.0 
95.0 94.0 
95.0 94.0 
95.0 94.0 
95.0 94.0 
95.0 94.0 
95.0 94.0 
95.0 94.0 
95.0 94.0 
95.0 94.0 
82.0 73.0 
82.0 73.0 
82.0 73.0 
55.0 1.0 
55.0 1.0 
55.0 1.0 
55.0 1.0 
55.0 1.0 
55.0 1.0 
55.0 1.0 
55.0 1.0 
55.0 1.0 
55.0 1.0 
55.0 1.0 
55.0 1.0 
55.0 1.0 
55.0 1.0 
55.0 1.0 
55.0 1.0 
55.0 1.0 
55.0 1.0 
55.0 1.0 
55.0 1.0 
55.0 1.0 
55.0 1.0 
55.0 1.0 
55.0 1.0 
55.0 1.0 
55.0 1.0 
55.0 1.0 
55.0 1.0 
55.0 1.0 
55.0 1.0 
55.0 1.0 
55.0 1.0 
55.0 1.0 
55.0 1.0 
55.0 1.0 
55.0 1.0 
55.0 1.0 
55.0 1.0 
55.0 1.0 
55.0 1.0 
55.0 1.0 
55.0 1.0 
55.0 1.0 
55.0 1.0 
55.0 1.0 
55.0 1.0 
55.0 1.0 
55.0 1.0 
55.0 1.0 
55.0 1.0 
55.0 1.0 
55.0 1.0 
55.0 1.0 
55.0 1.0 
55.0 1.0 
55.0 1.0 
55.0 1.0 
55.0 1.0 
55.0 1.0 
55.0 1.0 
55.0 1.0 
55.0 1.0 
55.0 1.0 
55.0 1.0 
55.0 1.0 
55.0 1.0 
55.0 1.0 
55.0 1.0 
55.0 1.0 
55.0 1.0 
55.0 1.0 
55.0 1.0 
55.0 1.0 
55.0 1.0 
16.0 0.0 
20.0 15.0 
20.0 15.0 
20.0 15.0 
20.0 15.0 
20.0 15.0 
20.0 15.0 
20.0 15.0 
20.0 15.0 
52.0 43.0 
68.0 56.0 
68.0 56.0 
