81.0 80.0 
81.0 80.0 
81.0 80.0 
81.0 80.0 
81.0 80.0 
81.0 80.0 
81.0 80.0 
81.0 80.0 
81.0 80.0 
81.0 80.0 
81.0 80.0 
81.0 80.0 
81.0 80.0 
81.0 80.0 
81.0 80.0 
81.0 80.0 
81.0 80.0 
81.0 80.0 
81.0 80.0 
81.0 80.0 
81.0 80.0 
81.0 80.0 
81.0 80.0 
81.0 80.0 
81.0 80.0 
81.0 80.0 
81.0 80.0 
81.0 80.0 
81.0 80.0 
81.0 80.0 
81.0 80.0 
81.0 80.0 
81.0 80.0 
81.0 80.0 
81.0 80.0 
81.0 80.0 
81.0 80.0 
81.0 80.0 
81.0 80.0 
81.0 80.0 
81.0 80.0 
81.0 80.0 
81.0 80.0 
81.0 80.0 
81.0 80.0 
81.0 80.0 
81.0 80.0 
81.0 80.0 
81.0 80.0 
81.0 80.0 
81.0 80.0 
81.0 80.0 
81.0 80.0 
81.0 80.0 
81.0 80.0 
81.0 80.0 
81.0 80.0 
81.0 80.0 
81.0 80.0 
81.0 80.0 
81.0 80.0 
81.0 80.0 
81.0 80.0 
81.0 80.0 
81.0 80.0 
81.0 80.0 
81.0 80.0 
81.0 80.0 
81.0 80.0 
81.0 80.0 
81.0 80.0 
81.0 80.0 
81.0 80.0 
81.0 80.0 
81.0 80.0 
81.0 80.0 
81.0 80.0 
81.0 80.0 
81.0 80.0 
81.0 80.0 
81.0 80.0 
74.0 43.0 
74.0 43.0 
74.0 43.0 
74.0 43.0 
74.0 43.0 
74.0 43.0 
74.0 43.0 
74.0 43.0 
74.0 43.0 
74.0 43.0 
74.0 43.0 
74.0 43.0 
74.0 43.0 
74.0 43.0 
74.0 43.0 
74.0 43.0 
55.0 17.0 
23.0 8.0 
23.0 8.0 
