93.0 92.0 
93.0 92.0 
93.0 92.0 
93.0 92.0 
93.0 92.0 
93.0 92.0 
93.0 92.0 
93.0 92.0 
93.0 92.0 
93.0 92.0 
93.0 92.0 
93.0 92.0 
93.0 92.0 
93.0 92.0 
93.0 92.0 
93.0 92.0 
93.0 92.0 
93.0 92.0 
93.0 92.0 
93.0 92.0 
93.0 92.0 
93.0 92.0 
93.0 92.0 
93.0 92.0 
16.0 9.0 
16.0 9.0 
17.0 5.0 
97.0 70.0 
97.0 70.0 
97.0 70.0 
97.0 70.0 
97.0 70.0 
97.0 70.0 
97.0 70.0 
97.0 70.0 
97.0 70.0 
97.0 70.0 
97.0 70.0 
97.0 70.0 
97.0 70.0 
97.0 70.0 
97.0 70.0 
97.0 70.0 
97.0 70.0 
97.0 70.0 
97.0 70.0 
97.0 70.0 
97.0 70.0 
97.0 70.0 
97.0 70.0 
97.0 70.0 
97.0 70.0 
97.0 70.0 
97.0 70.0 
97.0 70.0 
97.0 70.0 
97.0 70.0 
97.0 70.0 
97.0 70.0 
97.0 70.0 
97.0 70.0 
97.0 70.0 
97.0 70.0 
97.0 70.0 
97.0 70.0 
97.0 70.0 
97.0 70.0 
97.0 70.0 
97.0 70.0 
97.0 70.0 
97.0 70.0 
97.0 70.0 
97.0 70.0 
97.0 70.0 
97.0 70.0 
97.0 70.0 
97.0 70.0 
97.0 70.0 
97.0 70.0 
97.0 70.0 
97.0 70.0 
32.0 26.0 
32.0 26.0 
32.0 26.0 
32.0 26.0 
32.0 26.0 
32.0 26.0 
32.0 26.0 
32.0 26.0 
32.0 26.0 
32.0 26.0 
52.0 35.0 
52.0 35.0 
52.0 35.0 
52.0 35.0 
46.0 40.0 
19.0 10.0 
54.0 30.0 
54.0 30.0 
54.0 30.0 
