28.0 27.0 
28.0 27.0 
28.0 27.0 
28.0 27.0 
28.0 27.0 
28.0 27.0 
28.0 27.0 
20.0 10.0 
20.0 10.0 
20.0 10.0 
20.0 10.0 
20.0 10.0 
20.0 10.0 
20.0 10.0 
20.0 10.0 
20.0 10.0 
20.0 10.0 
20.0 10.0 
20.0 10.0 
20.0 10.0 
20.0 10.0 
20.0 10.0 
20.0 10.0 
20.0 10.0 
20.0 10.0 
20.0 10.0 
20.0 10.0 
20.0 10.0 
20.0 10.0 
20.0 10.0 
20.0 10.0 
20.0 10.0 
20.0 10.0 
20.0 10.0 
20.0 10.0 
20.0 10.0 
20.0 10.0 
20.0 10.0 
20.0 10.0 
20.0 10.0 
20.0 10.0 
20.0 10.0 
20.0 10.0 
20.0 10.0 
20.0 10.0 
20.0 10.0 
20.0 10.0 
20.0 10.0 
20.0 10.0 
20.0 10.0 
20.0 10.0 
20.0 10.0 
20.0 10.0 
20.0 10.0 
20.0 10.0 
20.0 10.0 
20.0 10.0 
20.0 10.0 
20.0 10.0 
20.0 10.0 
20.0 10.0 
20.0 10.0 
20.0 10.0 
20.0 10.0 
20.0 10.0 
20.0 10.0 
20.0 10.0 
20.0 10.0 
20.0 10.0 
20.0 10.0 
20.0 10.0 
20.0 10.0 
20.0 10.0 
20.0 10.0 
20.0 10.0 
20.0 10.0 
20.0 10.0 
20.0 10.0 
20.0 10.0 
20.0 10.0 
20.0 10.0 
20.0 10.0 
20.0 10.0 
20.0 10.0 
20.0 10.0 
20.0 10.0 
20.0 10.0 
20.0 10.0 
20.0 10.0 
20.0 10.0 
20.0 10.0 
20.0 10.0 
88.0 85.0 
89.0 12.0 
31.0 22.0 
68.0 67.0 
43.0 21.0 
72.0 0.0 
18.0 10.0 
18.0 10.0 
