58.0 57.0 
58.0 57.0 
58.0 57.0 
58.0 57.0 
58.0 57.0 
58.0 57.0 
58.0 57.0 
58.0 57.0 
58.0 57.0 
58.0 57.0 
58.0 57.0 
58.0 57.0 
58.0 57.0 
58.0 57.0 
58.0 57.0 
58.0 57.0 
58.0 57.0 
58.0 57.0 
58.0 57.0 
58.0 57.0 
58.0 57.0 
58.0 57.0 
58.0 57.0 
58.0 57.0 
58.0 57.0 
58.0 57.0 
58.0 57.0 
58.0 57.0 
58.0 57.0 
58.0 57.0 
58.0 57.0 
58.0 57.0 
58.0 57.0 
58.0 57.0 
58.0 57.0 
58.0 57.0 
58.0 57.0 
58.0 57.0 
58.0 57.0 
58.0 57.0 
58.0 57.0 
58.0 57.0 
58.0 57.0 
58.0 57.0 
58.0 57.0 
58.0 57.0 
58.0 57.0 
58.0 57.0 
58.0 57.0 
58.0 57.0 
58.0 57.0 
58.0 57.0 
58.0 57.0 
58.0 57.0 
58.0 57.0 
58.0 57.0 
58.0 57.0 
58.0 57.0 
88.0 52.0 
88.0 52.0 
88.0 52.0 
88.0 52.0 
82.0 31.0 
82.0 31.0 
82.0 31.0 
82.0 31.0 
82.0 31.0 
82.0 31.0 
82.0 31.0 
82.0 31.0 
82.0 31.0 
82.0 31.0 
82.0 31.0 
82.0 31.0 
82.0 31.0 
82.0 31.0 
82.0 31.0 
82.0 31.0 
82.0 31.0 
82.0 31.0 
82.0 31.0 
82.0 31.0 
82.0 31.0 
82.0 31.0 
82.0 31.0 
82.0 31.0 
82.0 31.0 
82.0 31.0 
47.0 38.0 
47.0 38.0 
47.0 38.0 
47.0 38.0 
47.0 38.0 
47.0 38.0 
47.0 38.0 
47.0 38.0 
47.0 38.0 
47.0 38.0 
47.0 38.0 
47.0 38.0 
