51.0 50.0 
51.0 50.0 
51.0 50.0 
51.0 50.0 
51.0 50.0 
51.0 50.0 
51.0 50.0 
51.0 50.0 
51.0 50.0 
51.0 50.0 
51.0 50.0 
51.0 50.0 
51.0 50.0 
51.0 50.0 
51.0 50.0 
26.0 12.0 
26.0 12.0 
26.0 12.0 
26.0 12.0 
26.0 12.0 
26.0 12.0 
26.0 12.0 
26.0 12.0 
26.0 12.0 
26.0 12.0 
26.0 12.0 
26.0 12.0 
26.0 12.0 
26.0 12.0 
26.0 12.0 
26.0 12.0 
26.0 12.0 
26.0 12.0 
26.0 12.0 
26.0 12.0 
26.0 12.0 
26.0 12.0 
26.0 12.0 
26.0 12.0 
26.0 12.0 
26.0 12.0 
26.0 12.0 
26.0 12.0 
26.0 12.0 
26.0 12.0 
26.0 12.0 
26.0 12.0 
26.0 12.0 
26.0 12.0 
26.0 12.0 
26.0 12.0 
26.0 12.0 
26.0 12.0 
26.0 12.0 
26.0 12.0 
26.0 12.0 
26.0 12.0 
26.0 12.0 
26.0 12.0 
26.0 12.0 
26.0 12.0 
26.0 12.0 
26.0 12.0 
26.0 12.0 
26.0 12.0 
26.0 12.0 
26.0 12.0 
26.0 12.0 
26.0 12.0 
26.0 12.0 
26.0 12.0 
26.0 12.0 
26.0 12.0 
26.0 12.0 
26.0 12.0 
26.0 12.0 
26.0 12.0 
26.0 12.0 
26.0 12.0 
26.0 12.0 
26.0 12.0 
26.0 12.0 
34.0 23.0 
34.0 23.0 
34.0 23.0 
34.0 23.0 
34.0 23.0 
34.0 23.0 
34.0 23.0 
83.0 32.0 
83.0 32.0 
83.0 32.0 
94.0 28.0 
94.0 28.0 
94.0 28.0 
94.0 28.0 
94.0 28.0 
94.0 28.0 
94.0 28.0 
94.0 28.0 
