52.0 51.0 
52.0 51.0 
52.0 51.0 
52.0 51.0 
52.0 51.0 
52.0 51.0 
52.0 51.0 
52.0 51.0 
52.0 51.0 
52.0 51.0 
52.0 51.0 
52.0 51.0 
52.0 51.0 
52.0 51.0 
52.0 51.0 
52.0 51.0 
52.0 51.0 
52.0 51.0 
52.0 51.0 
52.0 51.0 
52.0 51.0 
52.0 51.0 
52.0 51.0 
52.0 51.0 
52.0 51.0 
52.0 51.0 
52.0 51.0 
52.0 51.0 
52.0 51.0 
52.0 51.0 
52.0 51.0 
52.0 51.0 
52.0 51.0 
52.0 51.0 
52.0 51.0 
52.0 51.0 
52.0 51.0 
52.0 51.0 
52.0 51.0 
52.0 51.0 
52.0 51.0 
52.0 51.0 
52.0 51.0 
52.0 51.0 
52.0 51.0 
52.0 51.0 
52.0 51.0 
52.0 51.0 
52.0 51.0 
52.0 51.0 
52.0 51.0 
52.0 51.0 
52.0 51.0 
52.0 51.0 
52.0 51.0 
52.0 51.0 
52.0 51.0 
16.0 4.0 
16.0 4.0 
16.0 4.0 
16.0 4.0 
16.0 4.0 
16.0 4.0 
16.0 4.0 
16.0 4.0 
16.0 4.0 
16.0 4.0 
16.0 4.0 
16.0 4.0 
16.0 4.0 
19.0 9.0 
19.0 9.0 
19.0 9.0 
19.0 9.0 
19.0 9.0 
19.0 9.0 
19.0 9.0 
19.0 9.0 
19.0 9.0 
19.0 9.0 
19.0 9.0 
19.0 9.0 
19.0 9.0 
19.0 9.0 
22.0 12.0 
22.0 12.0 
22.0 12.0 
22.0 12.0 
28.0 17.0 
28.0 17.0 
28.0 17.0 
28.0 17.0 
89.0 13.0 
89.0 13.0 
89.0 13.0 
89.0 13.0 
89.0 13.0 
89.0 13.0 
89.0 13.0 
89.0 13.0 
