85.0 84.0 
85.0 84.0 
85.0 84.0 
85.0 84.0 
85.0 84.0 
85.0 84.0 
85.0 84.0 
85.0 84.0 
85.0 84.0 
85.0 84.0 
49.0 23.0 
49.0 23.0 
49.0 23.0 
99.0 58.0 
99.0 58.0 
99.0 58.0 
99.0 58.0 
99.0 58.0 
99.0 58.0 
99.0 58.0 
99.0 58.0 
99.0 58.0 
99.0 58.0 
99.0 58.0 
99.0 58.0 
99.0 58.0 
99.0 58.0 
99.0 58.0 
99.0 58.0 
99.0 58.0 
99.0 58.0 
99.0 58.0 
99.0 58.0 
99.0 58.0 
99.0 58.0 
99.0 58.0 
99.0 58.0 
99.0 58.0 
99.0 58.0 
99.0 58.0 
99.0 58.0 
99.0 58.0 
99.0 58.0 
99.0 58.0 
99.0 58.0 
99.0 58.0 
99.0 58.0 
99.0 58.0 
99.0 58.0 
99.0 58.0 
99.0 58.0 
99.0 58.0 
99.0 58.0 
99.0 58.0 
99.0 58.0 
99.0 58.0 
99.0 58.0 
99.0 58.0 
99.0 58.0 
99.0 58.0 
99.0 58.0 
99.0 58.0 
99.0 58.0 
99.0 58.0 
99.0 58.0 
99.0 58.0 
99.0 58.0 
99.0 58.0 
99.0 58.0 
99.0 58.0 
99.0 58.0 
99.0 58.0 
99.0 58.0 
99.0 58.0 
99.0 58.0 
99.0 58.0 
99.0 58.0 
99.0 58.0 
99.0 58.0 
99.0 58.0 
99.0 58.0 
99.0 58.0 
99.0 58.0 
99.0 58.0 
97.0 81.0 
97.0 81.0 
97.0 81.0 
97.0 81.0 
97.0 81.0 
97.0 81.0 
97.0 81.0 
97.0 81.0 
97.0 81.0 
97.0 81.0 
97.0 81.0 
97.0 81.0 
97.0 81.0 
97.0 81.0 
97.0 81.0 
97.0 81.0 
