43.0 42.0 
43.0 42.0 
43.0 42.0 
43.0 42.0 
43.0 42.0 
43.0 42.0 
43.0 42.0 
43.0 42.0 
43.0 42.0 
43.0 42.0 
43.0 42.0 
43.0 42.0 
43.0 42.0 
43.0 42.0 
43.0 42.0 
43.0 42.0 
43.0 42.0 
43.0 42.0 
43.0 42.0 
43.0 42.0 
43.0 42.0 
43.0 42.0 
43.0 42.0 
43.0 42.0 
43.0 42.0 
43.0 42.0 
43.0 42.0 
43.0 42.0 
43.0 42.0 
43.0 42.0 
43.0 42.0 
43.0 42.0 
43.0 42.0 
43.0 42.0 
43.0 42.0 
43.0 42.0 
43.0 42.0 
43.0 42.0 
43.0 42.0 
43.0 42.0 
43.0 42.0 
43.0 42.0 
43.0 42.0 
43.0 42.0 
43.0 42.0 
43.0 42.0 
43.0 42.0 
43.0 42.0 
43.0 42.0 
43.0 42.0 
43.0 42.0 
43.0 42.0 
43.0 42.0 
43.0 42.0 
43.0 42.0 
43.0 42.0 
43.0 42.0 
43.0 42.0 
43.0 42.0 
59.0 51.0 
12.0 8.0 
12.0 8.0 
12.0 8.0 
12.0 8.0 
12.0 8.0 
12.0 8.0 
12.0 8.0 
12.0 8.0 
12.0 8.0 
12.0 8.0 
12.0 8.0 
12.0 8.0 
12.0 8.0 
12.0 8.0 
12.0 8.0 
12.0 8.0 
12.0 8.0 
12.0 8.0 
12.0 8.0 
12.0 8.0 
12.0 8.0 
12.0 8.0 
12.0 8.0 
12.0 8.0 
12.0 8.0 
12.0 8.0 
12.0 8.0 
12.0 8.0 
12.0 8.0 
12.0 8.0 
12.0 8.0 
12.0 8.0 
12.0 8.0 
12.0 8.0 
29.0 5.0 
36.0 1.0 
99.0 34.0 
30.0 25.0 
36.0 13.0 
36.0 13.0 
