52.0 51.0 
52.0 51.0 
52.0 51.0 
52.0 51.0 
52.0 51.0 
37.0 36.0 
37.0 36.0 
37.0 36.0 
37.0 36.0 
37.0 36.0 
37.0 36.0 
37.0 36.0 
37.0 36.0 
37.0 36.0 
37.0 36.0 
37.0 36.0 
37.0 36.0 
37.0 36.0 
37.0 36.0 
37.0 36.0 
37.0 36.0 
37.0 36.0 
37.0 36.0 
37.0 36.0 
37.0 36.0 
37.0 36.0 
37.0 36.0 
39.0 19.0 
39.0 19.0 
39.0 19.0 
39.0 19.0 
39.0 19.0 
39.0 19.0 
39.0 19.0 
75.0 58.0 
75.0 58.0 
75.0 58.0 
75.0 58.0 
75.0 58.0 
75.0 58.0 
75.0 58.0 
75.0 58.0 
75.0 58.0 
75.0 58.0 
34.0 31.0 
34.0 31.0 
34.0 31.0 
19.0 15.0 
19.0 15.0 
19.0 15.0 
19.0 15.0 
89.0 83.0 
89.0 83.0 
52.0 17.0 
52.0 17.0 
52.0 17.0 
34.0 23.0 
34.0 23.0 
39.0 29.0 
39.0 29.0 
