93.0 92.0 
93.0 92.0 
93.0 92.0 
93.0 92.0 
93.0 92.0 
93.0 92.0 
93.0 92.0 
93.0 92.0 
93.0 92.0 
93.0 92.0 
93.0 92.0 
93.0 92.0 
93.0 92.0 
93.0 92.0 
93.0 92.0 
93.0 92.0 
93.0 92.0 
93.0 92.0 
93.0 92.0 
93.0 92.0 
93.0 92.0 
93.0 92.0 
93.0 92.0 
93.0 92.0 
93.0 92.0 
93.0 92.0 
93.0 92.0 
93.0 92.0 
93.0 92.0 
93.0 92.0 
93.0 92.0 
93.0 92.0 
93.0 92.0 
93.0 92.0 
93.0 92.0 
93.0 92.0 
93.0 92.0 
93.0 92.0 
93.0 92.0 
93.0 92.0 
52.0 22.0 
52.0 22.0 
52.0 22.0 
52.0 22.0 
52.0 22.0 
52.0 22.0 
52.0 22.0 
52.0 22.0 
83.0 42.0 
83.0 42.0 
60.0 6.0 
60.0 6.0 
60.0 6.0 
63.0 20.0 
71.0 68.0 
18.0 16.0 
43.0 27.0 
72.0 64.0 
58.0 26.0 
58.0 26.0 
