66.0 65.0 
66.0 65.0 
66.0 65.0 
66.0 65.0 
66.0 65.0 
66.0 65.0 
66.0 65.0 
66.0 65.0 
66.0 65.0 
66.0 65.0 
66.0 65.0 
66.0 65.0 
66.0 65.0 
66.0 65.0 
66.0 65.0 
66.0 65.0 
66.0 65.0 
66.0 65.0 
66.0 65.0 
66.0 65.0 
66.0 65.0 
66.0 65.0 
66.0 65.0 
66.0 65.0 
66.0 65.0 
66.0 65.0 
66.0 65.0 
66.0 65.0 
66.0 65.0 
66.0 65.0 
66.0 65.0 
66.0 65.0 
66.0 65.0 
66.0 65.0 
66.0 65.0 
66.0 65.0 
47.0 17.0 
47.0 17.0 
47.0 17.0 
47.0 17.0 
78.0 73.0 
78.0 73.0 
78.0 73.0 
78.0 73.0 
78.0 73.0 
80.0 54.0 
80.0 54.0 
80.0 54.0 
80.0 54.0 
80.0 54.0 
80.0 54.0 
80.0 54.0 
21.0 13.0 
21.0 13.0 
35.0 7.0 
53.0 5.0 
14.0 2.0 
76.0 25.0 
78.0 1.0 
78.0 1.0 
