33.0 32.0 
33.0 32.0 
33.0 32.0 
33.0 32.0 
33.0 32.0 
33.0 32.0 
33.0 32.0 
33.0 32.0 
33.0 32.0 
33.0 32.0 
33.0 32.0 
33.0 32.0 
33.0 32.0 
33.0 32.0 
33.0 32.0 
33.0 32.0 
33.0 32.0 
33.0 32.0 
33.0 32.0 
33.0 32.0 
33.0 32.0 
33.0 32.0 
33.0 32.0 
33.0 32.0 
33.0 32.0 
33.0 32.0 
33.0 32.0 
33.0 32.0 
89.0 12.0 
89.0 12.0 
89.0 12.0 
89.0 12.0 
89.0 12.0 
89.0 12.0 
36.0 8.0 
36.0 8.0 
36.0 8.0 
36.0 8.0 
36.0 8.0 
77.0 27.0 
77.0 27.0 
35.0 13.0 
35.0 13.0 
35.0 13.0 
35.0 13.0 
35.0 13.0 
35.0 13.0 
35.0 13.0 
35.0 13.0 
35.0 13.0 
35.0 13.0 
35.0 13.0 
35.0 13.0 
35.0 13.0 
80.0 24.0 
26.0 13.0 
56.0 17.0 
56.0 37.0 
11.0 7.0 
11.0 7.0 
