34.0 33.0 
34.0 33.0 
34.0 33.0 
34.0 33.0 
34.0 33.0 
34.0 33.0 
34.0 33.0 
34.0 33.0 
34.0 33.0 
34.0 33.0 
34.0 33.0 
34.0 33.0 
71.0 12.0 
71.0 12.0 
71.0 12.0 
71.0 12.0 
71.0 12.0 
71.0 12.0 
71.0 12.0 
71.0 12.0 
71.0 12.0 
71.0 12.0 
71.0 12.0 
71.0 12.0 
71.0 12.0 
71.0 12.0 
71.0 12.0 
71.0 12.0 
71.0 12.0 
71.0 12.0 
71.0 12.0 
71.0 12.0 
71.0 12.0 
71.0 12.0 
71.0 12.0 
71.0 12.0 
71.0 12.0 
71.0 12.0 
71.0 12.0 
71.0 12.0 
71.0 12.0 
71.0 12.0 
71.0 12.0 
71.0 12.0 
71.0 12.0 
71.0 12.0 
71.0 12.0 
71.0 12.0 
71.0 12.0 
71.0 12.0 
71.0 12.0 
39.0 17.0 
30.0 29.0 
43.0 40.0 
53.0 9.0 
81.0 76.0 
37.0 26.0 
41.0 19.0 
79.0 38.0 
79.0 38.0 
