28.0 27.0 
28.0 27.0 
28.0 27.0 
28.0 27.0 
28.0 27.0 
28.0 27.0 
28.0 27.0 
28.0 27.0 
28.0 27.0 
28.0 27.0 
28.0 27.0 
28.0 27.0 
28.0 27.0 
28.0 27.0 
28.0 27.0 
28.0 27.0 
28.0 27.0 
28.0 27.0 
28.0 27.0 
28.0 27.0 
28.0 27.0 
28.0 27.0 
28.0 27.0 
28.0 27.0 
28.0 27.0 
28.0 27.0 
28.0 27.0 
28.0 27.0 
28.0 27.0 
28.0 27.0 
28.0 27.0 
28.0 27.0 
28.0 27.0 
28.0 27.0 
28.0 27.0 
28.0 27.0 
28.0 27.0 
28.0 27.0 
28.0 27.0 
28.0 27.0 
28.0 27.0 
28.0 27.0 
28.0 27.0 
28.0 27.0 
28.0 27.0 
28.0 27.0 
28.0 27.0 
28.0 27.0 
28.0 27.0 
28.0 27.0 
28.0 27.0 
28.0 27.0 
28.0 27.0 
28.0 27.0 
91.0 20.0 
75.0 46.0 
81.0 12.0 
81.0 12.0 
81.0 12.0 
81.0 12.0 
