61.0 60.0 
61.0 60.0 
61.0 60.0 
61.0 60.0 
61.0 60.0 
61.0 60.0 
61.0 60.0 
61.0 60.0 
61.0 60.0 
61.0 60.0 
61.0 60.0 
61.0 60.0 
61.0 60.0 
61.0 60.0 
61.0 60.0 
61.0 60.0 
61.0 60.0 
61.0 60.0 
20.0 5.0 
93.0 43.0 
93.0 43.0 
77.0 56.0 
77.0 56.0 
77.0 56.0 
77.0 56.0 
77.0 56.0 
77.0 56.0 
77.0 56.0 
77.0 56.0 
77.0 56.0 
77.0 56.0 
77.0 56.0 
77.0 56.0 
77.0 56.0 
77.0 56.0 
77.0 56.0 
77.0 56.0 
77.0 56.0 
77.0 56.0 
77.0 56.0 
77.0 56.0 
77.0 56.0 
77.0 56.0 
77.0 56.0 
77.0 56.0 
77.0 56.0 
77.0 56.0 
77.0 56.0 
77.0 56.0 
77.0 56.0 
77.0 56.0 
77.0 56.0 
77.0 56.0 
77.0 56.0 
77.0 56.0 
77.0 56.0 
77.0 56.0 
77.0 56.0 
77.0 56.0 
77.0 56.0 
