61.0 60.0 
61.0 60.0 
61.0 60.0 
61.0 60.0 
61.0 60.0 
61.0 60.0 
61.0 60.0 
61.0 60.0 
61.0 60.0 
61.0 60.0 
61.0 60.0 
61.0 60.0 
61.0 60.0 
61.0 60.0 
61.0 60.0 
61.0 60.0 
61.0 60.0 
61.0 60.0 
93.0 20.0 
93.0 20.0 
93.0 20.0 
93.0 20.0 
93.0 20.0 
93.0 20.0 
93.0 20.0 
93.0 20.0 
93.0 20.0 
93.0 20.0 
93.0 20.0 
93.0 20.0 
93.0 20.0 
93.0 20.0 
93.0 20.0 
93.0 20.0 
93.0 20.0 
93.0 20.0 
93.0 20.0 
93.0 20.0 
93.0 20.0 
93.0 20.0 
93.0 20.0 
93.0 20.0 
93.0 20.0 
93.0 20.0 
93.0 20.0 
93.0 20.0 
93.0 20.0 
93.0 20.0 
93.0 20.0 
93.0 20.0 
93.0 20.0 
93.0 20.0 
93.0 20.0 
93.0 20.0 
93.0 20.0 
93.0 20.0 
79.0 18.0 
14.0 6.0 
14.0 6.0 
14.0 6.0 
