45.0 44.0 
45.0 44.0 
45.0 44.0 
45.0 44.0 
45.0 44.0 
45.0 44.0 
45.0 44.0 
45.0 44.0 
45.0 44.0 
45.0 44.0 
45.0 44.0 
45.0 44.0 
45.0 44.0 
45.0 44.0 
45.0 44.0 
45.0 44.0 
45.0 44.0 
45.0 44.0 
45.0 44.0 
45.0 44.0 
45.0 44.0 
45.0 44.0 
45.0 44.0 
45.0 44.0 
45.0 44.0 
45.0 44.0 
45.0 44.0 
45.0 44.0 
45.0 44.0 
45.0 44.0 
45.0 44.0 
45.0 44.0 
45.0 44.0 
45.0 44.0 
45.0 44.0 
45.0 44.0 
45.0 44.0 
45.0 44.0 
45.0 44.0 
45.0 44.0 
45.0 44.0 
45.0 44.0 
45.0 44.0 
45.0 44.0 
45.0 44.0 
45.0 44.0 
45.0 44.0 
45.0 44.0 
45.0 44.0 
45.0 44.0 
63.0 41.0 
25.0 16.0 
25.0 16.0 
25.0 16.0 
25.0 16.0 
25.0 16.0 
64.0 44.0 
64.0 44.0 
64.0 44.0 
64.0 44.0 
