29.0 28.0 
29.0 28.0 
29.0 28.0 
29.0 28.0 
29.0 28.0 
29.0 28.0 
29.0 28.0 
29.0 28.0 
29.0 28.0 
29.0 28.0 
29.0 28.0 
29.0 28.0 
29.0 28.0 
29.0 28.0 
29.0 28.0 
29.0 28.0 
29.0 28.0 
29.0 28.0 
29.0 28.0 
29.0 28.0 
29.0 28.0 
29.0 28.0 
29.0 28.0 
29.0 28.0 
29.0 28.0 
29.0 28.0 
29.0 28.0 
29.0 28.0 
29.0 28.0 
29.0 28.0 
35.0 6.0 
35.0 6.0 
35.0 6.0 
35.0 6.0 
35.0 6.0 
35.0 6.0 
35.0 6.0 
35.0 6.0 
35.0 6.0 
35.0 6.0 
35.0 6.0 
35.0 6.0 
35.0 6.0 
35.0 6.0 
35.0 6.0 
35.0 6.0 
35.0 6.0 
35.0 6.0 
67.0 34.0 
67.0 34.0 
91.0 74.0 
91.0 74.0 
91.0 74.0 
91.0 74.0 
91.0 74.0 
91.0 74.0 
91.0 74.0 
91.0 74.0 
91.0 74.0 
91.0 74.0 
