25.0 24.0 
25.0 24.0 
25.0 24.0 
25.0 24.0 
25.0 24.0 
25.0 24.0 
25.0 24.0 
25.0 24.0 
25.0 24.0 
25.0 24.0 
25.0 24.0 
25.0 24.0 
25.0 24.0 
25.0 24.0 
25.0 24.0 
25.0 24.0 
25.0 24.0 
25.0 24.0 
25.0 24.0 
58.0 50.0 
58.0 50.0 
58.0 50.0 
58.0 50.0 
58.0 50.0 
58.0 50.0 
58.0 50.0 
58.0 50.0 
58.0 50.0 
58.0 50.0 
58.0 50.0 
58.0 50.0 
58.0 50.0 
58.0 50.0 
58.0 50.0 
58.0 50.0 
58.0 50.0 
58.0 50.0 
58.0 50.0 
58.0 50.0 
58.0 50.0 
58.0 50.0 
58.0 50.0 
58.0 50.0 
58.0 50.0 
58.0 50.0 
53.0 29.0 
53.0 29.0 
53.0 29.0 
53.0 29.0 
53.0 29.0 
53.0 29.0 
56.0 17.0 
56.0 17.0 
56.0 17.0 
56.0 17.0 
56.0 17.0 
56.0 17.0 
18.0 0.0 
18.0 0.0 
18.0 0.0 
