47.0 46.0 
47.0 46.0 
47.0 46.0 
47.0 46.0 
47.0 46.0 
47.0 46.0 
47.0 46.0 
47.0 46.0 
47.0 46.0 
47.0 46.0 
47.0 46.0 
47.0 46.0 
47.0 46.0 
47.0 46.0 
47.0 46.0 
47.0 46.0 
47.0 46.0 
47.0 46.0 
47.0 46.0 
47.0 46.0 
47.0 46.0 
47.0 46.0 
47.0 46.0 
47.0 46.0 
47.0 46.0 
47.0 46.0 
47.0 46.0 
47.0 46.0 
47.0 46.0 
47.0 46.0 
47.0 46.0 
47.0 46.0 
47.0 46.0 
47.0 46.0 
47.0 46.0 
47.0 46.0 
47.0 46.0 
47.0 46.0 
47.0 46.0 
47.0 46.0 
47.0 46.0 
47.0 46.0 
47.0 46.0 
47.0 46.0 
47.0 46.0 
47.0 46.0 
47.0 46.0 
47.0 46.0 
47.0 46.0 
47.0 46.0 
47.0 46.0 
47.0 46.0 
47.0 46.0 
47.0 46.0 
47.0 46.0 
42.0 36.0 
84.0 69.0 
68.0 33.0 
26.0 20.0 
26.0 20.0 
