39.0 38.0 
39.0 38.0 
39.0 38.0 
39.0 38.0 
39.0 38.0 
39.0 38.0 
39.0 38.0 
39.0 38.0 
39.0 38.0 
39.0 38.0 
39.0 38.0 
39.0 38.0 
39.0 38.0 
39.0 38.0 
39.0 38.0 
39.0 38.0 
39.0 38.0 
39.0 38.0 
39.0 38.0 
39.0 38.0 
39.0 38.0 
39.0 38.0 
39.0 38.0 
39.0 38.0 
39.0 38.0 
39.0 38.0 
47.0 0.0 
47.0 0.0 
47.0 0.0 
47.0 0.0 
47.0 0.0 
47.0 0.0 
47.0 0.0 
47.0 0.0 
47.0 0.0 
47.0 0.0 
47.0 0.0 
47.0 0.0 
47.0 0.0 
47.0 0.0 
47.0 0.0 
47.0 0.0 
47.0 0.0 
47.0 0.0 
47.0 0.0 
47.0 0.0 
47.0 0.0 
47.0 0.0 
47.0 0.0 
47.0 0.0 
47.0 0.0 
57.0 20.0 
19.0 12.0 
19.0 12.0 
19.0 12.0 
19.0 12.0 
19.0 12.0 
50.0 13.0 
50.0 13.0 
50.0 13.0 
