17.0 16.0 
17.0 16.0 
17.0 16.0 
17.0 16.0 
17.0 16.0 
17.0 16.0 
17.0 16.0 
17.0 16.0 
17.0 16.0 
17.0 16.0 
17.0 16.0 
17.0 16.0 
17.0 16.0 
17.0 16.0 
17.0 16.0 
17.0 16.0 
17.0 16.0 
17.0 16.0 
17.0 16.0 
17.0 16.0 
17.0 16.0 
17.0 16.0 
17.0 16.0 
17.0 16.0 
17.0 16.0 
17.0 16.0 
17.0 16.0 
17.0 16.0 
17.0 16.0 
17.0 16.0 
17.0 16.0 
17.0 16.0 
17.0 16.0 
17.0 16.0 
17.0 16.0 
17.0 16.0 
17.0 16.0 
17.0 16.0 
17.0 16.0 
17.0 16.0 
17.0 16.0 
17.0 16.0 
17.0 16.0 
17.0 16.0 
17.0 16.0 
17.0 16.0 
18.0 14.0 
18.0 14.0 
18.0 14.0 
18.0 14.0 
72.0 15.0 
63.0 35.0 
63.0 35.0 
63.0 35.0 
63.0 35.0 
63.0 35.0 
63.0 35.0 
58.0 54.0 
58.0 54.0 
58.0 54.0 
