53.0 52.0 
53.0 52.0 
53.0 52.0 
53.0 52.0 
53.0 52.0 
53.0 52.0 
53.0 52.0 
53.0 52.0 
53.0 52.0 
53.0 52.0 
53.0 52.0 
53.0 52.0 
53.0 52.0 
53.0 52.0 
53.0 52.0 
53.0 52.0 
53.0 52.0 
53.0 52.0 
53.0 52.0 
75.0 54.0 
75.0 54.0 
75.0 54.0 
75.0 54.0 
75.0 54.0 
75.0 54.0 
75.0 54.0 
75.0 54.0 
75.0 54.0 
75.0 54.0 
75.0 54.0 
75.0 54.0 
75.0 54.0 
75.0 54.0 
75.0 54.0 
75.0 54.0 
75.0 54.0 
75.0 54.0 
75.0 54.0 
75.0 54.0 
75.0 54.0 
75.0 54.0 
75.0 54.0 
75.0 54.0 
75.0 54.0 
75.0 54.0 
63.0 50.0 
63.0 50.0 
32.0 21.0 
32.0 21.0 
32.0 21.0 
32.0 21.0 
32.0 21.0 
32.0 21.0 
32.0 21.0 
32.0 21.0 
79.0 56.0 
79.0 56.0 
79.0 56.0 
79.0 56.0 
79.0 56.0 
