87.0 86.0 
87.0 86.0 
87.0 86.0 
87.0 86.0 
87.0 86.0 
87.0 86.0 
87.0 86.0 
87.0 86.0 
87.0 86.0 
87.0 86.0 
87.0 86.0 
87.0 86.0 
87.0 86.0 
60.0 58.0 
60.0 58.0 
60.0 58.0 
60.0 58.0 
60.0 58.0 
60.0 58.0 
60.0 58.0 
60.0 58.0 
60.0 58.0 
60.0 58.0 
60.0 58.0 
60.0 58.0 
60.0 58.0 
60.0 58.0 
60.0 58.0 
60.0 58.0 
71.0 30.0 
71.0 30.0 
71.0 30.0 
71.0 30.0 
71.0 30.0 
71.0 30.0 
71.0 30.0 
71.0 30.0 
71.0 30.0 
71.0 30.0 
71.0 30.0 
71.0 30.0 
71.0 30.0 
71.0 30.0 
71.0 30.0 
71.0 30.0 
20.0 12.0 
20.0 12.0 
20.0 12.0 
78.0 27.0 
78.0 27.0 
68.0 24.0 
68.0 24.0 
68.0 24.0 
68.0 24.0 
68.0 24.0 
68.0 24.0 
68.0 24.0 
68.0 24.0 
68.0 24.0 
68.0 24.0 
