64.0 63.0 
64.0 63.0 
64.0 63.0 
64.0 63.0 
64.0 63.0 
64.0 63.0 
64.0 63.0 
64.0 63.0 
64.0 63.0 
64.0 63.0 
64.0 63.0 
64.0 63.0 
64.0 63.0 
64.0 63.0 
64.0 63.0 
64.0 63.0 
64.0 63.0 
64.0 63.0 
64.0 63.0 
64.0 63.0 
64.0 63.0 
64.0 63.0 
37.0 8.0 
37.0 8.0 
37.0 8.0 
37.0 8.0 
37.0 8.0 
37.0 8.0 
37.0 8.0 
37.0 8.0 
37.0 8.0 
37.0 8.0 
37.0 8.0 
37.0 8.0 
37.0 8.0 
37.0 8.0 
37.0 8.0 
37.0 8.0 
37.0 8.0 
37.0 8.0 
37.0 8.0 
76.0 72.0 
78.0 34.0 
80.0 39.0 
80.0 39.0 
80.0 39.0 
80.0 39.0 
80.0 39.0 
80.0 39.0 
80.0 39.0 
80.0 39.0 
80.0 39.0 
80.0 39.0 
80.0 39.0 
78.0 34.0 
78.0 34.0 
78.0 34.0 
78.0 34.0 
78.0 34.0 
78.0 34.0 
