94.0 93.0 
94.0 93.0 
94.0 93.0 
74.0 57.0 
74.0 57.0 
74.0 57.0 
74.0 57.0 
74.0 57.0 
74.0 57.0 
74.0 57.0 
74.0 57.0 
74.0 57.0 
74.0 57.0 
86.0 63.0 
86.0 63.0 
86.0 63.0 
86.0 63.0 
86.0 63.0 
86.0 63.0 
86.0 63.0 
86.0 63.0 
86.0 63.0 
86.0 63.0 
86.0 63.0 
86.0 63.0 
86.0 63.0 
86.0 63.0 
86.0 63.0 
86.0 63.0 
35.0 22.0 
35.0 22.0 
35.0 22.0 
35.0 22.0 
35.0 22.0 
35.0 22.0 
35.0 22.0 
35.0 22.0 
35.0 22.0 
35.0 22.0 
52.0 14.0 
52.0 14.0 
52.0 14.0 
52.0 14.0 
52.0 14.0 
52.0 14.0 
52.0 14.0 
52.0 14.0 
52.0 14.0 
52.0 14.0 
52.0 14.0 
61.0 2.0 
61.0 2.0 
61.0 2.0 
61.0 2.0 
61.0 2.0 
61.0 2.0 
61.0 2.0 
61.0 2.0 
61.0 2.0 
61.0 2.0 
