95.0 94.0 
95.0 94.0 
95.0 94.0 
95.0 94.0 
95.0 94.0 
95.0 94.0 
95.0 94.0 
95.0 94.0 
95.0 94.0 
95.0 94.0 
95.0 94.0 
95.0 94.0 
27.0 1.0 
27.0 1.0 
27.0 1.0 
27.0 1.0 
27.0 1.0 
27.0 1.0 
27.0 1.0 
27.0 1.0 
27.0 1.0 
27.0 1.0 
27.0 1.0 
27.0 1.0 
27.0 1.0 
27.0 1.0 
27.0 1.0 
27.0 1.0 
27.0 1.0 
27.0 1.0 
50.0 35.0 
50.0 35.0 
50.0 35.0 
50.0 35.0 
50.0 35.0 
50.0 35.0 
50.0 35.0 
50.0 35.0 
50.0 35.0 
50.0 35.0 
50.0 35.0 
50.0 35.0 
50.0 35.0 
50.0 35.0 
50.0 35.0 
50.0 35.0 
50.0 35.0 
50.0 35.0 
50.0 35.0 
50.0 35.0 
50.0 35.0 
50.0 35.0 
50.0 35.0 
50.0 35.0 
13.0 0.0 
13.0 0.0 
13.0 0.0 
16.0 7.0 
55.0 27.0 
55.0 27.0 
