88.0 87.0 
88.0 87.0 
88.0 87.0 
88.0 87.0 
88.0 87.0 
88.0 87.0 
88.0 87.0 
88.0 87.0 
88.0 87.0 
29.0 0.0 
29.0 0.0 
20.0 11.0 
20.0 11.0 
20.0 11.0 
20.0 11.0 
20.0 11.0 
20.0 11.0 
20.0 11.0 
42.0 27.0 
42.0 27.0 
42.0 27.0 
42.0 27.0 
42.0 27.0 
42.0 27.0 
42.0 27.0 
42.0 27.0 
42.0 27.0 
42.0 27.0 
42.0 27.0 
42.0 27.0 
58.0 49.0 
58.0 49.0 
58.0 49.0 
58.0 49.0 
58.0 49.0 
58.0 49.0 
58.0 49.0 
58.0 49.0 
58.0 49.0 
58.0 49.0 
58.0 49.0 
58.0 49.0 
58.0 49.0 
58.0 49.0 
58.0 49.0 
58.0 49.0 
58.0 49.0 
58.0 49.0 
58.0 49.0 
58.0 49.0 
58.0 49.0 
58.0 49.0 
58.0 49.0 
70.0 58.0 
70.0 58.0 
70.0 58.0 
70.0 58.0 
70.0 58.0 
70.0 58.0 
70.0 58.0 
