100.0 99.0 
100.0 99.0 
100.0 99.0 
100.0 99.0 
100.0 99.0 
100.0 99.0 
100.0 99.0 
100.0 99.0 
100.0 99.0 
100.0 99.0 
100.0 99.0 
100.0 99.0 
100.0 99.0 
64.0 61.0 
64.0 61.0 
29.0 7.0 
29.0 7.0 
29.0 7.0 
29.0 7.0 
29.0 7.0 
29.0 7.0 
29.0 7.0 
29.0 7.0 
29.0 7.0 
29.0 7.0 
29.0 7.0 
29.0 7.0 
29.0 7.0 
29.0 7.0 
29.0 7.0 
29.0 7.0 
29.0 7.0 
29.0 7.0 
29.0 7.0 
48.0 17.0 
48.0 17.0 
48.0 17.0 
48.0 17.0 
48.0 17.0 
48.0 17.0 
48.0 17.0 
48.0 17.0 
48.0 17.0 
48.0 17.0 
48.0 17.0 
48.0 17.0 
48.0 17.0 
48.0 17.0 
48.0 17.0 
48.0 17.0 
48.0 17.0 
48.0 17.0 
48.0 17.0 
48.0 17.0 
95.0 52.0 
95.0 52.0 
95.0 52.0 
39.0 33.0 
30.0 12.0 
30.0 12.0 
