74.0 73.0 
74.0 73.0 
74.0 73.0 
74.0 73.0 
74.0 73.0 
74.0 73.0 
74.0 73.0 
74.0 73.0 
74.0 73.0 
74.0 73.0 
74.0 73.0 
74.0 73.0 
74.0 73.0 
74.0 73.0 
74.0 73.0 
74.0 73.0 
74.0 73.0 
74.0 73.0 
74.0 73.0 
74.0 73.0 
74.0 73.0 
74.0 73.0 
74.0 73.0 
74.0 73.0 
74.0 73.0 
74.0 73.0 
74.0 73.0 
74.0 73.0 
74.0 73.0 
74.0 73.0 
74.0 73.0 
74.0 73.0 
74.0 73.0 
74.0 73.0 
74.0 73.0 
74.0 73.0 
95.0 56.0 
95.0 56.0 
95.0 56.0 
95.0 56.0 
95.0 56.0 
95.0 56.0 
50.0 10.0 
50.0 10.0 
50.0 10.0 
50.0 10.0 
50.0 10.0 
50.0 10.0 
50.0 10.0 
50.0 10.0 
50.0 10.0 
50.0 10.0 
50.0 10.0 
50.0 10.0 
57.0 16.0 
57.0 16.0 
65.0 29.0 
64.0 13.0 
82.0 56.0 
82.0 56.0 
