87.0 86.0 
87.0 86.0 
87.0 86.0 
87.0 86.0 
87.0 86.0 
87.0 86.0 
87.0 86.0 
87.0 86.0 
87.0 86.0 
85.0 39.0 
85.0 39.0 
85.0 39.0 
85.0 39.0 
85.0 39.0 
85.0 39.0 
85.0 39.0 
85.0 39.0 
85.0 39.0 
85.0 39.0 
85.0 39.0 
85.0 39.0 
85.0 39.0 
85.0 39.0 
85.0 39.0 
85.0 39.0 
85.0 39.0 
85.0 39.0 
85.0 39.0 
85.0 39.0 
85.0 39.0 
85.0 39.0 
85.0 39.0 
90.0 66.0 
90.0 66.0 
90.0 66.0 
90.0 66.0 
59.0 52.0 
59.0 52.0 
59.0 52.0 
68.0 57.0 
68.0 57.0 
68.0 57.0 
68.0 57.0 
68.0 57.0 
27.0 14.0 
27.0 14.0 
27.0 14.0 
27.0 14.0 
34.0 19.0 
34.0 19.0 
34.0 19.0 
34.0 19.0 
34.0 19.0 
34.0 19.0 
34.0 19.0 
34.0 19.0 
34.0 19.0 
34.0 19.0 
34.0 19.0 
34.0 19.0 
