94.0 93.0 
94.0 93.0 
94.0 93.0 
94.0 93.0 
94.0 93.0 
94.0 93.0 
94.0 93.0 
94.0 93.0 
94.0 93.0 
94.0 93.0 
94.0 93.0 
94.0 93.0 
94.0 93.0 
94.0 93.0 
94.0 93.0 
94.0 93.0 
94.0 93.0 
94.0 93.0 
94.0 93.0 
94.0 93.0 
94.0 93.0 
94.0 93.0 
94.0 93.0 
94.0 93.0 
94.0 93.0 
94.0 93.0 
94.0 93.0 
94.0 93.0 
94.0 93.0 
94.0 93.0 
94.0 93.0 
94.0 93.0 
94.0 93.0 
94.0 93.0 
94.0 93.0 
94.0 93.0 
94.0 93.0 
94.0 93.0 
94.0 93.0 
94.0 93.0 
94.0 93.0 
94.0 93.0 
94.0 93.0 
94.0 93.0 
94.0 93.0 
94.0 93.0 
41.0 38.0 
41.0 38.0 
41.0 38.0 
96.0 23.0 
96.0 23.0 
96.0 23.0 
55.0 42.0 
55.0 42.0 
55.0 42.0 
66.0 23.0 
66.0 23.0 
85.0 61.0 
24.0 1.0 
24.0 1.0 
