90.0 89.0 
90.0 89.0 
90.0 89.0 
90.0 89.0 
90.0 89.0 
90.0 89.0 
90.0 89.0 
90.0 89.0 
90.0 89.0 
90.0 89.0 
90.0 89.0 
90.0 89.0 
90.0 89.0 
90.0 89.0 
90.0 89.0 
90.0 89.0 
90.0 89.0 
90.0 89.0 
90.0 89.0 
90.0 89.0 
90.0 89.0 
90.0 89.0 
90.0 89.0 
90.0 89.0 
90.0 89.0 
90.0 89.0 
90.0 89.0 
90.0 89.0 
90.0 89.0 
90.0 89.0 
90.0 89.0 
90.0 89.0 
90.0 89.0 
90.0 89.0 
90.0 89.0 
90.0 89.0 
90.0 89.0 
90.0 89.0 
90.0 89.0 
90.0 89.0 
90.0 89.0 
90.0 89.0 
90.0 89.0 
90.0 89.0 
90.0 89.0 
90.0 89.0 
90.0 89.0 
74.0 22.0 
37.0 23.0 
37.0 23.0 
37.0 23.0 
37.0 23.0 
38.0 8.0 
38.0 8.0 
38.0 8.0 
38.0 8.0 
11.0 8.0 
37.0 17.0 
21.0 14.0 
21.0 14.0 
