57.0 56.0 
57.0 56.0 
57.0 56.0 
57.0 56.0 
57.0 56.0 
57.0 56.0 
57.0 56.0 
57.0 56.0 
57.0 56.0 
57.0 56.0 
57.0 56.0 
57.0 56.0 
22.0 13.0 
22.0 13.0 
22.0 13.0 
22.0 13.0 
22.0 13.0 
22.0 13.0 
22.0 13.0 
22.0 13.0 
22.0 13.0 
22.0 13.0 
22.0 13.0 
22.0 13.0 
22.0 13.0 
22.0 13.0 
22.0 13.0 
22.0 13.0 
22.0 13.0 
22.0 13.0 
22.0 13.0 
22.0 13.0 
22.0 13.0 
22.0 13.0 
22.0 13.0 
22.0 13.0 
22.0 13.0 
22.0 13.0 
22.0 13.0 
22.0 13.0 
22.0 13.0 
22.0 13.0 
22.0 13.0 
22.0 13.0 
22.0 13.0 
22.0 13.0 
94.0 13.0 
94.0 13.0 
94.0 13.0 
94.0 13.0 
94.0 13.0 
94.0 13.0 
31.0 16.0 
31.0 16.0 
31.0 16.0 
100.0 63.0 
17.0 14.0 
62.0 11.0 
87.0 20.0 
87.0 20.0 
