49.0 48.0 
49.0 48.0 
49.0 48.0 
49.0 48.0 
49.0 48.0 
49.0 48.0 
49.0 48.0 
49.0 48.0 
49.0 48.0 
49.0 48.0 
49.0 48.0 
49.0 48.0 
49.0 48.0 
49.0 48.0 
49.0 48.0 
49.0 48.0 
49.0 48.0 
49.0 48.0 
49.0 48.0 
49.0 48.0 
49.0 48.0 
49.0 48.0 
49.0 48.0 
49.0 48.0 
49.0 48.0 
49.0 48.0 
49.0 48.0 
49.0 48.0 
49.0 48.0 
49.0 48.0 
49.0 48.0 
49.0 48.0 
49.0 48.0 
49.0 48.0 
49.0 48.0 
49.0 48.0 
49.0 48.0 
49.0 48.0 
49.0 48.0 
49.0 48.0 
49.0 48.0 
49.0 48.0 
49.0 48.0 
49.0 48.0 
49.0 48.0 
97.0 84.0 
97.0 84.0 
97.0 84.0 
97.0 84.0 
97.0 84.0 
32.0 25.0 
32.0 25.0 
32.0 25.0 
67.0 48.0 
67.0 48.0 
47.0 19.0 
68.0 9.0 
51.0 13.0 
60.0 16.0 
60.0 16.0 
