54.0 53.0 
54.0 53.0 
54.0 53.0 
54.0 53.0 
54.0 53.0 
54.0 53.0 
54.0 53.0 
54.0 53.0 
54.0 53.0 
54.0 53.0 
54.0 53.0 
54.0 53.0 
54.0 53.0 
54.0 53.0 
54.0 53.0 
54.0 53.0 
54.0 53.0 
54.0 53.0 
54.0 53.0 
54.0 53.0 
54.0 53.0 
54.0 53.0 
54.0 53.0 
54.0 53.0 
54.0 53.0 
54.0 53.0 
54.0 53.0 
54.0 53.0 
54.0 53.0 
54.0 53.0 
54.0 53.0 
54.0 53.0 
54.0 53.0 
54.0 53.0 
54.0 53.0 
54.0 53.0 
54.0 53.0 
18.0 14.0 
18.0 14.0 
18.0 14.0 
18.0 14.0 
18.0 14.0 
18.0 14.0 
18.0 14.0 
31.0 13.0 
31.0 13.0 
31.0 13.0 
31.0 13.0 
31.0 13.0 
31.0 13.0 
31.0 13.0 
31.0 13.0 
95.0 19.0 
54.0 43.0 
54.0 43.0 
13.0 4.0 
13.0 4.0 
64.0 6.0 
80.0 4.0 
80.0 4.0 
