80.0 79.0 
80.0 79.0 
80.0 79.0 
80.0 79.0 
80.0 79.0 
80.0 79.0 
80.0 79.0 
80.0 79.0 
80.0 79.0 
80.0 79.0 
80.0 79.0 
80.0 79.0 
80.0 79.0 
80.0 79.0 
80.0 79.0 
80.0 79.0 
80.0 79.0 
80.0 79.0 
80.0 79.0 
80.0 79.0 
80.0 79.0 
80.0 79.0 
80.0 79.0 
80.0 79.0 
80.0 79.0 
80.0 79.0 
80.0 79.0 
80.0 79.0 
80.0 79.0 
80.0 79.0 
80.0 79.0 
80.0 79.0 
80.0 79.0 
80.0 79.0 
80.0 79.0 
80.0 79.0 
80.0 79.0 
80.0 79.0 
80.0 79.0 
80.0 79.0 
80.0 79.0 
80.0 79.0 
80.0 79.0 
80.0 79.0 
80.0 79.0 
80.0 79.0 
80.0 79.0 
80.0 79.0 
80.0 79.0 
80.0 79.0 
80.0 79.0 
80.0 67.0 
80.0 67.0 
83.0 78.0 
29.0 3.0 
79.0 27.0 
82.0 12.0 
72.0 0.0 
67.0 24.0 
67.0 24.0 
