52.0 51.0 
52.0 51.0 
52.0 51.0 
52.0 51.0 
52.0 51.0 
52.0 51.0 
52.0 51.0 
52.0 51.0 
52.0 51.0 
52.0 51.0 
52.0 51.0 
52.0 51.0 
52.0 51.0 
52.0 51.0 
52.0 51.0 
52.0 51.0 
52.0 51.0 
52.0 51.0 
52.0 51.0 
52.0 51.0 
52.0 51.0 
52.0 51.0 
52.0 51.0 
52.0 51.0 
52.0 51.0 
52.0 51.0 
52.0 51.0 
52.0 51.0 
52.0 51.0 
52.0 51.0 
52.0 51.0 
52.0 51.0 
52.0 51.0 
52.0 51.0 
52.0 51.0 
52.0 51.0 
52.0 51.0 
52.0 51.0 
52.0 51.0 
52.0 51.0 
52.0 51.0 
52.0 51.0 
52.0 51.0 
56.0 32.0 
56.0 32.0 
56.0 32.0 
56.0 32.0 
56.0 32.0 
56.0 32.0 
57.0 12.0 
57.0 12.0 
57.0 12.0 
57.0 12.0 
57.0 12.0 
43.0 11.0 
77.0 17.0 
93.0 74.0 
86.0 54.0 
48.0 33.0 
48.0 33.0 
