56.0 55.0 
56.0 55.0 
56.0 55.0 
56.0 55.0 
56.0 55.0 
56.0 55.0 
56.0 55.0 
56.0 55.0 
56.0 55.0 
56.0 55.0 
56.0 55.0 
56.0 55.0 
56.0 55.0 
56.0 55.0 
56.0 55.0 
56.0 55.0 
56.0 55.0 
56.0 55.0 
56.0 55.0 
56.0 55.0 
56.0 55.0 
56.0 55.0 
56.0 55.0 
56.0 55.0 
56.0 55.0 
56.0 55.0 
56.0 55.0 
56.0 55.0 
56.0 55.0 
56.0 55.0 
56.0 55.0 
56.0 55.0 
56.0 55.0 
56.0 55.0 
56.0 55.0 
56.0 55.0 
56.0 55.0 
56.0 55.0 
56.0 55.0 
56.0 55.0 
56.0 55.0 
56.0 55.0 
56.0 55.0 
56.0 55.0 
56.0 55.0 
56.0 55.0 
60.0 35.0 
60.0 35.0 
60.0 35.0 
69.0 61.0 
69.0 61.0 
69.0 61.0 
85.0 38.0 
85.0 38.0 
12.0 1.0 
38.0 1.0 
90.0 58.0 
93.0 40.0 
89.0 76.0 
89.0 76.0 
