66.0 65.0 
66.0 65.0 
66.0 65.0 
66.0 65.0 
66.0 65.0 
66.0 65.0 
66.0 65.0 
66.0 65.0 
66.0 65.0 
66.0 65.0 
66.0 65.0 
66.0 65.0 
66.0 65.0 
66.0 65.0 
66.0 65.0 
66.0 65.0 
66.0 65.0 
66.0 65.0 
66.0 65.0 
66.0 65.0 
66.0 65.0 
66.0 65.0 
66.0 65.0 
66.0 65.0 
66.0 65.0 
66.0 65.0 
66.0 65.0 
66.0 65.0 
66.0 65.0 
66.0 65.0 
66.0 65.0 
66.0 65.0 
66.0 65.0 
66.0 65.0 
66.0 65.0 
66.0 65.0 
66.0 65.0 
80.0 41.0 
80.0 41.0 
80.0 41.0 
80.0 41.0 
46.0 40.0 
46.0 40.0 
46.0 40.0 
46.0 40.0 
46.0 40.0 
46.0 40.0 
46.0 40.0 
46.0 40.0 
46.0 40.0 
95.0 83.0 
95.0 83.0 
95.0 83.0 
95.0 83.0 
34.0 24.0 
38.0 26.0 
58.0 12.0 
83.0 56.0 
13.0 7.0 
13.0 7.0 
