38.0 37.0 
38.0 37.0 
38.0 37.0 
38.0 37.0 
38.0 37.0 
38.0 37.0 
38.0 37.0 
38.0 37.0 
38.0 37.0 
38.0 37.0 
38.0 37.0 
38.0 37.0 
38.0 37.0 
38.0 37.0 
38.0 37.0 
38.0 37.0 
89.0 45.0 
89.0 45.0 
89.0 45.0 
89.0 45.0 
89.0 45.0 
89.0 45.0 
89.0 45.0 
89.0 45.0 
89.0 45.0 
89.0 45.0 
89.0 45.0 
89.0 45.0 
89.0 45.0 
89.0 45.0 
89.0 45.0 
89.0 45.0 
89.0 45.0 
89.0 45.0 
89.0 45.0 
89.0 45.0 
89.0 45.0 
89.0 45.0 
89.0 45.0 
89.0 45.0 
89.0 45.0 
89.0 45.0 
89.0 45.0 
89.0 45.0 
89.0 45.0 
89.0 45.0 
89.0 45.0 
89.0 45.0 
89.0 45.0 
89.0 45.0 
89.0 45.0 
89.0 45.0 
64.0 18.0 
46.0 24.0 
82.0 22.0 
32.0 1.0 
54.0 5.0 
54.0 28.0 
37.0 36.0 
37.0 36.0 
