87.0 86.0 
87.0 86.0 
87.0 86.0 
87.0 86.0 
87.0 86.0 
87.0 86.0 
87.0 86.0 
87.0 86.0 
87.0 86.0 
87.0 86.0 
87.0 86.0 
87.0 86.0 
87.0 86.0 
87.0 86.0 
87.0 86.0 
87.0 86.0 
87.0 86.0 
87.0 86.0 
87.0 86.0 
87.0 86.0 
87.0 86.0 
87.0 86.0 
87.0 86.0 
87.0 86.0 
87.0 86.0 
87.0 86.0 
87.0 86.0 
87.0 86.0 
87.0 86.0 
87.0 86.0 
87.0 86.0 
87.0 86.0 
87.0 86.0 
87.0 86.0 
54.0 4.0 
54.0 4.0 
54.0 4.0 
97.0 58.0 
97.0 58.0 
97.0 58.0 
97.0 58.0 
97.0 58.0 
97.0 58.0 
97.0 58.0 
97.0 58.0 
97.0 58.0 
97.0 58.0 
97.0 58.0 
97.0 58.0 
97.0 58.0 
97.0 58.0 
79.0 48.0 
79.0 48.0 
79.0 48.0 
42.0 28.0 
48.0 8.0 
30.0 29.0 
36.0 13.0 
41.0 14.0 
41.0 14.0 
