79.0 78.0 
79.0 78.0 
79.0 78.0 
79.0 78.0 
79.0 78.0 
79.0 78.0 
79.0 78.0 
79.0 78.0 
79.0 78.0 
79.0 78.0 
79.0 78.0 
79.0 78.0 
79.0 78.0 
79.0 78.0 
79.0 78.0 
79.0 78.0 
79.0 78.0 
79.0 78.0 
79.0 78.0 
79.0 78.0 
79.0 78.0 
79.0 78.0 
79.0 78.0 
79.0 78.0 
79.0 78.0 
79.0 78.0 
79.0 78.0 
79.0 78.0 
79.0 78.0 
79.0 78.0 
79.0 78.0 
79.0 78.0 
79.0 78.0 
79.0 78.0 
79.0 78.0 
79.0 78.0 
79.0 78.0 
79.0 78.0 
79.0 78.0 
79.0 78.0 
79.0 78.0 
79.0 78.0 
64.0 61.0 
64.0 61.0 
64.0 61.0 
64.0 61.0 
21.0 13.0 
21.0 13.0 
21.0 13.0 
21.0 13.0 
21.0 13.0 
21.0 13.0 
21.0 13.0 
64.0 18.0 
20.0 3.0 
55.0 1.0 
16.0 8.0 
21.0 8.0 
84.0 0.0 
84.0 0.0 
