92.0 91.0 
92.0 91.0 
92.0 91.0 
92.0 91.0 
92.0 91.0 
92.0 91.0 
92.0 91.0 
92.0 91.0 
92.0 91.0 
92.0 91.0 
92.0 91.0 
92.0 91.0 
92.0 91.0 
92.0 91.0 
92.0 91.0 
92.0 91.0 
92.0 91.0 
92.0 91.0 
92.0 91.0 
92.0 91.0 
92.0 91.0 
92.0 91.0 
92.0 91.0 
92.0 91.0 
92.0 91.0 
92.0 91.0 
92.0 91.0 
92.0 91.0 
92.0 91.0 
92.0 91.0 
92.0 91.0 
68.0 57.0 
68.0 57.0 
68.0 57.0 
68.0 57.0 
68.0 57.0 
68.0 57.0 
68.0 57.0 
68.0 57.0 
68.0 57.0 
68.0 57.0 
68.0 57.0 
68.0 57.0 
68.0 57.0 
68.0 57.0 
68.0 57.0 
68.0 57.0 
68.0 57.0 
68.0 57.0 
68.0 57.0 
68.0 57.0 
68.0 57.0 
68.0 57.0 
68.0 57.0 
68.0 57.0 
68.0 57.0 
68.0 57.0 
68.0 57.0 
68.0 57.0 
68.0 57.0 
67.0 52.0 
67.0 52.0 
67.0 52.0 
67.0 52.0 
67.0 52.0 
67.0 52.0 
67.0 52.0 
67.0 52.0 
11.0 9.0 
11.0 9.0 
11.0 6.0 
31.0 20.0 
74.0 19.0 
74.0 19.0 
74.0 19.0 
67.0 54.0 
67.0 54.0 
33.0 21.0 
20.0 14.0 
20.0 14.0 
