61.0 60.0 
61.0 60.0 
61.0 60.0 
61.0 60.0 
61.0 60.0 
61.0 60.0 
61.0 60.0 
61.0 60.0 
61.0 60.0 
61.0 60.0 
61.0 60.0 
61.0 60.0 
61.0 60.0 
61.0 60.0 
61.0 60.0 
61.0 60.0 
61.0 60.0 
61.0 60.0 
61.0 60.0 
61.0 60.0 
61.0 60.0 
61.0 60.0 
61.0 60.0 
61.0 60.0 
61.0 60.0 
61.0 60.0 
61.0 60.0 
61.0 60.0 
61.0 60.0 
61.0 60.0 
61.0 60.0 
61.0 60.0 
61.0 60.0 
61.0 60.0 
61.0 60.0 
61.0 60.0 
61.0 60.0 
61.0 60.0 
61.0 60.0 
61.0 60.0 
47.0 21.0 
47.0 21.0 
47.0 21.0 
47.0 21.0 
47.0 21.0 
47.0 21.0 
47.0 21.0 
47.0 21.0 
47.0 21.0 
47.0 21.0 
47.0 21.0 
47.0 21.0 
47.0 21.0 
47.0 21.0 
47.0 21.0 
47.0 21.0 
47.0 21.0 
73.0 12.0 
73.0 12.0 
73.0 12.0 
73.0 12.0 
73.0 12.0 
73.0 12.0 
73.0 12.0 
73.0 12.0 
73.0 12.0 
73.0 12.0 
73.0 12.0 
73.0 12.0 
73.0 12.0 
73.0 12.0 
83.0 72.0 
83.0 72.0 
28.0 5.0 
95.0 28.0 
37.0 13.0 
77.0 30.0 
33.0 20.0 
37.0 33.0 
37.0 33.0 
