94.0 93.0 
94.0 93.0 
94.0 93.0 
94.0 93.0 
94.0 93.0 
94.0 93.0 
94.0 93.0 
94.0 93.0 
94.0 93.0 
94.0 93.0 
94.0 93.0 
94.0 93.0 
94.0 93.0 
94.0 93.0 
94.0 93.0 
94.0 93.0 
94.0 93.0 
94.0 93.0 
94.0 93.0 
94.0 93.0 
94.0 93.0 
94.0 93.0 
94.0 93.0 
94.0 93.0 
94.0 93.0 
94.0 93.0 
94.0 93.0 
94.0 93.0 
94.0 93.0 
94.0 93.0 
94.0 93.0 
94.0 93.0 
94.0 93.0 
81.0 14.0 
81.0 14.0 
81.0 14.0 
81.0 14.0 
81.0 14.0 
81.0 14.0 
81.0 14.0 
81.0 14.0 
81.0 14.0 
81.0 14.0 
81.0 14.0 
81.0 14.0 
81.0 14.0 
81.0 14.0 
81.0 14.0 
81.0 14.0 
81.0 14.0 
81.0 14.0 
76.0 10.0 
76.0 10.0 
76.0 10.0 
76.0 10.0 
76.0 10.0 
76.0 10.0 
76.0 10.0 
76.0 10.0 
76.0 10.0 
76.0 10.0 
76.0 10.0 
76.0 10.0 
76.0 10.0 
76.0 10.0 
76.0 10.0 
76.0 10.0 
76.0 10.0 
76.0 10.0 
13.0 6.0 
25.0 22.0 
75.0 44.0 
31.0 24.0 
62.0 55.0 
62.0 55.0 
62.0 55.0 
62.0 55.0 
64.0 29.0 
17.0 4.0 
17.0 4.0 
