64.0 63.0 
64.0 63.0 
64.0 63.0 
64.0 63.0 
64.0 63.0 
64.0 63.0 
64.0 63.0 
64.0 63.0 
64.0 63.0 
64.0 63.0 
64.0 63.0 
64.0 63.0 
64.0 63.0 
64.0 63.0 
64.0 63.0 
64.0 63.0 
64.0 63.0 
64.0 63.0 
64.0 63.0 
64.0 63.0 
64.0 63.0 
64.0 63.0 
64.0 63.0 
64.0 63.0 
64.0 63.0 
64.0 63.0 
64.0 63.0 
64.0 63.0 
64.0 63.0 
64.0 63.0 
64.0 63.0 
64.0 63.0 
64.0 63.0 
64.0 63.0 
64.0 63.0 
64.0 63.0 
64.0 63.0 
64.0 63.0 
64.0 63.0 
64.0 63.0 
55.0 42.0 
55.0 42.0 
55.0 42.0 
55.0 42.0 
55.0 42.0 
55.0 42.0 
55.0 42.0 
55.0 42.0 
55.0 42.0 
55.0 42.0 
55.0 42.0 
55.0 42.0 
55.0 42.0 
27.0 22.0 
27.0 22.0 
27.0 22.0 
93.0 17.0 
93.0 17.0 
93.0 17.0 
93.0 17.0 
24.0 16.0 
24.0 16.0 
24.0 16.0 
24.0 16.0 
24.0 16.0 
27.0 19.0 
27.0 19.0 
27.0 19.0 
27.0 19.0 
27.0 19.0 
27.0 19.0 
11.0 3.0 
67.0 47.0 
67.0 47.0 
67.0 47.0 
67.0 47.0 
67.0 47.0 
40.0 7.0 
48.0 20.0 
48.0 20.0 
