95.0 94.0 
95.0 94.0 
95.0 94.0 
95.0 94.0 
95.0 94.0 
95.0 94.0 
95.0 94.0 
95.0 94.0 
95.0 94.0 
95.0 94.0 
95.0 94.0 
95.0 94.0 
95.0 94.0 
95.0 94.0 
95.0 94.0 
95.0 94.0 
95.0 94.0 
95.0 94.0 
95.0 94.0 
95.0 94.0 
95.0 94.0 
95.0 94.0 
95.0 94.0 
95.0 94.0 
95.0 94.0 
95.0 94.0 
95.0 94.0 
95.0 94.0 
95.0 94.0 
95.0 94.0 
95.0 94.0 
95.0 94.0 
95.0 94.0 
95.0 94.0 
95.0 94.0 
95.0 94.0 
95.0 94.0 
95.0 94.0 
95.0 94.0 
95.0 94.0 
95.0 94.0 
95.0 94.0 
95.0 94.0 
95.0 94.0 
95.0 94.0 
95.0 94.0 
95.0 94.0 
95.0 94.0 
95.0 94.0 
95.0 94.0 
95.0 94.0 
95.0 94.0 
95.0 94.0 
17.0 15.0 
17.0 15.0 
17.0 15.0 
17.0 15.0 
11.0 2.0 
11.0 2.0 
11.0 2.0 
11.0 2.0 
11.0 2.0 
11.0 2.0 
11.0 2.0 
11.0 2.0 
11.0 2.0 
11.0 2.0 
11.0 2.0 
84.0 51.0 
84.0 51.0 
84.0 51.0 
84.0 51.0 
88.0 22.0 
88.0 22.0 
85.0 12.0 
79.0 44.0 
64.0 14.0 
72.0 55.0 
68.0 54.0 
68.0 54.0 
