35.0 34.0 
35.0 34.0 
67.0 42.0 
67.0 42.0 
67.0 42.0 
67.0 42.0 
67.0 42.0 
67.0 42.0 
67.0 42.0 
67.0 42.0 
67.0 42.0 
67.0 42.0 
67.0 42.0 
67.0 42.0 
67.0 42.0 
67.0 42.0 
67.0 42.0 
67.0 42.0 
67.0 42.0 
67.0 42.0 
67.0 42.0 
67.0 42.0 
67.0 42.0 
67.0 42.0 
67.0 42.0 
67.0 42.0 
67.0 42.0 
67.0 42.0 
67.0 42.0 
67.0 42.0 
66.0 16.0 
66.0 16.0 
66.0 16.0 
66.0 16.0 
66.0 16.0 
66.0 16.0 
66.0 16.0 
66.0 16.0 
66.0 16.0 
66.0 16.0 
66.0 16.0 
66.0 16.0 
66.0 16.0 
66.0 16.0 
66.0 16.0 
66.0 16.0 
66.0 16.0 
66.0 16.0 
66.0 16.0 
66.0 16.0 
66.0 16.0 
66.0 16.0 
66.0 16.0 
66.0 16.0 
66.0 16.0 
66.0 16.0 
66.0 16.0 
66.0 16.0 
66.0 16.0 
66.0 16.0 
66.0 16.0 
37.0 15.0 
37.0 15.0 
37.0 15.0 
37.0 15.0 
37.0 15.0 
37.0 15.0 
37.0 15.0 
37.0 15.0 
37.0 15.0 
37.0 15.0 
37.0 15.0 
37.0 15.0 
37.0 15.0 
37.0 15.0 
37.0 15.0 
37.0 15.0 
37.0 15.0 
37.0 15.0 
37.0 15.0 
