78.0 77.0 
78.0 77.0 
78.0 77.0 
78.0 77.0 
78.0 77.0 
78.0 77.0 
78.0 77.0 
78.0 77.0 
78.0 77.0 
78.0 77.0 
78.0 77.0 
78.0 77.0 
78.0 77.0 
78.0 77.0 
78.0 77.0 
78.0 77.0 
78.0 77.0 
78.0 77.0 
78.0 77.0 
78.0 77.0 
78.0 77.0 
78.0 77.0 
78.0 77.0 
78.0 77.0 
78.0 77.0 
78.0 77.0 
78.0 77.0 
78.0 77.0 
78.0 77.0 
78.0 77.0 
78.0 77.0 
78.0 77.0 
78.0 77.0 
78.0 77.0 
78.0 77.0 
78.0 77.0 
78.0 77.0 
78.0 77.0 
78.0 77.0 
78.0 77.0 
78.0 77.0 
78.0 77.0 
78.0 77.0 
78.0 77.0 
78.0 77.0 
78.0 77.0 
78.0 77.0 
78.0 77.0 
78.0 77.0 
78.0 77.0 
78.0 77.0 
78.0 77.0 
12.0 3.0 
12.0 3.0 
12.0 3.0 
12.0 3.0 
12.0 3.0 
12.0 3.0 
12.0 3.0 
12.0 3.0 
12.0 3.0 
12.0 3.0 
12.0 3.0 
12.0 3.0 
12.0 3.0 
12.0 3.0 
49.0 17.0 
49.0 17.0 
49.0 17.0 
49.0 17.0 
49.0 17.0 
49.0 17.0 
49.0 17.0 
49.0 17.0 
49.0 17.0 
49.0 17.0 
26.0 6.0 
26.0 6.0 
26.0 6.0 
26.0 6.0 
