29.0 28.0 
29.0 28.0 
29.0 28.0 
29.0 28.0 
29.0 28.0 
29.0 28.0 
29.0 28.0 
29.0 28.0 
29.0 28.0 
29.0 28.0 
29.0 28.0 
29.0 28.0 
29.0 28.0 
29.0 28.0 
29.0 28.0 
29.0 28.0 
29.0 28.0 
29.0 28.0 
29.0 28.0 
29.0 28.0 
29.0 28.0 
29.0 28.0 
29.0 28.0 
29.0 28.0 
29.0 28.0 
29.0 28.0 
29.0 28.0 
29.0 28.0 
29.0 28.0 
29.0 28.0 
29.0 28.0 
29.0 28.0 
29.0 28.0 
29.0 28.0 
29.0 28.0 
29.0 28.0 
29.0 28.0 
29.0 28.0 
20.0 12.0 
20.0 12.0 
20.0 12.0 
20.0 12.0 
20.0 12.0 
20.0 12.0 
20.0 12.0 
12.0 8.0 
12.0 8.0 
12.0 8.0 
12.0 8.0 
12.0 8.0 
12.0 8.0 
12.0 8.0 
12.0 8.0 
12.0 8.0 
12.0 8.0 
12.0 8.0 
12.0 8.0 
12.0 8.0 
12.0 8.0 
12.0 8.0 
12.0 8.0 
12.0 8.0 
12.0 8.0 
12.0 8.0 
12.0 8.0 
12.0 8.0 
12.0 8.0 
91.0 18.0 
91.0 18.0 
91.0 18.0 
91.0 18.0 
91.0 18.0 
91.0 18.0 
91.0 18.0 
91.0 18.0 
91.0 18.0 
91.0 18.0 
91.0 18.0 
91.0 18.0 
91.0 18.0 
