55.0 54.0 
55.0 54.0 
55.0 54.0 
55.0 54.0 
55.0 54.0 
55.0 54.0 
55.0 54.0 
55.0 54.0 
55.0 54.0 
55.0 54.0 
55.0 54.0 
55.0 54.0 
55.0 54.0 
55.0 54.0 
55.0 54.0 
55.0 54.0 
55.0 54.0 
55.0 54.0 
55.0 54.0 
55.0 54.0 
55.0 54.0 
55.0 54.0 
55.0 54.0 
55.0 54.0 
55.0 54.0 
55.0 54.0 
55.0 54.0 
55.0 54.0 
55.0 54.0 
55.0 54.0 
55.0 54.0 
55.0 54.0 
55.0 54.0 
55.0 54.0 
55.0 54.0 
55.0 54.0 
55.0 54.0 
55.0 54.0 
35.0 32.0 
35.0 32.0 
35.0 32.0 
35.0 32.0 
35.0 32.0 
35.0 32.0 
35.0 32.0 
35.0 32.0 
35.0 32.0 
35.0 32.0 
35.0 32.0 
35.0 32.0 
35.0 32.0 
35.0 32.0 
35.0 32.0 
35.0 32.0 
35.0 32.0 
35.0 32.0 
35.0 32.0 
35.0 32.0 
35.0 32.0 
35.0 32.0 
35.0 32.0 
35.0 32.0 
35.0 32.0 
35.0 32.0 
35.0 32.0 
35.0 32.0 
35.0 32.0 
35.0 32.0 
35.0 32.0 
35.0 32.0 
97.0 48.0 
97.0 48.0 
97.0 74.0 
97.0 74.0 
97.0 74.0 
97.0 74.0 
97.0 74.0 
97.0 74.0 
97.0 74.0 
97.0 74.0 
