63.0 62.0 
63.0 62.0 
63.0 62.0 
63.0 62.0 
63.0 62.0 
63.0 62.0 
63.0 62.0 
63.0 62.0 
63.0 62.0 
63.0 62.0 
63.0 62.0 
48.0 42.0 
48.0 42.0 
48.0 42.0 
48.0 42.0 
48.0 42.0 
48.0 42.0 
48.0 42.0 
48.0 42.0 
48.0 42.0 
48.0 42.0 
48.0 42.0 
48.0 42.0 
48.0 42.0 
48.0 42.0 
48.0 42.0 
48.0 42.0 
48.0 42.0 
48.0 42.0 
48.0 42.0 
48.0 42.0 
48.0 42.0 
48.0 42.0 
48.0 42.0 
48.0 42.0 
48.0 42.0 
48.0 42.0 
48.0 42.0 
48.0 42.0 
48.0 42.0 
48.0 42.0 
48.0 42.0 
48.0 42.0 
48.0 42.0 
48.0 42.0 
48.0 42.0 
48.0 42.0 
48.0 42.0 
48.0 42.0 
48.0 42.0 
48.0 42.0 
48.0 42.0 
48.0 42.0 
48.0 42.0 
48.0 42.0 
48.0 42.0 
48.0 42.0 
48.0 42.0 
48.0 42.0 
48.0 42.0 
48.0 42.0 
48.0 42.0 
48.0 42.0 
48.0 42.0 
48.0 42.0 
48.0 42.0 
48.0 42.0 
48.0 42.0 
48.0 42.0 
48.0 42.0 
48.0 42.0 
48.0 42.0 
48.0 42.0 
48.0 42.0 
48.0 42.0 
48.0 42.0 
70.0 5.0 
70.0 5.0 
17.0 2.0 
17.0 2.0 
