84.0 83.0 
84.0 83.0 
84.0 83.0 
84.0 83.0 
84.0 83.0 
84.0 83.0 
84.0 83.0 
84.0 83.0 
84.0 83.0 
84.0 83.0 
84.0 83.0 
84.0 83.0 
84.0 83.0 
84.0 83.0 
84.0 83.0 
84.0 83.0 
84.0 83.0 
84.0 83.0 
84.0 83.0 
84.0 83.0 
84.0 83.0 
84.0 83.0 
84.0 83.0 
84.0 83.0 
84.0 83.0 
84.0 83.0 
84.0 83.0 
84.0 83.0 
84.0 83.0 
84.0 83.0 
84.0 83.0 
84.0 83.0 
84.0 83.0 
84.0 83.0 
84.0 83.0 
84.0 83.0 
84.0 83.0 
84.0 83.0 
84.0 83.0 
84.0 83.0 
84.0 83.0 
84.0 83.0 
84.0 83.0 
84.0 83.0 
84.0 83.0 
84.0 83.0 
84.0 83.0 
84.0 83.0 
84.0 83.0 
84.0 83.0 
84.0 83.0 
84.0 83.0 
84.0 83.0 
84.0 83.0 
84.0 83.0 
84.0 83.0 
84.0 83.0 
45.0 20.0 
45.0 20.0 
45.0 20.0 
45.0 20.0 
45.0 20.0 
45.0 20.0 
29.0 25.0 
15.0 2.0 
15.0 2.0 
15.0 2.0 
15.0 2.0 
15.0 2.0 
15.0 2.0 
50.0 27.0 
50.0 27.0 
50.0 27.0 
50.0 27.0 
50.0 27.0 
50.0 27.0 
50.0 27.0 
50.0 27.0 
50.0 27.0 
50.0 27.0 
