76.0 75.0 
76.0 75.0 
76.0 75.0 
76.0 75.0 
76.0 75.0 
76.0 75.0 
22.0 18.0 
22.0 18.0 
22.0 18.0 
22.0 18.0 
22.0 18.0 
22.0 18.0 
22.0 18.0 
22.0 18.0 
22.0 18.0 
22.0 18.0 
22.0 18.0 
22.0 18.0 
22.0 18.0 
22.0 18.0 
22.0 18.0 
22.0 18.0 
22.0 18.0 
22.0 18.0 
22.0 18.0 
22.0 18.0 
22.0 18.0 
22.0 18.0 
22.0 18.0 
74.0 19.0 
74.0 19.0 
74.0 19.0 
74.0 19.0 
74.0 19.0 
74.0 19.0 
74.0 19.0 
74.0 19.0 
74.0 19.0 
74.0 19.0 
74.0 19.0 
74.0 19.0 
74.0 19.0 
74.0 19.0 
74.0 19.0 
74.0 19.0 
74.0 19.0 
74.0 19.0 
74.0 19.0 
74.0 19.0 
74.0 19.0 
74.0 19.0 
74.0 19.0 
74.0 19.0 
74.0 19.0 
74.0 19.0 
74.0 19.0 
74.0 19.0 
74.0 19.0 
74.0 19.0 
74.0 19.0 
74.0 19.0 
74.0 19.0 
74.0 19.0 
74.0 19.0 
74.0 19.0 
74.0 19.0 
74.0 19.0 
74.0 19.0 
74.0 19.0 
74.0 19.0 
74.0 19.0 
74.0 19.0 
74.0 19.0 
74.0 19.0 
74.0 19.0 
22.0 18.0 
22.0 18.0 
22.0 18.0 
15.0 1.0 
15.0 1.0 
