11.0 10.0 
11.0 10.0 
11.0 10.0 
11.0 10.0 
11.0 10.0 
11.0 10.0 
11.0 10.0 
11.0 10.0 
11.0 10.0 
11.0 10.0 
11.0 10.0 
11.0 10.0 
11.0 10.0 
11.0 10.0 
11.0 10.0 
11.0 10.0 
11.0 10.0 
11.0 10.0 
11.0 10.0 
11.0 10.0 
11.0 10.0 
11.0 10.0 
11.0 10.0 
11.0 10.0 
11.0 10.0 
11.0 10.0 
11.0 10.0 
11.0 10.0 
11.0 10.0 
11.0 10.0 
11.0 10.0 
11.0 10.0 
11.0 10.0 
11.0 10.0 
11.0 10.0 
11.0 10.0 
11.0 10.0 
11.0 10.0 
11.0 10.0 
11.0 10.0 
11.0 10.0 
11.0 10.0 
11.0 10.0 
11.0 10.0 
11.0 10.0 
11.0 10.0 
11.0 10.0 
11.0 10.0 
11.0 10.0 
11.0 10.0 
11.0 10.0 
11.0 10.0 
11.0 10.0 
11.0 10.0 
11.0 10.0 
11.0 10.0 
11.0 10.0 
11.0 10.0 
11.0 10.0 
11.0 10.0 
11.0 10.0 
11.0 10.0 
11.0 10.0 
11.0 10.0 
11.0 10.0 
11.0 10.0 
11.0 10.0 
11.0 10.0 
11.0 10.0 
50.0 28.0 
50.0 28.0 
80.0 51.0 
80.0 51.0 
80.0 51.0 
62.0 55.0 
62.0 55.0 
90.0 70.0 
90.0 70.0 
90.0 70.0 
90.0 70.0 
