69.0 68.0 
69.0 68.0 
69.0 68.0 
69.0 68.0 
69.0 68.0 
69.0 68.0 
69.0 68.0 
69.0 68.0 
69.0 68.0 
69.0 68.0 
69.0 68.0 
69.0 68.0 
69.0 68.0 
69.0 68.0 
69.0 68.0 
69.0 68.0 
69.0 68.0 
69.0 68.0 
69.0 68.0 
69.0 68.0 
69.0 68.0 
69.0 68.0 
69.0 68.0 
69.0 68.0 
69.0 68.0 
69.0 68.0 
69.0 68.0 
69.0 68.0 
69.0 68.0 
69.0 68.0 
69.0 68.0 
69.0 68.0 
69.0 68.0 
69.0 68.0 
69.0 68.0 
69.0 68.0 
69.0 68.0 
69.0 68.0 
69.0 68.0 
69.0 68.0 
69.0 68.0 
69.0 68.0 
69.0 68.0 
69.0 68.0 
35.0 34.0 
35.0 34.0 
35.0 34.0 
35.0 34.0 
35.0 34.0 
35.0 34.0 
35.0 34.0 
35.0 34.0 
35.0 34.0 
35.0 34.0 
35.0 34.0 
35.0 34.0 
35.0 34.0 
35.0 34.0 
35.0 34.0 
35.0 34.0 
35.0 34.0 
35.0 34.0 
35.0 34.0 
35.0 34.0 
35.0 34.0 
35.0 34.0 
35.0 34.0 
35.0 34.0 
35.0 34.0 
35.0 34.0 
35.0 34.0 
35.0 34.0 
35.0 34.0 
35.0 34.0 
35.0 34.0 
90.0 10.0 
100.0 88.0 
100.0 88.0 
84.0 47.0 
84.0 47.0 
