40.0 39.0 
40.0 39.0 
40.0 39.0 
40.0 39.0 
40.0 39.0 
40.0 39.0 
40.0 39.0 
40.0 39.0 
40.0 39.0 
40.0 39.0 
40.0 39.0 
40.0 39.0 
40.0 39.0 
40.0 39.0 
40.0 39.0 
40.0 39.0 
40.0 39.0 
40.0 39.0 
40.0 39.0 
40.0 39.0 
40.0 39.0 
40.0 39.0 
40.0 39.0 
40.0 39.0 
40.0 39.0 
40.0 39.0 
40.0 39.0 
40.0 39.0 
40.0 39.0 
40.0 39.0 
40.0 39.0 
40.0 39.0 
40.0 39.0 
40.0 39.0 
40.0 39.0 
40.0 39.0 
40.0 39.0 
40.0 39.0 
40.0 39.0 
40.0 39.0 
40.0 39.0 
40.0 39.0 
40.0 39.0 
40.0 39.0 
40.0 39.0 
40.0 39.0 
40.0 39.0 
40.0 39.0 
40.0 39.0 
40.0 39.0 
40.0 39.0 
40.0 39.0 
40.0 39.0 
40.0 39.0 
40.0 39.0 
40.0 39.0 
40.0 39.0 
46.0 0.0 
46.0 0.0 
46.0 0.0 
46.0 0.0 
46.0 0.0 
46.0 0.0 
46.0 0.0 
46.0 0.0 
46.0 0.0 
46.0 0.0 
46.0 0.0 
46.0 0.0 
46.0 0.0 
46.0 0.0 
46.0 0.0 
46.0 0.0 
46.0 0.0 
46.0 0.0 
33.0 29.0 
44.0 3.0 
18.0 16.0 
18.0 16.0 
18.0 16.0 
