30.0 29.0 
30.0 29.0 
30.0 29.0 
30.0 29.0 
30.0 29.0 
30.0 29.0 
30.0 29.0 
30.0 29.0 
30.0 29.0 
30.0 29.0 
30.0 29.0 
30.0 29.0 
30.0 29.0 
30.0 29.0 
30.0 29.0 
30.0 29.0 
30.0 29.0 
30.0 29.0 
30.0 29.0 
30.0 29.0 
30.0 29.0 
30.0 29.0 
30.0 29.0 
30.0 29.0 
30.0 29.0 
30.0 29.0 
30.0 29.0 
30.0 29.0 
30.0 29.0 
30.0 29.0 
30.0 29.0 
30.0 29.0 
30.0 29.0 
30.0 29.0 
30.0 29.0 
30.0 29.0 
30.0 29.0 
30.0 29.0 
30.0 29.0 
30.0 29.0 
30.0 29.0 
30.0 29.0 
30.0 29.0 
30.0 29.0 
30.0 29.0 
30.0 29.0 
30.0 29.0 
30.0 29.0 
30.0 29.0 
30.0 29.0 
30.0 29.0 
30.0 29.0 
30.0 29.0 
30.0 29.0 
30.0 29.0 
30.0 29.0 
30.0 29.0 
30.0 29.0 
30.0 29.0 
30.0 29.0 
30.0 29.0 
30.0 29.0 
30.0 29.0 
30.0 29.0 
23.0 20.0 
23.0 20.0 
23.0 20.0 
23.0 20.0 
98.0 53.0 
59.0 57.0 
59.0 57.0 
59.0 57.0 
95.0 69.0 
95.0 69.0 
67.0 46.0 
67.0 46.0 
67.0 46.0 
67.0 46.0 
67.0 46.0 
67.0 46.0 
