17.0 16.0 
17.0 16.0 
17.0 16.0 
17.0 16.0 
17.0 16.0 
17.0 16.0 
17.0 16.0 
17.0 16.0 
17.0 16.0 
17.0 16.0 
17.0 16.0 
17.0 16.0 
17.0 16.0 
17.0 16.0 
17.0 16.0 
17.0 16.0 
17.0 16.0 
17.0 16.0 
17.0 16.0 
17.0 16.0 
17.0 16.0 
17.0 16.0 
17.0 16.0 
17.0 16.0 
17.0 16.0 
17.0 16.0 
17.0 16.0 
17.0 16.0 
17.0 16.0 
17.0 16.0 
17.0 16.0 
17.0 16.0 
17.0 16.0 
17.0 16.0 
17.0 16.0 
17.0 16.0 
17.0 16.0 
17.0 16.0 
17.0 16.0 
17.0 16.0 
17.0 16.0 
17.0 16.0 
17.0 16.0 
17.0 16.0 
17.0 16.0 
17.0 16.0 
17.0 16.0 
17.0 16.0 
17.0 16.0 
17.0 16.0 
17.0 16.0 
17.0 16.0 
17.0 16.0 
17.0 16.0 
17.0 16.0 
17.0 16.0 
17.0 16.0 
17.0 16.0 
17.0 16.0 
17.0 16.0 
17.0 16.0 
17.0 16.0 
98.0 25.0 
36.0 3.0 
36.0 3.0 
36.0 3.0 
81.0 50.0 
81.0 50.0 
51.0 36.0 
44.0 14.0 
44.0 14.0 
44.0 14.0 
44.0 14.0 
44.0 14.0 
44.0 14.0 
44.0 14.0 
44.0 14.0 
44.0 14.0 
44.0 14.0 
44.0 14.0 
