44.0 43.0 
44.0 43.0 
44.0 43.0 
44.0 43.0 
44.0 43.0 
44.0 43.0 
44.0 43.0 
44.0 43.0 
44.0 43.0 
44.0 43.0 
44.0 43.0 
44.0 43.0 
44.0 43.0 
44.0 43.0 
44.0 43.0 
44.0 43.0 
44.0 43.0 
44.0 43.0 
44.0 43.0 
44.0 43.0 
44.0 43.0 
44.0 43.0 
44.0 43.0 
44.0 43.0 
70.0 19.0 
70.0 19.0 
70.0 19.0 
70.0 19.0 
70.0 19.0 
70.0 19.0 
70.0 19.0 
70.0 19.0 
70.0 19.0 
70.0 19.0 
70.0 19.0 
70.0 19.0 
70.0 19.0 
70.0 19.0 
70.0 19.0 
70.0 19.0 
70.0 19.0 
70.0 19.0 
70.0 19.0 
70.0 19.0 
70.0 19.0 
70.0 19.0 
70.0 19.0 
70.0 19.0 
70.0 19.0 
70.0 19.0 
70.0 19.0 
70.0 19.0 
70.0 19.0 
70.0 19.0 
70.0 19.0 
70.0 19.0 
70.0 19.0 
70.0 19.0 
70.0 19.0 
70.0 19.0 
70.0 19.0 
70.0 19.0 
70.0 19.0 
70.0 19.0 
70.0 19.0 
70.0 19.0 
70.0 19.0 
70.0 19.0 
70.0 19.0 
70.0 19.0 
70.0 19.0 
70.0 19.0 
70.0 19.0 
70.0 19.0 
70.0 19.0 
69.0 29.0 
44.0 37.0 
29.0 16.0 
23.0 9.0 
23.0 9.0 
