18.0 17.0 
18.0 17.0 
18.0 17.0 
18.0 17.0 
18.0 17.0 
18.0 17.0 
18.0 17.0 
38.0 15.0 
38.0 15.0 
38.0 15.0 
38.0 15.0 
38.0 15.0 
38.0 15.0 
38.0 15.0 
38.0 15.0 
38.0 15.0 
38.0 15.0 
38.0 15.0 
38.0 15.0 
38.0 15.0 
38.0 15.0 
38.0 15.0 
38.0 15.0 
38.0 15.0 
38.0 15.0 
38.0 15.0 
38.0 15.0 
38.0 15.0 
38.0 15.0 
38.0 15.0 
38.0 15.0 
38.0 15.0 
38.0 15.0 
38.0 15.0 
38.0 15.0 
38.0 15.0 
38.0 15.0 
38.0 15.0 
38.0 15.0 
38.0 15.0 
38.0 15.0 
38.0 15.0 
38.0 15.0 
38.0 15.0 
38.0 15.0 
38.0 15.0 
38.0 15.0 
38.0 15.0 
40.0 25.0 
40.0 25.0 
40.0 25.0 
40.0 25.0 
40.0 25.0 
40.0 25.0 
40.0 25.0 
40.0 25.0 
40.0 25.0 
40.0 25.0 
40.0 25.0 
40.0 25.0 
40.0 25.0 
79.0 50.0 
79.0 50.0 
79.0 50.0 
79.0 50.0 
79.0 50.0 
79.0 50.0 
79.0 50.0 
78.0 57.0 
88.0 9.0 
88.0 9.0 
88.0 9.0 
88.0 9.0 
88.0 9.0 
88.0 9.0 
88.0 9.0 
88.0 9.0 
88.0 9.0 
88.0 9.0 
88.0 9.0 
