85.0 84.0 
85.0 84.0 
85.0 84.0 
85.0 84.0 
85.0 84.0 
85.0 84.0 
85.0 84.0 
85.0 84.0 
85.0 84.0 
85.0 84.0 
85.0 84.0 
85.0 84.0 
85.0 84.0 
85.0 84.0 
85.0 84.0 
85.0 84.0 
85.0 84.0 
85.0 84.0 
85.0 84.0 
50.0 46.0 
50.0 46.0 
50.0 46.0 
50.0 46.0 
50.0 46.0 
50.0 46.0 
50.0 46.0 
50.0 46.0 
50.0 46.0 
50.0 46.0 
50.0 46.0 
50.0 46.0 
50.0 46.0 
50.0 46.0 
50.0 46.0 
50.0 46.0 
50.0 46.0 
50.0 46.0 
50.0 46.0 
50.0 46.0 
50.0 46.0 
50.0 46.0 
50.0 46.0 
50.0 46.0 
50.0 46.0 
50.0 46.0 
50.0 46.0 
50.0 46.0 
50.0 46.0 
50.0 46.0 
50.0 46.0 
50.0 46.0 
50.0 46.0 
50.0 46.0 
50.0 46.0 
50.0 46.0 
50.0 46.0 
50.0 46.0 
36.0 16.0 
36.0 16.0 
36.0 16.0 
36.0 16.0 
36.0 16.0 
36.0 16.0 
36.0 16.0 
36.0 16.0 
80.0 31.0 
80.0 31.0 
80.0 31.0 
80.0 31.0 
80.0 31.0 
80.0 31.0 
85.0 40.0 
46.0 15.0 
46.0 15.0 
46.0 15.0 
46.0 15.0 
46.0 15.0 
46.0 15.0 
46.0 15.0 
46.0 15.0 
