32.0 31.0 
32.0 31.0 
32.0 31.0 
32.0 31.0 
32.0 31.0 
32.0 31.0 
32.0 31.0 
32.0 31.0 
32.0 31.0 
32.0 31.0 
32.0 31.0 
32.0 31.0 
32.0 31.0 
32.0 31.0 
32.0 31.0 
32.0 31.0 
32.0 31.0 
32.0 31.0 
32.0 31.0 
32.0 31.0 
32.0 31.0 
32.0 31.0 
32.0 31.0 
32.0 31.0 
32.0 31.0 
32.0 31.0 
32.0 31.0 
32.0 31.0 
32.0 31.0 
32.0 31.0 
32.0 31.0 
32.0 31.0 
32.0 31.0 
32.0 31.0 
32.0 31.0 
32.0 31.0 
32.0 31.0 
32.0 31.0 
32.0 31.0 
32.0 31.0 
32.0 31.0 
32.0 31.0 
32.0 31.0 
32.0 31.0 
32.0 31.0 
32.0 31.0 
32.0 31.0 
32.0 31.0 
32.0 31.0 
32.0 31.0 
32.0 31.0 
32.0 31.0 
32.0 31.0 
32.0 31.0 
32.0 31.0 
32.0 31.0 
32.0 31.0 
32.0 31.0 
32.0 31.0 
32.0 31.0 
32.0 31.0 
32.0 31.0 
32.0 31.0 
32.0 31.0 
32.0 31.0 
32.0 31.0 
32.0 31.0 
32.0 31.0 
32.0 31.0 
32.0 31.0 
18.0 15.0 
18.0 15.0 
18.0 15.0 
18.0 15.0 
92.0 30.0 
39.0 36.0 
15.0 6.0 
16.0 0.0 
41.0 18.0 
41.0 18.0 
