72.0 71.0 
72.0 71.0 
68.0 13.0 
68.0 13.0 
68.0 13.0 
68.0 13.0 
68.0 13.0 
68.0 13.0 
68.0 13.0 
68.0 13.0 
68.0 13.0 
68.0 13.0 
68.0 13.0 
68.0 13.0 
68.0 13.0 
68.0 13.0 
68.0 13.0 
68.0 13.0 
68.0 13.0 
68.0 13.0 
90.0 33.0 
90.0 33.0 
90.0 33.0 
90.0 33.0 
90.0 33.0 
90.0 33.0 
90.0 33.0 
90.0 33.0 
90.0 33.0 
90.0 33.0 
90.0 33.0 
90.0 33.0 
90.0 33.0 
90.0 33.0 
81.0 63.0 
81.0 63.0 
81.0 63.0 
81.0 63.0 
81.0 63.0 
81.0 63.0 
81.0 63.0 
81.0 63.0 
81.0 63.0 
81.0 63.0 
81.0 63.0 
81.0 63.0 
81.0 63.0 
81.0 63.0 
81.0 63.0 
50.0 15.0 
50.0 15.0 
50.0 15.0 
60.0 25.0 
60.0 25.0 
60.0 25.0 
60.0 25.0 
60.0 25.0 
60.0 25.0 
60.0 25.0 
60.0 25.0 
60.0 25.0 
60.0 25.0 
60.0 25.0 
60.0 25.0 
60.0 25.0 
60.0 25.0 
60.0 25.0 
60.0 25.0 
60.0 25.0 
60.0 25.0 
60.0 25.0 
60.0 25.0 
60.0 25.0 
24.0 5.0 
24.0 5.0 
24.0 5.0 
24.0 5.0 
24.0 5.0 
24.0 5.0 
24.0 5.0 
