49.0 48.0 
49.0 48.0 
49.0 48.0 
49.0 48.0 
49.0 48.0 
49.0 48.0 
49.0 48.0 
49.0 48.0 
49.0 48.0 
49.0 48.0 
49.0 48.0 
49.0 48.0 
49.0 48.0 
49.0 48.0 
49.0 48.0 
49.0 48.0 
49.0 48.0 
49.0 48.0 
49.0 48.0 
49.0 48.0 
49.0 48.0 
49.0 48.0 
49.0 48.0 
49.0 48.0 
49.0 48.0 
49.0 48.0 
49.0 48.0 
49.0 48.0 
49.0 48.0 
49.0 48.0 
49.0 48.0 
49.0 48.0 
49.0 48.0 
49.0 48.0 
49.0 48.0 
49.0 48.0 
49.0 48.0 
49.0 48.0 
49.0 48.0 
49.0 48.0 
49.0 48.0 
49.0 48.0 
49.0 48.0 
49.0 48.0 
49.0 48.0 
49.0 48.0 
49.0 48.0 
22.0 1.0 
22.0 1.0 
22.0 1.0 
22.0 1.0 
22.0 1.0 
22.0 1.0 
22.0 1.0 
22.0 1.0 
22.0 1.0 
22.0 1.0 
22.0 1.0 
22.0 1.0 
22.0 1.0 
22.0 1.0 
22.0 1.0 
22.0 1.0 
22.0 1.0 
22.0 1.0 
22.0 1.0 
22.0 1.0 
22.0 1.0 
22.0 1.0 
22.0 1.0 
22.0 1.0 
66.0 8.0 
65.0 52.0 
65.0 52.0 
65.0 52.0 
65.0 52.0 
71.0 45.0 
54.0 8.0 
52.0 46.0 
52.0 46.0 
