72.0 71.0 
72.0 71.0 
72.0 71.0 
72.0 71.0 
72.0 71.0 
72.0 71.0 
72.0 71.0 
72.0 71.0 
72.0 71.0 
72.0 71.0 
72.0 71.0 
72.0 71.0 
72.0 71.0 
72.0 71.0 
72.0 71.0 
72.0 71.0 
72.0 71.0 
72.0 71.0 
72.0 71.0 
72.0 71.0 
72.0 71.0 
72.0 71.0 
72.0 71.0 
72.0 71.0 
72.0 71.0 
72.0 71.0 
72.0 71.0 
72.0 71.0 
72.0 71.0 
72.0 71.0 
72.0 71.0 
72.0 71.0 
72.0 71.0 
72.0 71.0 
72.0 71.0 
72.0 71.0 
72.0 71.0 
72.0 71.0 
72.0 71.0 
72.0 71.0 
72.0 71.0 
72.0 71.0 
72.0 71.0 
72.0 71.0 
72.0 71.0 
72.0 71.0 
72.0 71.0 
72.0 71.0 
72.0 71.0 
72.0 71.0 
72.0 71.0 
87.0 10.0 
87.0 10.0 
87.0 10.0 
74.0 15.0 
74.0 15.0 
80.0 14.0 
80.0 14.0 
80.0 14.0 
80.0 14.0 
80.0 14.0 
80.0 14.0 
80.0 14.0 
80.0 14.0 
80.0 14.0 
80.0 14.0 
80.0 14.0 
80.0 14.0 
52.0 22.0 
52.0 22.0 
52.0 22.0 
52.0 22.0 
23.0 9.0 
23.0 9.0 
72.0 55.0 
72.0 55.0 
72.0 55.0 
72.0 55.0 
72.0 55.0 
72.0 55.0 
