69.0 68.0 
69.0 68.0 
69.0 68.0 
69.0 68.0 
69.0 68.0 
69.0 68.0 
69.0 68.0 
69.0 68.0 
69.0 68.0 
69.0 68.0 
69.0 68.0 
69.0 68.0 
69.0 68.0 
69.0 68.0 
69.0 68.0 
69.0 68.0 
69.0 68.0 
69.0 68.0 
69.0 68.0 
52.0 48.0 
52.0 48.0 
52.0 48.0 
52.0 48.0 
52.0 48.0 
52.0 48.0 
52.0 48.0 
52.0 48.0 
52.0 48.0 
52.0 48.0 
52.0 48.0 
52.0 48.0 
52.0 48.0 
52.0 48.0 
52.0 48.0 
52.0 48.0 
52.0 48.0 
52.0 48.0 
52.0 48.0 
52.0 48.0 
52.0 48.0 
52.0 48.0 
52.0 48.0 
52.0 48.0 
52.0 48.0 
52.0 48.0 
52.0 48.0 
52.0 48.0 
52.0 48.0 
52.0 48.0 
52.0 48.0 
52.0 48.0 
52.0 48.0 
52.0 48.0 
52.0 48.0 
52.0 48.0 
52.0 48.0 
52.0 48.0 
52.0 48.0 
52.0 48.0 
52.0 48.0 
52.0 48.0 
52.0 48.0 
52.0 48.0 
52.0 48.0 
52.0 48.0 
52.0 48.0 
70.0 18.0 
70.0 18.0 
70.0 18.0 
70.0 18.0 
70.0 18.0 
70.0 18.0 
70.0 18.0 
70.0 18.0 
70.0 18.0 
24.0 22.0 
96.0 44.0 
44.0 12.0 
49.0 24.0 
49.0 24.0 
