100.0 99.0 
100.0 99.0 
100.0 99.0 
100.0 99.0 
100.0 99.0 
100.0 99.0 
100.0 99.0 
100.0 99.0 
100.0 99.0 
100.0 99.0 
100.0 99.0 
100.0 99.0 
100.0 99.0 
100.0 99.0 
100.0 99.0 
100.0 99.0 
100.0 99.0 
100.0 99.0 
100.0 99.0 
100.0 99.0 
100.0 99.0 
100.0 99.0 
100.0 99.0 
100.0 99.0 
100.0 99.0 
100.0 99.0 
100.0 99.0 
36.0 28.0 
36.0 28.0 
36.0 28.0 
36.0 28.0 
36.0 28.0 
36.0 28.0 
36.0 28.0 
36.0 28.0 
36.0 28.0 
36.0 28.0 
36.0 28.0 
90.0 30.0 
90.0 30.0 
90.0 30.0 
90.0 30.0 
90.0 30.0 
90.0 30.0 
90.0 30.0 
90.0 30.0 
90.0 30.0 
90.0 30.0 
90.0 30.0 
90.0 30.0 
90.0 30.0 
90.0 30.0 
90.0 30.0 
90.0 30.0 
90.0 30.0 
90.0 30.0 
86.0 22.0 
86.0 22.0 
86.0 22.0 
86.0 22.0 
86.0 22.0 
86.0 22.0 
86.0 22.0 
86.0 22.0 
86.0 22.0 
86.0 22.0 
86.0 22.0 
89.0 8.0 
89.0 8.0 
89.0 8.0 
89.0 8.0 
89.0 8.0 
89.0 8.0 
89.0 8.0 
89.0 8.0 
89.0 8.0 
83.0 13.0 
55.0 40.0 
13.0 1.0 
13.0 1.0 
