31.0 30.0 
31.0 30.0 
31.0 30.0 
31.0 30.0 
31.0 30.0 
31.0 30.0 
31.0 30.0 
31.0 30.0 
31.0 30.0 
31.0 30.0 
31.0 30.0 
31.0 30.0 
31.0 30.0 
31.0 30.0 
31.0 30.0 
31.0 30.0 
31.0 30.0 
31.0 30.0 
31.0 30.0 
31.0 30.0 
31.0 30.0 
31.0 30.0 
31.0 30.0 
31.0 30.0 
31.0 30.0 
31.0 30.0 
31.0 30.0 
31.0 30.0 
31.0 30.0 
31.0 30.0 
31.0 30.0 
31.0 30.0 
31.0 30.0 
31.0 30.0 
31.0 30.0 
31.0 30.0 
31.0 30.0 
31.0 30.0 
31.0 30.0 
31.0 30.0 
31.0 30.0 
31.0 30.0 
31.0 9.0 
31.0 9.0 
31.0 9.0 
31.0 9.0 
31.0 9.0 
31.0 9.0 
31.0 9.0 
31.0 9.0 
31.0 9.0 
31.0 9.0 
31.0 9.0 
31.0 9.0 
31.0 9.0 
31.0 9.0 
31.0 9.0 
31.0 9.0 
31.0 9.0 
31.0 9.0 
31.0 9.0 
31.0 9.0 
66.0 48.0 
66.0 48.0 
66.0 48.0 
66.0 48.0 
66.0 48.0 
66.0 48.0 
84.0 7.0 
31.0 18.0 
31.0 18.0 
31.0 18.0 
31.0 18.0 
31.0 18.0 
31.0 18.0 
34.0 18.0 
34.0 18.0 
84.0 5.0 
59.0 16.0 
59.0 16.0 
