90.0 89.0 
90.0 89.0 
90.0 89.0 
90.0 89.0 
90.0 89.0 
90.0 89.0 
90.0 89.0 
90.0 89.0 
90.0 89.0 
90.0 89.0 
90.0 89.0 
90.0 89.0 
90.0 89.0 
90.0 89.0 
90.0 89.0 
90.0 89.0 
90.0 89.0 
90.0 89.0 
90.0 89.0 
90.0 89.0 
90.0 89.0 
90.0 89.0 
90.0 89.0 
90.0 89.0 
90.0 89.0 
90.0 89.0 
90.0 89.0 
90.0 89.0 
90.0 89.0 
90.0 89.0 
90.0 89.0 
90.0 89.0 
90.0 89.0 
90.0 89.0 
90.0 89.0 
90.0 89.0 
90.0 89.0 
90.0 89.0 
90.0 89.0 
90.0 89.0 
90.0 89.0 
90.0 89.0 
90.0 89.0 
90.0 89.0 
90.0 89.0 
90.0 89.0 
90.0 89.0 
90.0 89.0 
90.0 89.0 
90.0 89.0 
90.0 89.0 
90.0 89.0 
90.0 89.0 
90.0 89.0 
90.0 89.0 
90.0 89.0 
90.0 89.0 
90.0 89.0 
90.0 89.0 
90.0 89.0 
90.0 89.0 
90.0 89.0 
90.0 89.0 
90.0 89.0 
90.0 89.0 
90.0 89.0 
90.0 89.0 
90.0 89.0 
78.0 59.0 
78.0 59.0 
78.0 59.0 
78.0 59.0 
82.0 35.0 
82.0 35.0 
51.0 1.0 
66.0 40.0 
48.0 43.0 
87.0 19.0 
23.0 15.0 
23.0 15.0 
