88.0 87.0 
88.0 87.0 
88.0 87.0 
88.0 87.0 
88.0 87.0 
88.0 87.0 
88.0 87.0 
88.0 87.0 
88.0 87.0 
88.0 87.0 
93.0 82.0 
93.0 82.0 
93.0 82.0 
93.0 82.0 
93.0 82.0 
93.0 82.0 
93.0 82.0 
93.0 82.0 
93.0 82.0 
93.0 82.0 
93.0 82.0 
93.0 82.0 
93.0 82.0 
93.0 82.0 
93.0 82.0 
93.0 82.0 
93.0 82.0 
93.0 82.0 
93.0 82.0 
93.0 82.0 
93.0 82.0 
93.0 82.0 
93.0 82.0 
93.0 82.0 
93.0 82.0 
93.0 82.0 
93.0 82.0 
93.0 82.0 
93.0 82.0 
93.0 82.0 
93.0 82.0 
93.0 82.0 
93.0 82.0 
93.0 82.0 
93.0 82.0 
93.0 82.0 
93.0 82.0 
93.0 82.0 
93.0 82.0 
93.0 82.0 
93.0 82.0 
93.0 82.0 
93.0 82.0 
93.0 82.0 
93.0 82.0 
93.0 82.0 
93.0 82.0 
93.0 82.0 
93.0 82.0 
93.0 82.0 
93.0 82.0 
93.0 82.0 
93.0 82.0 
93.0 82.0 
93.0 82.0 
93.0 82.0 
84.0 30.0 
84.0 30.0 
84.0 30.0 
84.0 30.0 
84.0 30.0 
100.0 75.0 
100.0 75.0 
100.0 75.0 
80.0 69.0 
80.0 69.0 
11.0 3.0 
63.0 49.0 
82.0 68.0 
82.0 68.0 
