16.0 15.0 
16.0 15.0 
16.0 15.0 
16.0 15.0 
16.0 15.0 
16.0 15.0 
16.0 15.0 
16.0 15.0 
16.0 15.0 
16.0 15.0 
16.0 15.0 
16.0 15.0 
16.0 15.0 
16.0 15.0 
16.0 15.0 
16.0 15.0 
16.0 15.0 
16.0 15.0 
16.0 15.0 
16.0 15.0 
16.0 15.0 
16.0 15.0 
16.0 15.0 
16.0 15.0 
16.0 15.0 
16.0 15.0 
16.0 15.0 
16.0 15.0 
16.0 15.0 
16.0 15.0 
16.0 15.0 
16.0 15.0 
16.0 15.0 
16.0 15.0 
16.0 15.0 
16.0 15.0 
16.0 15.0 
16.0 15.0 
16.0 15.0 
16.0 15.0 
16.0 15.0 
16.0 15.0 
16.0 15.0 
16.0 15.0 
16.0 15.0 
16.0 15.0 
16.0 15.0 
16.0 15.0 
16.0 15.0 
16.0 15.0 
16.0 15.0 
16.0 15.0 
16.0 15.0 
16.0 15.0 
16.0 15.0 
16.0 15.0 
16.0 15.0 
16.0 15.0 
16.0 15.0 
16.0 15.0 
16.0 15.0 
43.0 4.0 
43.0 4.0 
43.0 4.0 
43.0 4.0 
43.0 4.0 
43.0 4.0 
43.0 4.0 
17.0 4.0 
17.0 4.0 
17.0 4.0 
17.0 4.0 
17.0 4.0 
18.0 11.0 
58.0 41.0 
58.0 41.0 
74.0 9.0 
25.0 16.0 
64.0 53.0 
64.0 53.0 
