55.0 54.0 
55.0 54.0 
55.0 54.0 
55.0 54.0 
55.0 54.0 
55.0 54.0 
55.0 54.0 
55.0 54.0 
55.0 54.0 
55.0 54.0 
55.0 54.0 
55.0 54.0 
55.0 54.0 
55.0 54.0 
55.0 54.0 
55.0 54.0 
55.0 54.0 
55.0 54.0 
55.0 54.0 
55.0 54.0 
55.0 54.0 
55.0 54.0 
55.0 54.0 
55.0 54.0 
55.0 54.0 
55.0 54.0 
55.0 54.0 
55.0 54.0 
55.0 54.0 
55.0 54.0 
55.0 54.0 
55.0 54.0 
55.0 54.0 
55.0 54.0 
55.0 54.0 
55.0 54.0 
55.0 54.0 
55.0 54.0 
55.0 54.0 
55.0 54.0 
55.0 54.0 
55.0 54.0 
55.0 54.0 
55.0 54.0 
55.0 54.0 
55.0 54.0 
55.0 54.0 
55.0 54.0 
55.0 54.0 
55.0 54.0 
55.0 54.0 
55.0 54.0 
55.0 54.0 
55.0 54.0 
55.0 54.0 
55.0 54.0 
100.0 23.0 
100.0 23.0 
100.0 23.0 
100.0 23.0 
100.0 23.0 
100.0 23.0 
100.0 23.0 
100.0 23.0 
100.0 23.0 
100.0 23.0 
100.0 23.0 
100.0 23.0 
100.0 23.0 
100.0 23.0 
99.0 16.0 
33.0 5.0 
33.0 5.0 
33.0 5.0 
80.0 71.0 
52.0 9.0 
85.0 43.0 
100.0 75.0 
28.0 21.0 
28.0 21.0 
