86.0 85.0 
86.0 85.0 
86.0 85.0 
86.0 85.0 
86.0 85.0 
86.0 85.0 
86.0 85.0 
86.0 85.0 
86.0 85.0 
86.0 85.0 
86.0 85.0 
86.0 85.0 
86.0 85.0 
86.0 85.0 
86.0 85.0 
86.0 85.0 
86.0 85.0 
86.0 85.0 
86.0 85.0 
86.0 85.0 
86.0 85.0 
86.0 85.0 
86.0 85.0 
86.0 85.0 
86.0 85.0 
86.0 85.0 
86.0 85.0 
86.0 85.0 
86.0 85.0 
76.0 6.0 
76.0 6.0 
76.0 6.0 
76.0 6.0 
76.0 6.0 
76.0 6.0 
76.0 6.0 
76.0 6.0 
76.0 6.0 
76.0 6.0 
76.0 6.0 
76.0 6.0 
76.0 6.0 
76.0 6.0 
76.0 6.0 
76.0 6.0 
76.0 6.0 
76.0 6.0 
76.0 6.0 
76.0 6.0 
76.0 6.0 
76.0 6.0 
76.0 6.0 
76.0 6.0 
76.0 6.0 
76.0 6.0 
76.0 6.0 
76.0 6.0 
76.0 6.0 
76.0 6.0 
76.0 6.0 
76.0 6.0 
76.0 6.0 
76.0 6.0 
76.0 6.0 
76.0 6.0 
76.0 6.0 
76.0 6.0 
76.0 6.0 
47.0 22.0 
98.0 65.0 
98.0 65.0 
89.0 50.0 
89.0 50.0 
89.0 50.0 
86.0 37.0 
77.0 7.0 
77.0 7.0 
60.0 40.0 
58.0 49.0 
58.0 49.0 
