99.0 98.0 
99.0 98.0 
99.0 98.0 
99.0 98.0 
99.0 98.0 
99.0 98.0 
99.0 98.0 
99.0 98.0 
99.0 98.0 
99.0 98.0 
99.0 98.0 
99.0 98.0 
99.0 98.0 
99.0 98.0 
99.0 98.0 
99.0 98.0 
99.0 98.0 
99.0 98.0 
98.0 84.0 
98.0 84.0 
98.0 84.0 
98.0 84.0 
98.0 84.0 
98.0 84.0 
98.0 84.0 
98.0 84.0 
98.0 84.0 
98.0 84.0 
98.0 84.0 
98.0 84.0 
98.0 84.0 
98.0 84.0 
98.0 84.0 
98.0 84.0 
98.0 84.0 
98.0 84.0 
98.0 84.0 
98.0 84.0 
98.0 84.0 
98.0 84.0 
98.0 84.0 
98.0 84.0 
98.0 84.0 
98.0 84.0 
98.0 84.0 
98.0 84.0 
98.0 84.0 
98.0 84.0 
48.0 26.0 
48.0 26.0 
48.0 26.0 
48.0 26.0 
48.0 26.0 
48.0 26.0 
48.0 26.0 
48.0 26.0 
48.0 26.0 
48.0 26.0 
48.0 26.0 
48.0 26.0 
48.0 26.0 
85.0 20.0 
85.0 20.0 
85.0 20.0 
85.0 20.0 
85.0 20.0 
66.0 3.0 
66.0 3.0 
66.0 3.0 
66.0 3.0 
66.0 3.0 
34.0 26.0 
34.0 26.0 
39.0 14.0 
39.0 14.0 
46.0 8.0 
46.0 8.0 
35.0 4.0 
35.0 4.0 
35.0 4.0 
