60.0 59.0 
60.0 59.0 
60.0 59.0 
60.0 59.0 
60.0 59.0 
60.0 59.0 
60.0 59.0 
60.0 59.0 
60.0 59.0 
60.0 59.0 
60.0 59.0 
60.0 59.0 
60.0 59.0 
60.0 59.0 
60.0 59.0 
60.0 59.0 
60.0 59.0 
60.0 59.0 
38.0 24.0 
38.0 24.0 
38.0 24.0 
38.0 24.0 
38.0 24.0 
38.0 24.0 
38.0 24.0 
38.0 24.0 
38.0 24.0 
38.0 24.0 
38.0 24.0 
38.0 24.0 
38.0 24.0 
38.0 24.0 
38.0 24.0 
38.0 24.0 
38.0 24.0 
38.0 24.0 
38.0 24.0 
38.0 24.0 
38.0 24.0 
38.0 24.0 
38.0 24.0 
38.0 24.0 
38.0 24.0 
38.0 24.0 
38.0 24.0 
38.0 24.0 
38.0 24.0 
72.0 30.0 
72.0 30.0 
53.0 3.0 
53.0 3.0 
53.0 3.0 
26.0 1.0 
26.0 1.0 
26.0 1.0 
26.0 1.0 
26.0 1.0 
26.0 1.0 
26.0 1.0 
26.0 1.0 
26.0 1.0 
26.0 1.0 
26.0 1.0 
26.0 1.0 
26.0 1.0 
26.0 1.0 
12.0 2.0 
12.0 2.0 
12.0 2.0 
12.0 2.0 
12.0 2.0 
12.0 2.0 
12.0 2.0 
12.0 2.0 
12.0 2.0 
35.0 22.0 
35.0 22.0 
98.0 74.0 
68.0 38.0 
68.0 38.0 
