77.0 76.0 
77.0 76.0 
77.0 76.0 
77.0 76.0 
77.0 76.0 
77.0 76.0 
77.0 76.0 
77.0 76.0 
77.0 76.0 
77.0 76.0 
77.0 76.0 
77.0 76.0 
77.0 76.0 
77.0 76.0 
77.0 76.0 
77.0 76.0 
77.0 76.0 
77.0 76.0 
77.0 76.0 
77.0 76.0 
77.0 76.0 
77.0 76.0 
77.0 76.0 
77.0 76.0 
77.0 76.0 
77.0 76.0 
77.0 76.0 
77.0 76.0 
77.0 76.0 
77.0 76.0 
77.0 76.0 
77.0 76.0 
77.0 76.0 
77.0 76.0 
77.0 76.0 
77.0 76.0 
77.0 76.0 
77.0 76.0 
77.0 76.0 
77.0 76.0 
77.0 76.0 
77.0 76.0 
77.0 76.0 
77.0 76.0 
77.0 76.0 
77.0 76.0 
77.0 76.0 
77.0 76.0 
77.0 76.0 
77.0 76.0 
77.0 76.0 
77.0 76.0 
77.0 76.0 
77.0 76.0 
77.0 76.0 
77.0 76.0 
77.0 76.0 
77.0 76.0 
77.0 76.0 
77.0 76.0 
77.0 76.0 
77.0 76.0 
77.0 76.0 
77.0 76.0 
77.0 76.0 
77.0 76.0 
77.0 76.0 
77.0 76.0 
77.0 76.0 
56.0 10.0 
56.0 10.0 
56.0 10.0 
42.0 10.0 
27.0 9.0 
59.0 49.0 
54.0 47.0 
23.0 13.0 
87.0 21.0 
96.0 6.0 
96.0 6.0 
