59.0 28.0 57.0 70.0 18.0 
59.0 28.0 57.0 70.0 18.0 
59.0 28.0 57.0 70.0 18.0 
59.0 28.0 57.0 70.0 18.0 
75.0 72.0 62.0 40.0 22.0 
75.0 72.0 62.0 40.0 22.0 
75.0 72.0 62.0 40.0 22.0 
75.0 72.0 62.0 40.0 22.0 
75.0 72.0 62.0 40.0 22.0 
75.0 72.0 62.0 40.0 22.0 
75.0 72.0 62.0 40.0 22.0 
75.0 72.0 62.0 40.0 22.0 
75.0 72.0 62.0 40.0 22.0 
75.0 72.0 62.0 40.0 22.0 
75.0 72.0 62.0 40.0 22.0 
75.0 72.0 62.0 40.0 22.0 
75.0 72.0 62.0 40.0 22.0 
25.0 95.0 65.0 83.0 12.0 
53.0 26.0 42.0 98.0 45.0 
53.0 26.0 42.0 98.0 45.0 
