90.0 45.0 22.0 45.0 24.0 
90.0 45.0 22.0 45.0 24.0 
90.0 45.0 22.0 45.0 24.0 
90.0 45.0 22.0 45.0 24.0 
90.0 45.0 22.0 45.0 24.0 
90.0 45.0 22.0 45.0 24.0 
90.0 45.0 22.0 45.0 24.0 
90.0 45.0 22.0 45.0 24.0 
90.0 45.0 22.0 45.0 24.0 
90.0 45.0 22.0 45.0 24.0 
90.0 45.0 22.0 45.0 24.0 
90.0 45.0 22.0 45.0 24.0 
90.0 45.0 22.0 45.0 24.0 
90.0 45.0 22.0 45.0 24.0 
90.0 45.0 22.0 45.0 24.0 
90.0 45.0 22.0 45.0 24.0 
12.0 73.0 45.0 96.0 85.0 
19.0 45.0 43.0 15.0 24.0 
70.0 43.0 35.0 22.0 21.0 
70.0 43.0 35.0 22.0 21.0 
