88.0 93.0 25.0 100.0 15.0 
88.0 93.0 25.0 100.0 15.0 
88.0 93.0 25.0 100.0 15.0 
40.0 36.0 38.0 53.0 13.0 
40.0 36.0 38.0 53.0 13.0 
40.0 36.0 38.0 53.0 13.0 
40.0 36.0 38.0 53.0 13.0 
40.0 36.0 38.0 53.0 13.0 
29.0 51.0 23.0 30.0 96.0 
29.0 51.0 23.0 30.0 96.0 
29.0 51.0 23.0 30.0 96.0 
29.0 51.0 23.0 30.0 96.0 
29.0 51.0 23.0 30.0 96.0 
29.0 51.0 23.0 30.0 96.0 
29.0 51.0 23.0 30.0 96.0 
29.0 51.0 23.0 30.0 96.0 
29.0 51.0 23.0 30.0 96.0 
29.0 51.0 23.0 30.0 96.0 
38.0 78.0 12.0 79.0 52.0 
38.0 78.0 12.0 79.0 52.0 
