27.0 35.0 88.0 77.0 14.0 
27.0 35.0 88.0 77.0 14.0 
27.0 35.0 88.0 77.0 14.0 
27.0 35.0 88.0 77.0 14.0 
27.0 35.0 88.0 77.0 14.0 
27.0 35.0 88.0 77.0 14.0 
27.0 35.0 88.0 77.0 14.0 
27.0 35.0 88.0 77.0 14.0 
68.0 13.0 62.0 69.0 19.0 
68.0 13.0 62.0 69.0 19.0 
99.0 37.0 68.0 63.0 79.0 
99.0 37.0 68.0 63.0 79.0 
99.0 37.0 68.0 63.0 79.0 
99.0 37.0 68.0 63.0 79.0 
99.0 37.0 68.0 63.0 79.0 
48.0 49.0 45.0 72.0 58.0 
48.0 49.0 45.0 72.0 58.0 
48.0 49.0 45.0 72.0 58.0 
48.0 49.0 45.0 72.0 58.0 
48.0 49.0 45.0 72.0 58.0 
