59.0 35.0 87.0 79.0 84.0 
59.0 35.0 87.0 79.0 84.0 
59.0 35.0 87.0 79.0 84.0 
19.0 71.0 18.0 19.0 84.0 
19.0 71.0 18.0 19.0 84.0 
19.0 71.0 18.0 19.0 84.0 
19.0 71.0 18.0 19.0 84.0 
19.0 71.0 18.0 19.0 84.0 
19.0 71.0 18.0 19.0 84.0 
19.0 71.0 18.0 19.0 84.0 
19.0 71.0 18.0 19.0 84.0 
19.0 71.0 18.0 19.0 84.0 
19.0 71.0 18.0 19.0 84.0 
19.0 71.0 18.0 19.0 84.0 
19.0 71.0 18.0 19.0 84.0 
100.0 19.0 90.0 22.0 71.0 
100.0 19.0 90.0 22.0 71.0 
100.0 19.0 90.0 22.0 71.0 
63.0 59.0 70.0 33.0 48.0 
63.0 59.0 70.0 33.0 48.0 
