83.0 79.0 83.0 55.0 47.0 
83.0 79.0 83.0 55.0 47.0 
83.0 79.0 83.0 55.0 47.0 
83.0 79.0 83.0 55.0 47.0 
83.0 79.0 83.0 55.0 47.0 
83.0 79.0 83.0 55.0 47.0 
83.0 79.0 83.0 55.0 47.0 
83.0 79.0 83.0 55.0 47.0 
83.0 79.0 83.0 55.0 47.0 
87.0 67.0 100.0 36.0 19.0 
87.0 67.0 100.0 36.0 19.0 
87.0 67.0 100.0 36.0 19.0 
87.0 67.0 100.0 36.0 19.0 
87.0 67.0 100.0 36.0 19.0 
87.0 67.0 100.0 36.0 19.0 
87.0 67.0 100.0 36.0 19.0 
34.0 66.0 18.0 41.0 30.0 
92.0 88.0 81.0 30.0 59.0 
94.0 85.0 65.0 56.0 84.0 
94.0 85.0 65.0 56.0 84.0 
