44.0 67.0 16.0 58.0 95.0 
44.0 67.0 16.0 58.0 95.0 
44.0 67.0 16.0 58.0 95.0 
66.0 75.0 79.0 74.0 91.0 
66.0 75.0 79.0 74.0 91.0 
66.0 75.0 79.0 74.0 91.0 
66.0 75.0 79.0 74.0 91.0 
66.0 75.0 79.0 74.0 91.0 
66.0 75.0 79.0 74.0 91.0 
66.0 75.0 79.0 74.0 91.0 
66.0 75.0 79.0 74.0 91.0 
66.0 75.0 79.0 74.0 91.0 
55.0 22.0 87.0 46.0 80.0 
55.0 22.0 87.0 46.0 80.0 
55.0 22.0 87.0 46.0 80.0 
55.0 22.0 87.0 46.0 80.0 
55.0 22.0 87.0 46.0 80.0 
61.0 98.0 89.0 31.0 19.0 
26.0 83.0 33.0 98.0 54.0 
26.0 83.0 33.0 98.0 54.0 
