18.0 83.0 76.0 63.0 67.0 
18.0 83.0 76.0 63.0 67.0 
18.0 83.0 76.0 63.0 67.0 
18.0 83.0 76.0 63.0 67.0 
18.0 83.0 76.0 63.0 67.0 
18.0 83.0 76.0 63.0 67.0 
18.0 83.0 76.0 63.0 67.0 
18.0 83.0 76.0 63.0 67.0 
18.0 83.0 76.0 63.0 67.0 
18.0 83.0 76.0 63.0 67.0 
46.0 36.0 36.0 55.0 59.0 
46.0 36.0 36.0 55.0 59.0 
46.0 36.0 36.0 55.0 59.0 
46.0 36.0 36.0 55.0 59.0 
46.0 36.0 36.0 55.0 59.0 
46.0 36.0 36.0 55.0 59.0 
42.0 58.0 35.0 67.0 70.0 
95.0 100.0 11.0 11.0 65.0 
65.0 26.0 66.0 76.0 15.0 
65.0 26.0 66.0 76.0 15.0 
