16.0 12.0 45.0 23.0 44.0 
16.0 12.0 45.0 23.0 44.0 
16.0 12.0 45.0 23.0 44.0 
16.0 12.0 45.0 23.0 44.0 
33.0 44.0 69.0 69.0 76.0 
33.0 44.0 69.0 69.0 76.0 
33.0 44.0 69.0 69.0 76.0 
33.0 44.0 69.0 69.0 76.0 
33.0 44.0 69.0 69.0 76.0 
33.0 44.0 69.0 69.0 76.0 
33.0 44.0 69.0 69.0 76.0 
33.0 44.0 69.0 69.0 76.0 
33.0 44.0 69.0 69.0 76.0 
11.0 22.0 34.0 56.0 91.0 
11.0 22.0 34.0 56.0 91.0 
11.0 22.0 34.0 56.0 91.0 
11.0 22.0 34.0 56.0 91.0 
100.0 98.0 17.0 31.0 94.0 
12.0 26.0 96.0 43.0 13.0 
12.0 26.0 96.0 43.0 13.0 
