33.0 21.0 61.0 47.0 33.0 
33.0 21.0 61.0 47.0 33.0 
33.0 21.0 61.0 47.0 33.0 
33.0 21.0 61.0 47.0 33.0 
33.0 21.0 61.0 47.0 33.0 
33.0 21.0 61.0 47.0 33.0 
33.0 21.0 61.0 47.0 33.0 
33.0 21.0 61.0 47.0 33.0 
33.0 21.0 61.0 47.0 33.0 
33.0 21.0 61.0 47.0 33.0 
33.0 21.0 61.0 47.0 33.0 
33.0 21.0 61.0 47.0 33.0 
33.0 21.0 61.0 47.0 33.0 
90.0 37.0 49.0 100.0 71.0 
49.0 96.0 16.0 58.0 82.0 
14.0 15.0 31.0 51.0 29.0 
14.0 15.0 31.0 51.0 29.0 
18.0 79.0 47.0 92.0 83.0 
18.0 79.0 47.0 92.0 83.0 
18.0 79.0 47.0 92.0 83.0 
