63.0 53.0 50.0 83.0 68.0 
63.0 53.0 50.0 83.0 68.0 
63.0 53.0 50.0 83.0 68.0 
62.0 28.0 34.0 37.0 90.0 
62.0 28.0 34.0 37.0 90.0 
62.0 28.0 34.0 37.0 90.0 
62.0 28.0 34.0 37.0 90.0 
62.0 28.0 34.0 37.0 90.0 
62.0 28.0 34.0 37.0 90.0 
62.0 28.0 34.0 37.0 90.0 
25.0 28.0 28.0 75.0 49.0 
25.0 28.0 28.0 75.0 49.0 
25.0 28.0 28.0 75.0 49.0 
25.0 28.0 28.0 75.0 49.0 
31.0 87.0 61.0 14.0 88.0 
31.0 87.0 61.0 14.0 88.0 
68.0 34.0 31.0 80.0 75.0 
68.0 34.0 31.0 80.0 75.0 
62.0 20.0 61.0 36.0 14.0 
62.0 20.0 61.0 36.0 14.0 
