49.0 44.0 48.0 81.0 23.0 
49.0 44.0 48.0 81.0 23.0 
49.0 44.0 48.0 81.0 23.0 
49.0 44.0 48.0 81.0 23.0 
49.0 44.0 48.0 81.0 23.0 
49.0 44.0 48.0 81.0 23.0 
49.0 44.0 48.0 81.0 23.0 
49.0 44.0 48.0 81.0 23.0 
49.0 44.0 48.0 81.0 23.0 
49.0 44.0 48.0 81.0 23.0 
16.0 32.0 31.0 77.0 36.0 
16.0 32.0 31.0 77.0 36.0 
16.0 32.0 31.0 77.0 36.0 
16.0 32.0 31.0 77.0 36.0 
16.0 32.0 31.0 77.0 36.0 
60.0 22.0 35.0 16.0 67.0 
25.0 76.0 53.0 38.0 21.0 
29.0 68.0 46.0 40.0 19.0 
54.0 95.0 81.0 21.0 21.0 
54.0 95.0 81.0 21.0 21.0 
