100.0 35.0 39.0 19.0 98.0 
100.0 35.0 39.0 19.0 98.0 
100.0 35.0 39.0 19.0 98.0 
100.0 35.0 39.0 19.0 98.0 
100.0 35.0 39.0 19.0 98.0 
54.0 76.0 67.0 22.0 24.0 
54.0 76.0 67.0 22.0 24.0 
54.0 76.0 67.0 22.0 24.0 
54.0 76.0 67.0 22.0 24.0 
54.0 76.0 67.0 22.0 24.0 
54.0 76.0 67.0 22.0 24.0 
54.0 76.0 67.0 22.0 24.0 
54.0 76.0 67.0 22.0 24.0 
54.0 76.0 67.0 22.0 24.0 
54.0 76.0 67.0 22.0 24.0 
30.0 56.0 75.0 40.0 17.0 
72.0 11.0 48.0 85.0 51.0 
63.0 45.0 36.0 50.0 33.0 
86.0 22.0 85.0 78.0 21.0 
86.0 22.0 85.0 78.0 21.0 
