57.0 47.0 73.0 67.0 92.0 
57.0 47.0 73.0 67.0 92.0 
57.0 47.0 73.0 67.0 92.0 
57.0 47.0 73.0 67.0 92.0 
57.0 47.0 73.0 67.0 92.0 
57.0 47.0 73.0 67.0 92.0 
57.0 47.0 73.0 67.0 92.0 
57.0 47.0 73.0 67.0 92.0 
57.0 47.0 73.0 67.0 92.0 
90.0 89.0 20.0 84.0 54.0 
90.0 89.0 20.0 84.0 54.0 
90.0 89.0 20.0 84.0 54.0 
17.0 87.0 55.0 54.0 25.0 
17.0 87.0 55.0 54.0 25.0 
17.0 87.0 55.0 54.0 25.0 
17.0 87.0 55.0 54.0 25.0 
94.0 23.0 65.0 91.0 71.0 
96.0 38.0 11.0 93.0 33.0 
83.0 50.0 64.0 82.0 79.0 
83.0 50.0 64.0 82.0 79.0 
