18.0 71.0 65.0 93.0 36.0 
18.0 71.0 65.0 93.0 36.0 
18.0 71.0 65.0 93.0 36.0 
18.0 71.0 65.0 93.0 36.0 
18.0 71.0 65.0 93.0 36.0 
18.0 71.0 65.0 93.0 36.0 
18.0 71.0 65.0 93.0 36.0 
18.0 71.0 65.0 93.0 36.0 
18.0 71.0 65.0 93.0 36.0 
43.0 35.0 65.0 27.0 82.0 
43.0 35.0 65.0 27.0 82.0 
43.0 35.0 65.0 27.0 82.0 
43.0 35.0 65.0 27.0 82.0 
43.0 35.0 65.0 27.0 82.0 
43.0 35.0 65.0 27.0 82.0 
22.0 55.0 81.0 16.0 41.0 
36.0 62.0 74.0 59.0 17.0 
48.0 64.0 14.0 43.0 70.0 
59.0 22.0 96.0 53.0 29.0 
59.0 22.0 96.0 53.0 29.0 
